id,num_views,num_votes,num_comments
343272,0,0,0
274860,0,0,0
43608,0,0,0
100942,0,0,0
21015,0,0,0
466,0,0,0
335585,0,0,0
250306,0,0,0
256256,0,0,0
250224,0,0,0
301741,0,0,0
216108,0,0,0
362202,0,0,0
190462,0,0,0
175783,0,0,0
334399,0,0,0
27350,0,0,0
238341,0,0,0
7193,0,0,0
85839,0,0,0
239194,0,0,0
299998,0,0,0
231254,0,0,0
243736,0,0,0
133420,0,0,0
201125,0,0,0
306469,0,0,0
308620,0,0,0
263315,0,0,0
360025,0,0,0
253072,0,0,0
181947,0,0,0
77715,0,0,0
207711,0,0,0
275048,0,0,0
268442,0,0,0
328501,0,0,0
188878,0,0,0
51381,0,0,0
88789,0,0,0
115037,0,0,0
261235,0,0,0
385269,0,0,0
195480,0,0,0
328500,0,0,0
277079,0,0,0
410002,0,0,0
279557,0,0,0
152238,0,0,0
270396,0,0,0
337988,0,0,0
188812,0,0,0
286241,0,0,0
196371,0,0,0
303293,0,0,0
93574,0,0,0
28548,0,0,0
346228,0,0,0
73588,0,0,0
374893,0,0,0
68342,0,0,0
287159,0,0,0
190404,0,0,0
274139,0,0,0
375893,0,0,0
407373,0,0,0
37162,0,0,0
149562,0,0,0
245488,0,0,0
74429,0,0,0
154479,0,0,0
186516,0,0,0
321101,0,0,0
362806,0,0,0
314658,0,0,0
2737,0,0,0
54115,0,0,0
111868,0,0,0
143604,0,0,0
126982,0,0,0
49830,0,0,0
229407,0,0,0
140378,0,0,0
217065,0,0,0
341355,0,0,0
125011,0,0,0
194730,0,0,0
140533,0,0,0
399619,0,0,0
390822,0,0,0
64267,0,0,0
107601,0,0,0
55343,0,0,0
296571,0,0,0
127521,0,0,0
47523,0,0,0
220827,0,0,0
141307,0,0,0
78000,0,0,0
10639,0,0,0
220260,0,0,0
382789,0,0,0
324691,0,0,0
36435,0,0,0
93597,0,0,0
369685,0,0,0
85038,0,0,0
145311,0,0,0
333363,0,0,0
340204,0,0,0
53724,0,0,0
352225,0,0,0
399622,0,0,0
377752,0,0,0
131613,0,0,0
307493,0,0,0
294632,0,0,0
1113,0,0,0
229256,0,0,0
348463,0,0,0
239936,0,0,0
2771,0,0,0
81114,0,0,0
195649,0,0,0
196336,0,0,0
44570,0,0,0
350015,0,0,0
221477,0,0,0
370760,0,0,0
365582,0,0,0
258513,0,0,0
138222,0,0,0
121337,0,0,0
296258,0,0,0
319037,0,0,0
192409,0,0,0
101462,0,0,0
211113,0,0,0
397419,0,0,0
144142,0,0,0
233399,0,0,0
11845,0,0,0
107581,0,0,0
309166,0,0,0
203585,0,0,0
56618,0,0,0
238325,0,0,0
136578,0,0,0
166099,0,0,0
195851,0,0,0
228711,0,0,0
223580,0,0,0
270541,0,0,0
62165,0,0,0
276566,0,0,0
44568,0,0,0
330599,0,0,0
282571,0,0,0
98259,0,0,0
39097,0,0,0
194291,0,0,0
300491,0,0,0
296372,0,0,0
371896,0,0,0
13715,0,0,0
160591,0,0,0
200334,0,0,0
355382,0,0,0
261728,0,0,0
163392,0,0,0
82147,0,0,0
65314,0,0,0
406370,0,0,0
349494,0,0,0
189435,0,0,0
59997,0,0,0
298748,0,0,0
67996,0,0,0
175403,0,0,0
130173,0,0,0
307906,0,0,0
11555,0,0,0
77473,0,0,0
315598,0,0,0
358377,0,0,0
242001,0,0,0
85657,0,0,0
139155,0,0,0
179387,0,0,0
119680,0,0,0
49232,0,0,0
35028,0,0,0
159384,0,0,0
276249,0,0,0
402732,0,0,0
245446,0,0,0
366701,0,0,0
98834,0,0,0
274898,0,0,0
297283,0,0,0
49331,0,0,0
291793,0,0,0
14118,0,0,0
288865,0,0,0
245309,0,0,0
21180,0,0,0
38877,0,0,0
151877,0,0,0
255423,0,0,0
275052,0,0,0
375772,0,0,0
304668,0,0,0
377951,0,0,0
111800,0,0,0
3524,0,0,0
63741,0,0,0
120813,0,0,0
297114,0,0,0
5656,0,0,0
161446,0,0,0
32361,0,0,0
318822,0,0,0
407838,0,0,0
230615,0,0,0
158849,0,0,0
364783,0,0,0
342647,0,0,0
221678,0,0,0
257861,0,0,0
247601,0,0,0
394923,0,0,0
37366,0,0,0
111987,0,0,0
318773,0,0,0
386004,0,0,0
341545,0,0,0
189433,0,0,0
40471,0,0,0
387925,0,0,0
347594,0,0,0
346468,0,0,0
108818,0,0,0
397584,0,0,0
33490,0,0,0
255850,0,0,0
315762,0,0,0
261019,0,0,0
342471,0,0,0
100719,0,0,0
67793,0,0,0
382958,0,0,0
91467,0,0,0
38861,0,0,0
186134,0,0,0
12715,0,0,0
361087,0,0,0
55173,0,0,0
279836,0,0,0
373286,0,0,0
47000,0,0,0
378675,0,0,0
332423,0,0,0
206001,0,0,0
29122,0,0,0
22222,0,0,0
86805,0,0,0
136867,0,0,0
42653,0,0,0
296829,0,0,0
300939,0,0,0
193538,0,0,0
160295,0,0,0
223675,0,0,0
300998,0,0,0
171234,0,0,0
377654,0,0,0
185087,0,0,0
32475,0,0,0
250116,0,0,0
64217,0,0,0
385284,0,0,0
343132,0,0,0
98107,0,0,0
409671,0,0,0
227900,0,0,0
406831,0,0,0
380841,0,0,0
132604,0,0,0
305094,0,0,0
229336,0,0,0
357318,0,0,0
79644,0,0,0
53960,0,0,0
245270,0,0,0
218242,0,0,0
290143,0,0,0
121147,0,0,0
281062,0,0,0
265405,0,0,0
37604,0,0,0
108522,0,0,0
111580,0,0,0
46900,0,0,0
203571,0,0,0
242797,0,0,0
408831,0,0,0
186834,0,0,0
19387,0,0,0
84781,0,0,0
133877,0,0,0
383731,0,0,0
388336,0,0,0
15053,0,0,0
297885,0,0,0
321624,0,0,0
160953,0,0,0
217162,0,0,0
210207,0,0,0
126439,0,0,0
228336,0,0,0
78851,0,0,0
58903,0,0,0
129844,0,0,0
363152,0,0,0
340386,0,0,0
41657,0,0,0
347216,0,0,0
50556,0,0,0
361581,0,0,0
27224,0,0,0
148597,0,0,0
329123,0,0,0
105268,0,0,0
38491,0,0,0
386147,0,0,0
154310,0,0,0
337688,0,0,0
123852,0,0,0
136883,0,0,0
11751,0,0,0
145404,0,0,0
402378,0,0,0
297659,0,0,0
54928,0,0,0
385,0,0,0
261633,0,0,0
379256,0,0,0
197333,0,0,0
368903,0,0,0
154461,0,0,0
147758,0,0,0
226349,0,0,0
309195,0,0,0
140580,0,0,0
268677,0,0,0
194382,0,0,0
47399,0,0,0
310948,0,0,0
192833,0,0,0
171540,0,0,0
93209,0,0,0
110705,0,0,0
339167,0,0,0
151464,0,0,0
387287,0,0,0
10928,0,0,0
115686,0,0,0
41370,0,0,0
244760,0,0,0
399900,0,0,0
67177,0,0,0
136965,0,0,0
394380,0,0,0
42043,0,0,0
237995,0,0,0
388062,0,0,0
91883,0,0,0
85979,0,0,0
343842,0,0,0
378851,0,0,0
293516,0,0,0
200127,0,0,0
355620,0,0,0
294496,0,0,0
39025,0,0,0
251558,0,0,0
45833,0,0,0
195409,0,0,0
217097,0,0,0
67287,0,0,0
35707,0,0,0
222551,0,0,0
183905,0,0,0
388821,0,0,0
44667,0,0,0
291126,0,0,0
250570,0,0,0
298535,0,0,0
314059,0,0,0
10892,0,0,0
366922,0,0,0
246737,0,0,0
166221,0,0,0
22421,0,0,0
192080,0,0,0
4245,0,0,0
406420,0,0,0
119520,0,0,0
408198,0,0,0
376717,0,0,0
217150,0,0,0
227022,0,0,0
80926,0,0,0
149473,0,0,0
380212,0,0,0
347404,0,0,0
379479,0,0,0
220949,0,0,0
236796,0,0,0
207706,0,0,0
318728,0,0,0
23089,0,0,0
155700,0,0,0
405391,0,0,0
342502,0,0,0
228254,0,0,0
44291,0,0,0
324057,0,0,0
190243,0,0,0
236155,0,0,0
333235,0,0,0
136891,0,0,0
266889,0,0,0
79449,0,0,0
149660,0,0,0
348120,0,0,0
259078,0,0,0
286663,0,0,0
312763,0,0,0
112820,0,0,0
66606,0,0,0
264660,0,0,0
348707,0,0,0
278899,0,0,0
209324,0,0,0
265934,0,0,0
241922,0,0,0
144139,0,0,0
292148,0,0,0
111447,0,0,0
336489,0,0,0
184792,0,0,0
199017,0,0,0
346927,0,0,0
185581,0,0,0
234562,0,0,0
137996,0,0,0
46537,0,0,0
41735,0,0,0
345099,0,0,0
68654,0,0,0
116404,0,0,0
180520,0,0,0
162895,0,0,0
124046,0,0,0
578,0,0,0
83238,0,0,0
137634,0,0,0
151870,0,0,0
382208,0,0,0
209040,0,0,0
277182,0,0,0
395448,0,0,0
13273,0,0,0
186290,0,0,0
378375,0,0,0
223093,0,0,0
400405,0,0,0
347248,0,0,0
353996,0,0,0
390903,0,0,0
87095,0,0,0
176828,0,0,0
402282,0,0,0
344272,0,0,0
361398,0,0,0
293262,0,0,0
105172,0,0,0
95382,0,0,0
207118,0,0,0
26537,0,0,0
147135,0,0,0
36415,0,0,0
215381,0,0,0
160723,0,0,0
59599,0,0,0
90322,0,0,0
293837,0,0,0
378720,0,0,0
206318,0,0,0
342415,0,0,0
306581,0,0,0
140679,0,0,0
179953,0,0,0
325732,0,0,0
253836,0,0,0
288945,0,0,0
296808,0,0,0
181612,0,0,0
35993,0,0,0
255296,0,0,0
79092,0,0,0
50984,0,0,0
16896,0,0,0
293143,0,0,0
183164,0,0,0
274985,0,0,0
396147,0,0,0
10986,0,0,0
389966,0,0,0
207660,0,0,0
144278,0,0,0
123988,0,0,0
334889,0,0,0
76444,0,0,0
353268,0,0,0
54921,0,0,0
53840,0,0,0
139036,0,0,0
226385,0,0,0
205059,0,0,0
315920,0,0,0
351076,0,0,0
400924,0,0,0
325823,0,0,0
313993,0,0,0
150218,0,0,0
387494,0,0,0
127962,0,0,0
130257,0,0,0
146626,0,0,0
161283,0,0,0
264092,0,0,0
287343,0,0,0
393381,0,0,0
14618,0,0,0
51040,0,0,0
219134,0,0,0
257587,0,0,0
268683,0,0,0
155506,0,0,0
93453,0,0,0
323454,0,0,0
236120,0,0,0
279331,0,0,0
201568,0,0,0
318534,0,0,0
222111,0,0,0
249058,0,0,0
144519,0,0,0
50235,0,0,0
203505,0,0,0
159746,0,0,0
13636,0,0,0
132376,0,0,0
293556,0,0,0
77054,0,0,0
8723,0,0,0
246231,0,0,0
361721,0,0,0
146516,0,0,0
41704,0,0,0
339920,0,0,0
347631,0,0,0
375515,0,0,0
287132,0,0,0
335525,0,0,0
151349,0,0,0
324996,0,0,0
312154,0,0,0
50117,0,0,0
128555,0,0,0
92539,0,0,0
325533,0,0,0
148466,0,0,0
275503,0,0,0
211622,0,0,0
152516,0,0,0
351905,0,0,0
110638,0,0,0
144769,0,0,0
113596,0,0,0
51307,0,0,0
116501,0,0,0
167438,0,0,0
142897,0,0,0
53287,0,0,0
75486,0,0,0
125152,0,0,0
853,0,0,0
107599,0,0,0
161907,0,0,0
308087,0,0,0
368750,0,0,0
297367,0,0,0
209513,0,0,0
291683,0,0,0
180142,0,0,0
46986,0,0,0
291781,0,0,0
4916,0,0,0
294223,0,0,0
306173,0,0,0
171500,0,0,0
28070,0,0,0
323481,0,0,0
155863,0,0,0
101743,0,0,0
345734,0,0,0
207088,0,0,0
32307,0,0,0
119217,0,0,0
269226,0,0,0
298765,0,0,0
327135,0,0,0
173481,0,0,0
401403,0,0,0
338872,0,0,0
343652,0,0,0
279279,0,0,0
145698,0,0,0
81045,0,0,0
252096,0,0,0
213199,0,0,0
243771,0,0,0
402086,0,0,0
170138,0,0,0
159778,0,0,0
311392,0,0,0
323552,0,0,0
17687,0,0,0
29083,0,0,0
50487,0,0,0
258627,0,0,0
193227,0,0,0
164594,0,0,0
269566,0,0,0
58421,0,0,0
27884,0,0,0
344188,0,0,0
177155,0,0,0
75562,0,0,0
113110,0,0,0
330473,0,0,0
171436,0,0,0
129348,0,0,0
304019,0,0,0
371084,0,0,0
352446,0,0,0
144391,0,0,0
158833,0,0,0
402401,0,0,0
161547,0,0,0
277810,0,0,0
11391,0,0,0
246615,0,0,0
37295,0,0,0
348221,0,0,0
94984,0,0,0
271335,0,0,0
53604,0,0,0
393745,0,0,0
29395,0,0,0
333520,0,0,0
71063,0,0,0
33253,0,0,0
57730,0,0,0
21734,0,0,0
108418,0,0,0
135836,0,0,0
36143,0,0,0
398862,0,0,0
304550,0,0,0
86076,0,0,0
369627,0,0,0
313071,0,0,0
32698,0,0,0
360317,0,0,0
43099,0,0,0
290919,0,0,0
336658,0,0,0
252139,0,0,0
244535,0,0,0
318206,0,0,0
230336,0,0,0
63097,0,0,0
195447,0,0,0
411217,0,0,0
150756,0,0,0
94067,0,0,0
51619,0,0,0
564,0,0,0
255637,0,0,0
314714,0,0,0
139819,0,0,0
91309,0,0,0
115335,0,0,0
220089,0,0,0
101081,0,0,0
68806,0,0,0
66971,0,0,0
401579,0,0,0
28145,0,0,0
22013,0,0,0
331090,0,0,0
318166,0,0,0
115809,0,0,0
408085,0,0,0
369819,0,0,0
332931,0,0,0
243082,0,0,0
403485,0,0,0
70316,0,0,0
49152,0,0,0
21151,0,0,0
224553,0,0,0
162320,0,0,0
109169,0,0,0
116677,0,0,0
53052,0,0,0
356134,0,0,0
230270,0,0,0
294294,0,0,0
105972,0,0,0
246975,0,0,0
259208,0,0,0
71001,0,0,0
265216,0,0,0
362439,0,0,0
172028,0,0,0
268193,0,0,0
85453,0,0,0
180992,0,0,0
46063,0,0,0
238540,0,0,0
166791,0,0,0
366918,0,0,0
280394,0,0,0
147631,0,0,0
309187,0,0,0
349592,0,0,0
233297,0,0,0
72010,0,0,0
351828,0,0,0
388729,0,0,0
244288,0,0,0
124680,0,0,0
143744,0,0,0
59673,0,0,0
136799,0,0,0
140492,0,0,0
43769,0,0,0
214909,0,0,0
231214,0,0,0
258979,0,0,0
344174,0,0,0
250925,0,0,0
408610,0,0,0
69642,0,0,0
60868,0,0,0
81330,0,0,0
149935,0,0,0
172587,0,0,0
307324,0,0,0
177071,0,0,0
48160,0,0,0
136419,0,0,0
179842,0,0,0
245127,0,0,0
396739,0,0,0
285409,0,0,0
66139,0,0,0
331707,0,0,0
371340,0,0,0
373101,0,0,0
121890,0,0,0
116197,0,0,0
405080,0,0,0
173066,0,0,0
242408,0,0,0
250987,0,0,0
270764,0,0,0
137636,0,0,0
196307,0,0,0
145970,0,0,0
203742,0,0,0
307051,0,0,0
166960,0,0,0
370833,0,0,0
84854,0,0,0
336737,0,0,0
10781,0,0,0
136505,0,0,0
202182,0,0,0
212671,0,0,0
109007,0,0,0
213201,0,0,0
276554,0,0,0
90215,0,0,0
303049,0,0,0
409342,0,0,0
34039,0,0,0
67706,0,0,0
32153,0,0,0
158199,0,0,0
228097,0,0,0
287416,0,0,0
82137,0,0,0
196043,0,0,0
170914,0,0,0
296041,0,0,0
238650,0,0,0
363766,0,0,0
264972,0,0,0
215462,0,0,0
376987,0,0,0
404512,0,0,0
66796,0,0,0
328921,0,0,0
310851,0,0,0
76633,0,0,0
317097,0,0,0
5942,0,0,0
221317,0,0,0
284277,0,0,0
25307,0,0,0
90925,0,0,0
368785,0,0,0
9141,0,0,0
228040,0,0,0
255569,0,0,0
67399,0,0,0
285565,0,0,0
201916,0,0,0
222788,0,0,0
69652,0,0,0
24759,0,0,0
406154,0,0,0
66270,0,0,0
197066,0,0,0
52294,0,0,0
257684,0,0,0
15394,0,0,0
126586,0,0,0
102386,0,0,0
275442,0,0,0
227295,0,0,0
54798,0,0,0
309358,0,0,0
61405,0,0,0
102822,0,0,0
128321,0,0,0
222866,0,0,0
63650,0,0,0
401488,0,0,0
251594,0,0,0
230772,0,0,0
254387,0,0,0
138997,0,0,0
191336,0,0,0
361873,0,0,0
328600,0,0,0
205588,0,0,0
43350,0,0,0
152262,0,0,0
327868,0,0,0
315773,0,0,0
37610,0,0,0
34770,0,0,0
395289,0,0,0
237911,0,0,0
303930,0,0,0
14764,0,0,0
155275,0,0,0
222638,0,0,0
303533,0,0,0
338216,0,0,0
47484,0,0,0
197309,0,0,0
83742,0,0,0
380230,0,0,0
128309,0,0,0
114146,0,0,0
317844,0,0,0
310094,0,0,0
188045,0,0,0
323494,0,0,0
98931,0,0,0
262948,0,0,0
5461,0,0,0
160399,0,0,0
8660,0,0,0
312474,0,0,0
51552,0,0,0
221238,0,0,0
297713,0,0,0
99765,0,0,0
249285,0,0,0
83229,0,0,0
273818,0,0,0
46044,0,0,0
211700,0,0,0
372399,0,0,0
229538,0,0,0
189325,0,0,0
10879,0,0,0
199276,0,0,0
392837,0,0,0
129846,0,0,0
184094,0,0,0
281903,0,0,0
220214,0,0,0
288701,0,0,0
301113,0,0,0
148212,0,0,0
21250,0,0,0
167682,0,0,0
284493,0,0,0
295965,0,0,0
171897,0,0,0
385963,0,0,0
87934,0,0,0
319051,0,0,0
77277,0,0,0
185727,0,0,0
137967,0,0,0
346235,0,0,0
388911,0,0,0
135288,0,0,0
31747,0,0,0
354154,0,0,0
201598,0,0,0
136067,0,0,0
203817,0,0,0
403403,0,0,0
78140,0,0,0
250064,0,0,0
252693,0,0,0
158369,0,0,0
162502,0,0,0
108143,0,0,0
170804,0,0,0
356863,0,0,0
8178,0,0,0
401088,0,0,0
157168,0,0,0
197213,0,0,0
31419,0,0,0
55370,0,0,0
55409,0,0,0
205064,0,0,0
134540,0,0,0
363430,0,0,0
38200,0,0,0
232780,0,0,0
35850,0,0,0
387112,0,0,0
210071,0,0,0
346391,0,0,0
121066,0,0,0
408978,0,0,0
108692,0,0,0
214780,0,0,0
34086,0,0,0
104208,0,0,0
39851,0,0,0
94588,0,0,0
199444,0,0,0
30199,0,0,0
113682,0,0,0
364651,0,0,0
185170,0,0,0
280086,0,0,0
1594,0,0,0
59726,0,0,0
165112,0,0,0
17630,0,0,0
235848,0,0,0
151982,0,0,0
221844,0,0,0
410958,0,0,0
80281,0,0,0
406393,0,0,0
99183,0,0,0
116866,0,0,0
48187,0,0,0
45228,0,0,0
17305,0,0,0
48295,0,0,0
171874,0,0,0
183837,0,0,0
57654,0,0,0
20829,0,0,0
123444,0,0,0
168024,0,0,0
220209,0,0,0
259608,0,0,0
152003,0,0,0
356816,0,0,0
140449,0,0,0
28050,0,0,0
80000,0,0,0
338763,0,0,0
255223,0,0,0
166529,0,0,0
136842,0,0,0
364803,0,0,0
338007,0,0,0
219858,0,0,0
241581,0,0,0
196117,0,0,0
214311,0,0,0
339451,0,0,0
294219,0,0,0
2898,0,0,0
383618,0,0,0
3491,0,0,0
26619,0,0,0
275798,0,0,0
199788,0,0,0
214092,0,0,0
181485,0,0,0
118387,0,0,0
389584,0,0,0
37965,0,0,0
258619,0,0,0
251571,0,0,0
89219,0,0,0
284928,0,0,0
332123,0,0,0
249053,0,0,0
160358,0,0,0
345820,0,0,0
357606,0,0,0
298996,0,0,0
61449,0,0,0
110514,0,0,0
348092,0,0,0
109340,0,0,0
13300,0,0,0
311809,0,0,0
404694,0,0,0
103517,0,0,0
240995,0,0,0
394055,0,0,0
142522,0,0,0
29508,0,0,0
395038,0,0,0
310638,0,0,0
142492,0,0,0
279860,0,0,0
100066,0,0,0
158831,0,0,0
331695,0,0,0
197321,0,0,0
190345,0,0,0
78044,0,0,0
365782,0,0,0
180956,0,0,0
385058,0,0,0
197341,0,0,0
303644,0,0,0
126562,0,0,0
48511,0,0,0
52131,0,0,0
405947,0,0,0
325044,0,0,0
39929,0,0,0
229132,0,0,0
366862,0,0,0
83424,0,0,0
43785,0,0,0
13966,0,0,0
324275,0,0,0
240025,0,0,0
293112,0,0,0
9240,0,0,0
242474,0,0,0
155638,0,0,0
394675,0,0,0
382398,0,0,0
257222,0,0,0
225754,0,0,0
86079,0,0,0
303134,0,0,0
409710,0,0,0
208923,0,0,0
324387,0,0,0
260059,0,0,0
150111,0,0,0
177906,0,0,0
276137,0,0,0
291059,0,0,0
363344,0,0,0
111166,0,0,0
108321,0,0,0
283062,0,0,0
404632,0,0,0
84006,0,0,0
292089,0,0,0
217208,0,0,0
104381,0,0,0
113362,0,0,0
370821,0,0,0
187054,0,0,0
90036,0,0,0
194257,0,0,0
131518,0,0,0
394892,0,0,0
295071,0,0,0
11182,0,0,0
163136,0,0,0
353632,0,0,0
329841,0,0,0
219224,0,0,0
305035,0,0,0
357140,0,0,0
346848,0,0,0
349823,0,0,0
160572,0,0,0
258086,0,0,0
71544,0,0,0
411419,0,0,0
307990,0,0,0
194533,0,0,0
238456,0,0,0
133236,0,0,0
165564,0,0,0
269173,0,0,0
271208,0,0,0
245159,0,0,0
218460,0,0,0
106194,0,0,0
383744,0,0,0
370052,0,0,0
72199,0,0,0
215635,0,0,0
363706,0,0,0
239126,0,0,0
404262,0,0,0
102110,0,0,0
13473,0,0,0
99557,0,0,0
171868,0,0,0
127336,0,0,0
180243,0,0,0
74583,0,0,0
146751,0,0,0
161165,0,0,0
375110,0,0,0
245708,0,0,0
118108,0,0,0
144729,0,0,0
187766,0,0,0
381434,0,0,0
78410,0,0,0
122351,0,0,0
149796,0,0,0
200745,0,0,0
228066,0,0,0
335545,0,0,0
55799,0,0,0
133257,0,0,0
136357,0,0,0
48773,0,0,0
220906,0,0,0
130402,0,0,0
178548,0,0,0
58921,0,0,0
395968,0,0,0
46666,0,0,0
71834,0,0,0
308052,0,0,0
21637,0,0,0
212524,0,0,0
281744,0,0,0
182811,0,0,0
304645,0,0,0
226337,0,0,0
56138,0,0,0
291033,0,0,0
277657,0,0,0
277120,0,0,0
313783,0,0,0
157260,0,0,0
21833,0,0,0
86245,0,0,0
195383,0,0,0
257152,0,0,0
205203,0,0,0
102245,0,0,0
216148,0,0,0
34333,0,0,0
104913,0,0,0
389796,0,0,0
221917,0,0,0
61673,0,0,0
303662,0,0,0
283197,0,0,0
218988,0,0,0
362460,0,0,0
204530,0,0,0
26153,0,0,0
259366,0,0,0
95925,0,0,0
161586,0,0,0
248130,0,0,0
377496,0,0,0
324382,0,0,0
398611,0,0,0
42383,0,0,0
246924,0,0,0
398545,0,0,0
44727,0,0,0
242588,0,0,0
94576,0,0,0
301513,0,0,0
106527,0,0,0
199529,0,0,0
192488,0,0,0
2086,0,0,0
286652,0,0,0
384426,0,0,0
81153,0,0,0
366088,0,0,0
88594,0,0,0
51806,0,0,0
12868,0,0,0
227989,0,0,0
378803,0,0,0
219149,0,0,0
356352,0,0,0
390338,0,0,0
170051,0,0,0
78246,0,0,0
277896,0,0,0
287207,0,0,0
320281,0,0,0
153434,0,0,0
222132,0,0,0
342097,0,0,0
291955,0,0,0
89634,0,0,0
27660,0,0,0
306710,0,0,0
248874,0,0,0
13729,0,0,0
179885,0,0,0
61455,0,0,0
259167,0,0,0
80048,0,0,0
15046,0,0,0
28869,0,0,0
242548,0,0,0
134063,0,0,0
317137,0,0,0
20454,0,0,0
124609,0,0,0
141732,0,0,0
190540,0,0,0
229246,0,0,0
82556,0,0,0
236925,0,0,0
69218,0,0,0
277856,0,0,0
277519,0,0,0
120290,0,0,0
88184,0,0,0
230394,0,0,0
316805,0,0,0
42436,0,0,0
148780,0,0,0
164077,0,0,0
391246,0,0,0
46595,0,0,0
105998,0,0,0
176918,0,0,0
272796,0,0,0
161217,0,0,0
368639,0,0,0
297801,0,0,0
312253,0,0,0
84914,0,0,0
283300,0,0,0
71282,0,0,0
317263,0,0,0
140234,0,0,0
313674,0,0,0
50777,0,0,0
297060,0,0,0
397647,0,0,0
92033,0,0,0
240999,0,0,0
345556,0,0,0
154572,0,0,0
312866,0,0,0
175122,0,0,0
370328,0,0,0
168381,0,0,0
338635,0,0,0
65220,0,0,0
75403,0,0,0
334905,0,0,0
165579,0,0,0
342065,0,0,0
236253,0,0,0
225597,0,0,0
160063,0,0,0
350870,0,0,0
48535,0,0,0
239191,0,0,0
256834,0,0,0
360701,0,0,0
109802,0,0,0
290738,0,0,0
177692,0,0,0
43954,0,0,0
325891,0,0,0
306177,0,0,0
254345,0,0,0
184254,0,0,0
147806,0,0,0
174658,0,0,0
321336,0,0,0
336792,0,0,0
37837,0,0,0
291115,0,0,0
31993,0,0,0
187573,0,0,0
299303,0,0,0
44672,0,0,0
383151,0,0,0
283813,0,0,0
25694,0,0,0
175891,0,0,0
44743,0,0,0
358736,0,0,0
159771,0,0,0
61074,0,0,0
193190,0,0,0
316360,0,0,0
356024,0,0,0
17299,0,0,0
174155,0,0,0
267775,0,0,0
83149,0,0,0
118044,0,0,0
367067,0,0,0
193868,0,0,0
396705,0,0,0
199386,0,0,0
50003,0,0,0
114069,0,0,0
285227,0,0,0
351700,0,0,0
116244,0,0,0
61612,0,0,0
234237,0,0,0
129028,0,0,0
355765,0,0,0
259730,0,0,0
140656,0,0,0
102474,0,0,0
219038,0,0,0
233631,0,0,0
102317,0,0,0
55970,0,0,0
309525,0,0,0
228539,0,0,0
41791,0,0,0
381868,0,0,0
108462,0,0,0
234017,0,0,0
204263,0,0,0
279359,0,0,0
274476,0,0,0
196306,0,0,0
178433,0,0,0
261081,0,0,0
21154,0,0,0
197303,0,0,0
192979,0,0,0
179712,0,0,0
321350,0,0,0
85245,0,0,0
310404,0,0,0
206188,0,0,0
398168,0,0,0
196173,0,0,0
110100,0,0,0
334771,0,0,0
255934,0,0,0
180376,0,0,0
241603,0,0,0
83641,0,0,0
288219,0,0,0
207825,0,0,0
164489,0,0,0
59643,0,0,0
295991,0,0,0
109389,0,0,0
192632,0,0,0
42656,0,0,0
105558,0,0,0
104247,0,0,0
320994,0,0,0
130427,0,0,0
123761,0,0,0
133233,0,0,0
409579,0,0,0
254646,0,0,0
929,0,0,0
328697,0,0,0
55707,0,0,0
232211,0,0,0
386462,0,0,0
192047,0,0,0
88179,0,0,0
360307,0,0,0
181427,0,0,0
222380,0,0,0
48767,0,0,0
12088,0,0,0
184420,0,0,0
31705,0,0,0
140972,0,0,0
211547,0,0,0
390532,0,0,0
33051,0,0,0
322243,0,0,0
187301,0,0,0
280243,0,0,0
399060,0,0,0
231876,0,0,0
311990,0,0,0
226458,0,0,0
358341,0,0,0
120029,0,0,0
295718,0,0,0
275200,0,0,0
79015,0,0,0
394754,0,0,0
28875,0,0,0
294584,0,0,0
333224,0,0,0
217021,0,0,0
174921,0,0,0
159014,0,0,0
118076,0,0,0
36322,0,0,0
62990,0,0,0
334126,0,0,0
160955,0,0,0
260747,0,0,0
391158,0,0,0
173763,0,0,0
394533,0,0,0
116447,0,0,0
347845,0,0,0
278357,0,0,0
309581,0,0,0
150567,0,0,0
374501,0,0,0
341981,0,0,0
385172,0,0,0
128078,0,0,0
353189,0,0,0
12740,0,0,0
289816,0,0,0
27227,0,0,0
354496,0,0,0
245564,0,0,0
340321,0,0,0
356258,0,0,0
135772,0,0,0
316921,0,0,0
267834,0,0,0
145825,0,0,0
9879,0,0,0
124224,0,0,0
220606,0,0,0
76802,0,0,0
401194,0,0,0
96029,0,0,0
83975,0,0,0
208445,0,0,0
264616,0,0,0
366573,0,0,0
5377,0,0,0
80658,0,0,0
297434,0,0,0
152376,0,0,0
103518,0,0,0
359863,0,0,0
84204,0,0,0
200200,0,0,0
281793,0,0,0
190630,0,0,0
9545,0,0,0
18986,0,0,0
254451,0,0,0
371147,0,0,0
248027,0,0,0
207327,0,0,0
399372,0,0,0
78091,0,0,0
218773,0,0,0
378178,0,0,0
188703,0,0,0
338876,0,0,0
12421,0,0,0
313048,0,0,0
163546,0,0,0
145999,0,0,0
100294,0,0,0
45173,0,0,0
312458,0,0,0
204868,0,0,0
147786,0,0,0
398470,0,0,0
382028,0,0,0
291559,0,0,0
370560,0,0,0
289263,0,0,0
388508,0,0,0
138879,0,0,0
85124,0,0,0
185984,0,0,0
314351,0,0,0
193610,0,0,0
391758,0,0,0
331849,0,0,0
216284,0,0,0
148012,0,0,0
355556,0,0,0
172785,0,0,0
250921,0,0,0
187189,0,0,0
288262,0,0,0
173761,0,0,0
407562,0,0,0
152282,0,0,0
172251,0,0,0
19945,0,0,0
82479,0,0,0
207954,0,0,0
324663,0,0,0
161491,0,0,0
127570,0,0,0
231651,0,0,0
37587,0,0,0
20322,0,0,0
91439,0,0,0
377368,0,0,0
385741,0,0,0
234219,0,0,0
401242,0,0,0
264070,0,0,0
122956,0,0,0
110509,0,0,0
259110,0,0,0
321970,0,0,0
405137,0,0,0
88723,0,0,0
258288,0,0,0
327872,0,0,0
36234,0,0,0
281559,0,0,0
340645,0,0,0
109323,0,0,0
63900,0,0,0
67609,0,0,0
350190,0,0,0
146229,0,0,0
213918,0,0,0
98598,0,0,0
146464,0,0,0
121811,0,0,0
247165,0,0,0
127649,0,0,0
51431,0,0,0
7773,0,0,0
49707,0,0,0
224483,0,0,0
64074,0,0,0
111122,0,0,0
179635,0,0,0
118051,0,0,0
246297,0,0,0
95303,0,0,0
127182,0,0,0
328570,0,0,0
307738,0,0,0
57454,0,0,0
239937,0,0,0
242198,0,0,0
150303,0,0,0
123492,0,0,0
13318,0,0,0
125969,0,0,0
109424,0,0,0
252109,0,0,0
234877,0,0,0
326152,0,0,0
149184,0,0,0
367832,0,0,0
183548,0,0,0
234023,0,0,0
317168,0,0,0
340671,0,0,0
384735,0,0,0
31202,0,0,0
355806,0,0,0
171428,0,0,0
215642,0,0,0
68734,0,0,0
253139,0,0,0
66223,0,0,0
95514,0,0,0
10187,0,0,0
171306,0,0,0
239006,0,0,0
382693,0,0,0
151459,0,0,0
80688,0,0,0
373243,0,0,0
106638,0,0,0
178553,0,0,0
269230,0,0,0
168180,0,0,0
12736,0,0,0
397016,0,0,0
215906,0,0,0
351900,0,0,0
217868,0,0,0
244061,0,0,0
159889,0,0,0
13013,0,0,0
308168,0,0,0
75538,0,0,0
363239,0,0,0
287220,0,0,0
376409,0,0,0
393229,0,0,0
39064,0,0,0
330563,0,0,0
347647,0,0,0
65787,0,0,0
196929,0,0,0
408408,0,0,0
171205,0,0,0
112303,0,0,0
230139,0,0,0
368234,0,0,0
298693,0,0,0
15644,0,0,0
55530,0,0,0
248786,0,0,0
12561,0,0,0
1965,0,0,0
19965,0,0,0
137709,0,0,0
409172,0,0,0
308313,0,0,0
242351,0,0,0
231185,0,0,0
330496,0,0,0
270044,0,0,0
34182,0,0,0
104285,0,0,0
255935,0,0,0
163401,0,0,0
182649,0,0,0
202279,0,0,0
270236,0,0,0
352593,0,0,0
245180,0,0,0
350587,0,0,0
242020,0,0,0
236156,0,0,0
265562,0,0,0
240033,0,0,0
312345,0,0,0
401924,0,0,0
14870,0,0,0
526,0,0,0
324190,0,0,0
174105,0,0,0
316742,0,0,0
365503,0,0,0
139212,0,0,0
305125,0,0,0
239418,0,0,0
235358,0,0,0
307996,0,0,0
398550,0,0,0
361025,0,0,0
180646,0,0,0
176453,0,0,0
264899,0,0,0
56556,0,0,0
115071,0,0,0
167868,0,0,0
138750,0,0,0
283571,0,0,0
368584,0,0,0
316564,0,0,0
27312,0,0,0
10011,0,0,0
16127,0,0,0
216145,0,0,0
155847,0,0,0
66117,0,0,0
287907,0,0,0
360118,0,0,0
406923,0,0,0
380124,0,0,0
343355,0,0,0
72480,0,0,0
126551,0,0,0
305912,0,0,0
12862,0,0,0
143731,0,0,0
111063,0,0,0
311325,0,0,0
405050,0,0,0
127442,0,0,0
315471,0,0,0
2334,0,0,0
394126,0,0,0
342903,0,0,0
139665,0,0,0
358355,0,0,0
322242,0,0,0
344931,0,0,0
396463,0,0,0
2919,0,0,0
190386,0,0,0
151324,0,0,0
275115,0,0,0
226284,0,0,0
213903,0,0,0
20866,0,0,0
84042,0,0,0
312318,0,0,0
274726,0,0,0
251457,0,0,0
302022,0,0,0
12957,0,0,0
151753,0,0,0
62333,0,0,0
263652,0,0,0
382430,0,0,0
187278,0,0,0
229584,0,0,0
124873,0,0,0
363280,0,0,0
139340,0,0,0
117777,0,0,0
393362,0,0,0
308042,0,0,0
17850,0,0,0
297947,0,0,0
390636,0,0,0
60434,0,0,0
272416,0,0,0
170451,0,0,0
286599,0,0,0
119583,0,0,0
288079,0,0,0
362894,0,0,0
279370,0,0,0
199381,0,0,0
80903,0,0,0
212925,0,0,0
179115,0,0,0
21683,0,0,0
137062,0,0,0
340750,0,0,0
2471,0,0,0
410621,0,0,0
268885,0,0,0
13767,0,0,0
292776,0,0,0
351229,0,0,0
141095,0,0,0
207647,0,0,0
6103,0,0,0
215568,0,0,0
234702,0,0,0
278384,0,0,0
171629,0,0,0
82719,0,0,0
105685,0,0,0
111442,0,0,0
3731,0,0,0
88299,0,0,0
309900,0,0,0
223001,0,0,0
259848,0,0,0
346220,0,0,0
225622,0,0,0
320372,0,0,0
142940,0,0,0
232418,0,0,0
203148,0,0,0
408720,0,0,0
205521,0,0,0
312978,0,0,0
211406,0,0,0
388777,0,0,0
209538,0,0,0
374999,0,0,0
57341,0,0,0
402040,0,0,0
179344,0,0,0
238371,0,0,0
9897,0,0,0
291988,0,0,0
307567,0,0,0
188068,0,0,0
197151,0,0,0
142372,0,0,0
86047,0,0,0
194142,0,0,0
319218,0,0,0
407983,0,0,0
239135,0,0,0
112651,0,0,0
279015,0,0,0
289692,0,0,0
80125,0,0,0
341367,0,0,0
41979,0,0,0
226679,0,0,0
192029,0,0,0
78671,0,0,0
346341,0,0,0
333275,0,0,0
76449,0,0,0
164724,0,0,0
62703,0,0,0
6902,0,0,0
133783,0,0,0
264575,0,0,0
28100,0,0,0
127038,0,0,0
95333,0,0,0
362907,0,0,0
165799,0,0,0
385934,0,0,0
152150,0,0,0
15790,0,0,0
196348,0,0,0
29908,0,0,0
354657,0,0,0
282934,0,0,0
143583,0,0,0
314756,0,0,0
64736,0,0,0
44845,0,0,0
353717,0,0,0
166904,0,0,0
16983,0,0,0
239077,0,0,0
170693,0,0,0
361160,0,0,0
90231,0,0,0
385016,0,0,0
385233,0,0,0
232728,0,0,0
410238,0,0,0
165240,0,0,0
54786,0,0,0
233704,0,0,0
382382,0,0,0
215951,0,0,0
30225,0,0,0
324107,0,0,0
25163,0,0,0
365125,0,0,0
96207,0,0,0
313963,0,0,0
76330,0,0,0
62550,0,0,0
86773,0,0,0
62263,0,0,0
226264,0,0,0
186584,0,0,0
147707,0,0,0
403974,0,0,0
42166,0,0,0
51468,0,0,0
146513,0,0,0
377231,0,0,0
192664,0,0,0
171983,0,0,0
354511,0,0,0
276951,0,0,0
77770,0,0,0
119078,0,0,0
275361,0,0,0
351873,0,0,0
390013,0,0,0
5655,0,0,0
117093,0,0,0
311834,0,0,0
198969,0,0,0
273183,0,0,0
151779,0,0,0
320686,0,0,0
213924,0,0,0
84168,0,0,0
41724,0,0,0
232590,0,0,0
404525,0,0,0
105577,0,0,0
314493,0,0,0
46202,0,0,0
376153,0,0,0
3270,0,0,0
118016,0,0,0
304894,0,0,0
245249,0,0,0
367,0,0,0
317760,0,0,0
131566,0,0,0
366604,0,0,0
49913,0,0,0
303672,0,0,0
94432,0,0,0
187531,0,0,0
40917,0,0,0
297271,0,0,0
294691,0,0,0
325778,0,0,0
240912,0,0,0
272578,0,0,0
283344,0,0,0
6997,0,0,0
111763,0,0,0
39881,0,0,0
81230,0,0,0
183958,0,0,0
409232,0,0,0
339505,0,0,0
50732,0,0,0
361939,0,0,0
146338,0,0,0
146339,0,0,0
157126,0,0,0
386739,0,0,0
253553,0,0,0
263155,0,0,0
129041,0,0,0
253769,0,0,0
185172,0,0,0
326811,0,0,0
257830,0,0,0
76627,0,0,0
283356,0,0,0
243028,0,0,0
405627,0,0,0
71194,0,0,0
363358,0,0,0
235142,0,0,0
96121,0,0,0
14322,0,0,0
227301,0,0,0
123759,0,0,0
22831,0,0,0
77462,0,0,0
130865,0,0,0
280581,0,0,0
354621,0,0,0
358895,0,0,0
328106,0,0,0
358622,0,0,0
329656,0,0,0
74221,0,0,0
2894,0,0,0
191465,0,0,0
173978,0,0,0
51777,0,0,0
288877,0,0,0
192645,0,0,0
234571,0,0,0
350079,0,0,0
109183,0,0,0
248298,0,0,0
82045,0,0,0
95349,0,0,0
346339,0,0,0
100665,0,0,0
56960,0,0,0
91388,0,0,0
268169,0,0,0
331659,0,0,0
364094,0,0,0
146153,0,0,0
65633,0,0,0
279982,0,0,0
252973,0,0,0
368351,0,0,0
317958,0,0,0
119288,0,0,0
340639,0,0,0
293065,0,0,0
329141,0,0,0
41679,0,0,0
5925,0,0,0
56286,0,0,0
123366,0,0,0
28511,0,0,0
144088,0,0,0
380400,0,0,0
382884,0,0,0
318540,0,0,0
291309,0,0,0
103548,0,0,0
371844,0,0,0
233846,0,0,0
365693,0,0,0
114882,0,0,0
222116,0,0,0
167731,0,0,0
204583,0,0,0
352375,0,0,0
33967,0,0,0
9702,0,0,0
10412,0,0,0
367458,0,0,0
226503,0,0,0
261287,0,0,0
152539,0,0,0
369232,0,0,0
149021,0,0,0
408916,0,0,0
334904,0,0,0
260337,0,0,0
209085,0,0,0
339651,0,0,0
126055,0,0,0
137412,0,0,0
149817,0,0,0
327705,0,0,0
66013,0,0,0
334138,0,0,0
220554,0,0,0
20221,0,0,0
86557,0,0,0
105836,0,0,0
348018,0,0,0
243615,0,0,0
68418,0,0,0
47025,0,0,0
243641,0,0,0
360355,0,0,0
26727,0,0,0
261203,0,0,0
246519,0,0,0
238476,0,0,0
298331,0,0,0
172869,0,0,0
16349,0,0,0
162619,0,0,0
361662,0,0,0
146054,0,0,0
189226,0,0,0
369389,0,0,0
369063,0,0,0
340568,0,0,0
293550,0,0,0
276221,0,0,0
345229,0,0,0
348779,0,0,0
144500,0,0,0
293884,0,0,0
279888,0,0,0
171792,0,0,0
231882,0,0,0
365278,0,0,0
226116,0,0,0
155268,0,0,0
364055,0,0,0
254378,0,0,0
269344,0,0,0
263695,0,0,0
92329,0,0,0
226358,0,0,0
208676,0,0,0
248863,0,0,0
270948,0,0,0
400594,0,0,0
15604,0,0,0
58825,0,0,0
33206,0,0,0
216283,0,0,0
32705,0,0,0
156635,0,0,0
142608,0,0,0
238359,0,0,0
130917,0,0,0
128516,0,0,0
345414,0,0,0
333273,0,0,0
240137,0,0,0
341923,0,0,0
327022,0,0,0
14043,0,0,0
330827,0,0,0
31241,0,0,0
100721,0,0,0
253212,0,0,0
12424,0,0,0
129669,0,0,0
63359,0,0,0
392038,0,0,0
260907,0,0,0
301502,0,0,0
215059,0,0,0
211093,0,0,0
380602,0,0,0
392841,0,0,0
311066,0,0,0
324113,0,0,0
84713,0,0,0
114110,0,0,0
32554,0,0,0
389756,0,0,0
390513,0,0,0
115799,0,0,0
210455,0,0,0
29872,0,0,0
137431,0,0,0
127759,0,0,0
359083,0,0,0
86232,0,0,0
367610,0,0,0
323929,0,0,0
116674,0,0,0
292404,0,0,0
375656,0,0,0
348080,0,0,0
2867,0,0,0
386512,0,0,0
189302,0,0,0
161863,0,0,0
181002,0,0,0
324282,0,0,0
199023,0,0,0
387587,0,0,0
182596,0,0,0
243488,0,0,0
339702,0,0,0
306823,0,0,0
219976,0,0,0
284633,0,0,0
249844,0,0,0
159209,0,0,0
330536,0,0,0
336461,0,0,0
85515,0,0,0
353074,0,0,0
163208,0,0,0
185015,0,0,0
342545,0,0,0
99627,0,0,0
311100,0,0,0
206523,0,0,0
395925,0,0,0
110564,0,0,0
354955,0,0,0
398723,0,0,0
310,0,0,0
9507,0,0,0
9658,0,0,0
393447,0,0,0
260202,0,0,0
131322,0,0,0
58048,0,0,0
290748,0,0,0
188659,0,0,0
319889,0,0,0
82205,0,0,0
403465,0,0,0
50560,0,0,0
378335,0,0,0
64591,0,0,0
107292,0,0,0
350152,0,0,0
285087,0,0,0
216038,0,0,0
267993,0,0,0
139450,0,0,0
346542,0,0,0
195848,0,0,0
390499,0,0,0
62041,0,0,0
330596,0,0,0
183893,0,0,0
408559,0,0,0
213966,0,0,0
221528,0,0,0
410411,0,0,0
314007,0,0,0
354146,0,0,0
359252,0,0,0
77780,0,0,0
257828,0,0,0
34839,0,0,0
79240,0,0,0
164078,0,0,0
322900,0,0,0
362041,0,0,0
121403,0,0,0
156117,0,0,0
86158,0,0,0
114479,0,0,0
360038,0,0,0
26384,0,0,0
88142,0,0,0
385242,0,0,0
391958,0,0,0
350172,0,0,0
190081,0,0,0
179072,0,0,0
297360,0,0,0
386943,0,0,0
123154,0,0,0
341030,0,0,0
111155,0,0,0
103259,0,0,0
154966,0,0,0
404015,0,0,0
70448,0,0,0
13228,0,0,0
309633,0,0,0
178623,0,0,0
60553,0,0,0
327319,0,0,0
7926,0,0,0
93039,0,0,0
291194,0,0,0
103131,0,0,0
75359,0,0,0
365628,0,0,0
140582,0,0,0
397296,0,0,0
28650,0,0,0
332086,0,0,0
239061,0,0,0
199943,0,0,0
18900,0,0,0
119821,0,0,0
384389,0,0,0
198630,0,0,0
231400,0,0,0
373098,0,0,0
391137,0,0,0
279791,0,0,0
308329,0,0,0
34446,0,0,0
229753,0,0,0
247859,0,0,0
272050,0,0,0
288011,0,0,0
106960,0,0,0
343530,0,0,0
328156,0,0,0
387298,0,0,0
44452,0,0,0
236525,0,0,0
83167,0,0,0
377283,0,0,0
95158,0,0,0
328726,0,0,0
346917,0,0,0
323541,0,0,0
123707,0,0,0
321966,0,0,0
112276,0,0,0
104235,0,0,0
290226,0,0,0
151272,0,0,0
294978,0,0,0
221491,0,0,0
118784,0,0,0
262975,0,0,0
132808,0,0,0
45070,0,0,0
180980,0,0,0
393169,0,0,0
200772,0,0,0
179020,0,0,0
64207,0,0,0
395483,0,0,0
149223,0,0,0
21630,0,0,0
202966,0,0,0
129604,0,0,0
291923,0,0,0
24872,0,0,0
388736,0,0,0
329784,0,0,0
148583,0,0,0
143826,0,0,0
130180,0,0,0
92922,0,0,0
93967,0,0,0
398429,0,0,0
267057,0,0,0
184530,0,0,0
375040,0,0,0
102530,0,0,0
290357,0,0,0
129223,0,0,0
181508,0,0,0
66667,0,0,0
406240,0,0,0
42961,0,0,0
23409,0,0,0
228707,0,0,0
118196,0,0,0
106440,0,0,0
178159,0,0,0
174757,0,0,0
303589,0,0,0
101613,0,0,0
108503,0,0,0
40000,0,0,0
307063,0,0,0
186395,0,0,0
104688,0,0,0
90771,0,0,0
86778,0,0,0
346694,0,0,0
266344,0,0,0
8890,0,0,0
123798,0,0,0
263600,0,0,0
73383,0,0,0
140982,0,0,0
195834,0,0,0
264561,0,0,0
79767,0,0,0
52603,0,0,0
220494,0,0,0
339585,0,0,0
221041,0,0,0
1583,0,0,0
39374,0,0,0
37195,0,0,0
252359,0,0,0
111702,0,0,0
94828,0,0,0
284023,0,0,0
61753,0,0,0
13501,0,0,0
112800,0,0,0
343852,0,0,0
229315,0,0,0
122534,0,0,0
392393,0,0,0
289897,0,0,0
364160,0,0,0
88320,0,0,0
16886,0,0,0
26017,0,0,0
290352,0,0,0
329283,0,0,0
381581,0,0,0
170125,0,0,0
375994,0,0,0
326638,0,0,0
212207,0,0,0
275248,0,0,0
296524,0,0,0
81117,0,0,0
237778,0,0,0
306443,0,0,0
207430,0,0,0
309557,0,0,0
175648,0,0,0
90118,0,0,0
213345,0,0,0
183251,0,0,0
284820,0,0,0
287533,0,0,0
64097,0,0,0
317782,0,0,0
298600,0,0,0
77781,0,0,0
177109,0,0,0
72499,0,0,0
221034,0,0,0
362773,0,0,0
387480,0,0,0
118925,0,0,0
40464,0,0,0
38531,0,0,0
269241,0,0,0
39630,0,0,0
104630,0,0,0
13600,0,0,0
392948,0,0,0
149148,0,0,0
5065,0,0,0
357247,0,0,0
180375,0,0,0
297137,0,0,0
147468,0,0,0
66588,0,0,0
193785,0,0,0
32359,0,0,0
394320,0,0,0
269945,0,0,0
195845,0,0,0
405199,0,0,0
234806,0,0,0
341834,0,0,0
350875,0,0,0
326045,0,0,0
244354,0,0,0
192995,0,0,0
172451,0,0,0
88936,0,0,0
123828,0,0,0
273573,0,0,0
218768,0,0,0
211274,0,0,0
406221,0,0,0
349880,0,0,0
249899,0,0,0
192697,0,0,0
161260,0,0,0
11390,0,0,0
403386,0,0,0
207569,0,0,0
397838,0,0,0
258511,0,0,0
310593,0,0,0
356462,0,0,0
368204,0,0,0
185163,0,0,0
25024,0,0,0
354859,0,0,0
212909,0,0,0
101429,0,0,0
2945,0,0,0
264256,0,0,0
232525,0,0,0
400713,0,0,0
2417,0,0,0
299388,0,0,0
133146,0,0,0
363488,0,0,0
9204,0,0,0
112854,0,0,0
349268,0,0,0
124234,0,0,0
100370,0,0,0
336949,0,0,0
118789,0,0,0
56175,0,0,0
403411,0,0,0
260728,0,0,0
411041,0,0,0
38389,0,0,0
191632,0,0,0
179816,0,0,0
210679,0,0,0
283637,0,0,0
349107,0,0,0
363236,0,0,0
40167,0,0,0
225542,0,0,0
284151,0,0,0
82751,0,0,0
224130,0,0,0
167134,0,0,0
373351,0,0,0
341549,0,0,0
311244,0,0,0
21521,0,0,0
25843,0,0,0
168345,0,0,0
341672,0,0,0
267115,0,0,0
236198,0,0,0
80661,0,0,0
271147,0,0,0
111761,0,0,0
146944,0,0,0
103915,0,0,0
238543,0,0,0
15258,0,0,0
8805,0,0,0
95786,0,0,0
107677,0,0,0
73955,0,0,0
205230,0,0,0
180479,0,0,0
208534,0,0,0
191231,0,0,0
147207,0,0,0
265368,0,0,0
358222,0,0,0
31312,0,0,0
12279,0,0,0
256227,0,0,0
333886,0,0,0
119233,0,0,0
75266,0,0,0
357651,0,0,0
60351,0,0,0
101990,0,0,0
156855,0,0,0
282444,0,0,0
27122,0,0,0
111015,0,0,0
305677,0,0,0
254019,0,0,0
345452,0,0,0
94858,0,0,0
165402,0,0,0
237311,0,0,0
301569,0,0,0
135585,0,0,0
345199,0,0,0
169372,0,0,0
11153,0,0,0
139672,0,0,0
124461,0,0,0
109086,0,0,0
271548,0,0,0
406172,0,0,0
396552,0,0,0
261836,0,0,0
197824,0,0,0
323688,0,0,0
297541,0,0,0
266788,0,0,0
63120,0,0,0
350614,0,0,0
287846,0,0,0
229729,0,0,0
341619,0,0,0
159029,0,0,0
85407,0,0,0
44268,0,0,0
190653,0,0,0
112588,0,0,0
39442,0,0,0
156545,0,0,0
292063,0,0,0
302428,0,0,0
321034,0,0,0
214165,0,0,0
87715,0,0,0
373840,0,0,0
196358,0,0,0
88743,0,0,0
173746,0,0,0
202847,0,0,0
115645,0,0,0
240124,0,0,0
208146,0,0,0
124519,0,0,0
79105,0,0,0
46532,0,0,0
59802,0,0,0
29879,0,0,0
160473,0,0,0
107325,0,0,0
353110,0,0,0
73030,0,0,0
91933,0,0,0
193629,0,0,0
151119,0,0,0
155763,0,0,0
271779,0,0,0
144435,0,0,0
315753,0,0,0
275898,0,0,0
55028,0,0,0
62198,0,0,0
368775,0,0,0
201711,0,0,0
100307,0,0,0
235009,0,0,0
330329,0,0,0
174543,0,0,0
295751,0,0,0
32445,0,0,0
358533,0,0,0
394150,0,0,0
233002,0,0,0
251607,0,0,0
390118,0,0,0
340879,0,0,0
381270,0,0,0
121984,0,0,0
402978,0,0,0
299180,0,0,0
120244,0,0,0
251660,0,0,0
215667,0,0,0
16501,0,0,0
329929,0,0,0
197454,0,0,0
371327,0,0,0
251033,0,0,0
111797,0,0,0
16350,0,0,0
35189,0,0,0
295723,0,0,0
133389,0,0,0
397160,0,0,0
214293,0,0,0
9900,0,0,0
293625,0,0,0
174882,0,0,0
395705,0,0,0
397385,0,0,0
76658,0,0,0
250540,0,0,0
186515,0,0,0
217379,0,0,0
127549,0,0,0
195193,0,0,0
52602,0,0,0
295399,0,0,0
33910,0,0,0
10603,0,0,0
323224,0,0,0
16804,0,0,0
276081,0,0,0
286513,0,0,0
380058,0,0,0
329710,0,0,0
230309,0,0,0
157613,0,0,0
118845,0,0,0
31434,0,0,0
409960,0,0,0
103526,0,0,0
67380,0,0,0
219615,0,0,0
172741,0,0,0
229492,0,0,0
248365,0,0,0
276987,0,0,0
255139,0,0,0
283339,0,0,0
128179,0,0,0
160765,0,0,0
93764,0,0,0
2812,0,0,0
151064,0,0,0
386056,0,0,0
206840,0,0,0
252013,0,0,0
158355,0,0,0
377263,0,0,0
108020,0,0,0
183344,0,0,0
143716,0,0,0
237291,0,0,0
405891,0,0,0
246628,0,0,0
23509,0,0,0
158655,0,0,0
196663,0,0,0
282007,0,0,0
255078,0,0,0
5615,0,0,0
326609,0,0,0
62303,0,0,0
308167,0,0,0
341973,0,0,0
277551,0,0,0
19777,0,0,0
241357,0,0,0
274737,0,0,0
112609,0,0,0
176586,0,0,0
169583,0,0,0
211072,0,0,0
150348,0,0,0
163293,0,0,0
550,0,0,0
235122,0,0,0
106514,0,0,0
213845,0,0,0
174642,0,0,0
171512,0,0,0
281986,0,0,0
74833,0,0,0
216204,0,0,0
157113,0,0,0
386858,0,0,0
69443,0,0,0
28948,0,0,0
93338,0,0,0
178226,0,0,0
353307,0,0,0
252939,0,0,0
224199,0,0,0
188476,0,0,0
221050,0,0,0
184397,0,0,0
188786,0,0,0
347710,0,0,0
14709,0,0,0
71682,0,0,0
16555,0,0,0
35496,0,0,0
131743,0,0,0
200427,0,0,0
36004,0,0,0
298017,0,0,0
121008,0,0,0
8767,0,0,0
367956,0,0,0
51667,0,0,0
222747,0,0,0
227680,0,0,0
304701,0,0,0
171721,0,0,0
138112,0,0,0
373602,0,0,0
235163,0,0,0
175094,0,0,0
291469,0,0,0
203268,0,0,0
387133,0,0,0
277818,0,0,0
109192,0,0,0
25985,0,0,0
122805,0,0,0
277696,0,0,0
84034,0,0,0
12173,0,0,0
62046,0,0,0
11250,0,0,0
318854,0,0,0
246793,0,0,0
96589,0,0,0
262337,0,0,0
278539,0,0,0
120544,0,0,0
138512,0,0,0
101681,0,0,0
11279,0,0,0
243031,0,0,0
24674,0,0,0
350578,0,0,0
26052,0,0,0
97798,0,0,0
188056,0,0,0
23126,0,0,0
6040,0,0,0
196564,0,0,0
225250,0,0,0
300404,0,0,0
274623,0,0,0
289512,0,0,0
307425,0,0,0
162768,0,0,0
124141,0,0,0
162863,0,0,0
196852,0,0,0
352408,0,0,0
383593,0,0,0
377341,0,0,0
219330,0,0,0
161395,0,0,0
81498,0,0,0
399402,0,0,0
329148,0,0,0
131492,0,0,0
304823,0,0,0
282577,0,0,0
168514,0,0,0
285050,0,0,0
182439,0,0,0
312589,0,0,0
95615,0,0,0
119175,0,0,0
289503,0,0,0
271907,0,0,0
390587,0,0,0
280787,0,0,0
37276,0,0,0
333757,0,0,0
39803,0,0,0
23234,0,0,0
104625,0,0,0
396718,0,0,0
301769,0,0,0
308110,0,0,0
110819,0,0,0
323584,0,0,0
13994,0,0,0
92937,0,0,0
260120,0,0,0
340801,0,0,0
250860,0,0,0
61140,0,0,0
193757,0,0,0
210856,0,0,0
162366,0,0,0
147862,0,0,0
105243,0,0,0
317181,0,0,0
2969,0,0,0
202270,0,0,0
47076,0,0,0
8693,0,0,0
96981,0,0,0
1846,0,0,0
74492,0,0,0
365173,0,0,0
107998,0,0,0
387861,0,0,0
94974,0,0,0
341547,0,0,0
223612,0,0,0
148902,0,0,0
148279,0,0,0
240133,0,0,0
58631,0,0,0
163192,0,0,0
140306,0,0,0
345115,0,0,0
150460,0,0,0
364756,0,0,0
395534,0,0,0
10621,0,0,0
279556,0,0,0
298135,0,0,0
342887,0,0,0
292257,0,0,0
65008,0,0,0
124451,0,0,0
38333,0,0,0
393098,0,0,0
50481,0,0,0
183714,0,0,0
289518,0,0,0
38356,0,0,0
272939,0,0,0
233754,0,0,0
395430,0,0,0
106127,0,0,0
101055,0,0,0
206466,0,0,0
63609,0,0,0
62200,0,0,0
315470,0,0,0
361634,0,0,0
355085,0,0,0
406296,0,0,0
294766,0,0,0
166174,0,0,0
40386,0,0,0
135060,0,0,0
367836,0,0,0
331628,0,0,0
16267,0,0,0
78637,0,0,0
244684,0,0,0
324150,0,0,0
399721,0,0,0
189586,0,0,0
29869,0,0,0
128134,0,0,0
387760,0,0,0
96409,0,0,0
25235,0,0,0
401884,0,0,0
244931,0,0,0
332824,0,0,0
339158,0,0,0
79135,0,0,0
390339,0,0,0
330950,0,0,0
386225,0,0,0
361768,0,0,0
178657,0,0,0
246734,0,0,0
266577,0,0,0
187799,0,0,0
57790,0,0,0
59288,0,0,0
399440,0,0,0
155118,0,0,0
306072,0,0,0
304730,0,0,0
374390,0,0,0
20642,0,0,0
97822,0,0,0
248126,0,0,0
93014,0,0,0
252969,0,0,0
206209,0,0,0
243278,0,0,0
149143,0,0,0
68311,0,0,0
165063,0,0,0
390536,0,0,0
143981,0,0,0
275822,0,0,0
140360,0,0,0
322244,0,0,0
314113,0,0,0
400635,0,0,0
214251,0,0,0
1809,0,0,0
46767,0,0,0
372928,0,0,0
260281,0,0,0
187972,0,0,0
219154,0,0,0
163384,0,0,0
357598,0,0,0
205441,0,0,0
2353,0,0,0
311350,0,0,0
199762,0,0,0
1901,0,0,0
398031,0,0,0
313379,0,0,0
337451,0,0,0
94733,0,0,0
350102,0,0,0
380720,0,0,0
211938,0,0,0
27327,0,0,0
376989,0,0,0
150604,0,0,0
198667,0,0,0
104329,0,0,0
256496,0,0,0
61370,0,0,0
344720,0,0,0
100075,0,0,0
34236,0,0,0
310905,0,0,0
125587,0,0,0
81098,0,0,0
27914,0,0,0
108369,0,0,0
402699,0,0,0
342771,0,0,0
129786,0,0,0
162608,0,0,0
204764,0,0,0
87240,0,0,0
348905,0,0,0
232528,0,0,0
4583,0,0,0
397709,0,0,0
282190,0,0,0
20669,0,0,0
37430,0,0,0
334743,0,0,0
131941,0,0,0
267813,0,0,0
305484,0,0,0
271377,0,0,0
398684,0,0,0
304350,0,0,0
284497,0,0,0
24023,0,0,0
295251,0,0,0
175251,0,0,0
100820,0,0,0
222120,0,0,0
245626,0,0,0
185268,0,0,0
221656,0,0,0
18198,0,0,0
389249,0,0,0
188037,0,0,0
207102,0,0,0
364443,0,0,0
182444,0,0,0
156410,0,0,0
129712,0,0,0
212478,0,0,0
370692,0,0,0
8321,0,0,0
277526,0,0,0
188802,0,0,0
372281,0,0,0
396341,0,0,0
116234,0,0,0
395572,0,0,0
301453,0,0,0
53350,0,0,0
366202,0,0,0
114683,0,0,0
70035,0,0,0
194944,0,0,0
84913,0,0,0
354352,0,0,0
375589,0,0,0
276199,0,0,0
393708,0,0,0
59114,0,0,0
14510,0,0,0
269535,0,0,0
274743,0,0,0
351053,0,0,0
308188,0,0,0
120011,0,0,0
62997,0,0,0
125545,0,0,0
267430,0,0,0
209465,0,0,0
306679,0,0,0
241994,0,0,0
355987,0,0,0
257540,0,0,0
129376,0,0,0
329486,0,0,0
169638,0,0,0
393113,0,0,0
13328,0,0,0
301337,0,0,0
298152,0,0,0
240435,0,0,0
139012,0,0,0
189683,0,0,0
299744,0,0,0
216084,0,0,0
305944,0,0,0
154465,0,0,0
385410,0,0,0
202502,0,0,0
400386,0,0,0
196110,0,0,0
119916,0,0,0
383668,0,0,0
75702,0,0,0
321172,0,0,0
326390,0,0,0
335382,0,0,0
376791,0,0,0
398773,0,0,0
11691,0,0,0
92616,0,0,0
313234,0,0,0
404383,0,0,0
282507,0,0,0
97353,0,0,0
195461,0,0,0
282811,0,0,0
180658,0,0,0
328660,0,0,0
130260,0,0,0
254686,0,0,0
386762,0,0,0
240510,0,0,0
78672,0,0,0
376554,0,0,0
399749,0,0,0
128138,0,0,0
190826,0,0,0
187562,0,0,0
251262,0,0,0
62232,0,0,0
376641,0,0,0
35407,0,0,0
157526,0,0,0
84762,0,0,0
139640,0,0,0
335056,0,0,0
332513,0,0,0
157906,0,0,0
260085,0,0,0
309071,0,0,0
43914,0,0,0
230086,0,0,0
360824,0,0,0
73164,0,0,0
286650,0,0,0
300741,0,0,0
158991,0,0,0
285547,0,0,0
41463,0,0,0
393433,0,0,0
260805,0,0,0
8532,0,0,0
264946,0,0,0
397604,0,0,0
98291,0,0,0
372882,0,0,0
152635,0,0,0
316363,0,0,0
12497,0,0,0
226634,0,0,0
398110,0,0,0
135866,0,0,0
378508,0,0,0
390047,0,0,0
92522,0,0,0
410772,0,0,0
61411,0,0,0
202062,0,0,0
204910,0,0,0
95081,0,0,0
147922,0,0,0
300472,0,0,0
272461,0,0,0
374593,0,0,0
349263,0,0,0
283231,0,0,0
322792,0,0,0
42154,0,0,0
287394,0,0,0
361115,0,0,0
71434,0,0,0
207114,0,0,0
104768,0,0,0
114217,0,0,0
105632,0,0,0
7807,0,0,0
37836,0,0,0
135294,0,0,0
299368,0,0,0
311673,0,0,0
242737,0,0,0
68830,0,0,0
66093,0,0,0
397819,0,0,0
364719,0,0,0
205274,0,0,0
311130,0,0,0
223609,0,0,0
113507,0,0,0
38522,0,0,0
196490,0,0,0
374658,0,0,0
220942,0,0,0
231834,0,0,0
398987,0,0,0
87498,0,0,0
378802,0,0,0
275857,0,0,0
345786,0,0,0
390664,0,0,0
190338,0,0,0
99186,0,0,0
289764,0,0,0
74463,0,0,0
214109,0,0,0
343493,0,0,0
43549,0,0,0
257847,0,0,0
149971,0,0,0
139579,0,0,0
366973,0,0,0
196138,0,0,0
213463,0,0,0
35207,0,0,0
210477,0,0,0
219872,0,0,0
59489,0,0,0
144299,0,0,0
163692,0,0,0
37416,0,0,0
220853,0,0,0
129729,0,0,0
321377,0,0,0
6739,0,0,0
57116,0,0,0
354457,0,0,0
170071,0,0,0
261658,0,0,0
310738,0,0,0
290038,0,0,0
367146,0,0,0
46275,0,0,0
308742,0,0,0
401058,0,0,0
282524,0,0,0
373700,0,0,0
333375,0,0,0
155292,0,0,0
196517,0,0,0
45601,0,0,0
29698,0,0,0
5466,0,0,0
313932,0,0,0
79717,0,0,0
243083,0,0,0
227354,0,0,0
103516,0,0,0
252376,0,0,0
266277,0,0,0
194370,0,0,0
164099,0,0,0
112855,0,0,0
215531,0,0,0
315968,0,0,0
355786,0,0,0
244037,0,0,0
95439,0,0,0
401453,0,0,0
337151,0,0,0
358534,0,0,0
46071,0,0,0
360430,0,0,0
172209,0,0,0
200549,0,0,0
317188,0,0,0
52881,0,0,0
292070,0,0,0
263610,0,0,0
295770,0,0,0
375725,0,0,0
192639,0,0,0
271040,0,0,0
231946,0,0,0
162822,0,0,0
90896,0,0,0
113784,0,0,0
8067,0,0,0
94707,0,0,0
19499,0,0,0
301767,0,0,0
209742,0,0,0
325321,0,0,0
376112,0,0,0
120385,0,0,0
306323,0,0,0
30393,0,0,0
63491,0,0,0
278769,0,0,0
254092,0,0,0
70498,0,0,0
39942,0,0,0
184827,0,0,0
237773,0,0,0
144383,0,0,0
95113,0,0,0
11992,0,0,0
301228,0,0,0
353941,0,0,0
77519,0,0,0
176341,0,0,0
61640,0,0,0
88042,0,0,0
99184,0,0,0
229287,0,0,0
400724,0,0,0
366874,0,0,0
365626,0,0,0
364747,0,0,0
252518,0,0,0
102119,0,0,0
148768,0,0,0
362748,0,0,0
131792,0,0,0
67529,0,0,0
303237,0,0,0
330189,0,0,0
63281,0,0,0
283771,0,0,0
116998,0,0,0
155614,0,0,0
229204,0,0,0
227385,0,0,0
317936,0,0,0
342791,0,0,0
89009,0,0,0
175245,0,0,0
228468,0,0,0
328114,0,0,0
68359,0,0,0
74553,0,0,0
78755,0,0,0
335920,0,0,0
141362,0,0,0
129998,0,0,0
131705,0,0,0
88945,0,0,0
205932,0,0,0
75810,0,0,0
178609,0,0,0
377983,0,0,0
166933,0,0,0
343478,0,0,0
369883,0,0,0
28888,0,0,0
10272,0,0,0
93859,0,0,0
242271,0,0,0
96927,0,0,0
292286,0,0,0
184853,0,0,0
87849,0,0,0
145257,0,0,0
328248,0,0,0
64125,0,0,0
182253,0,0,0
8484,0,0,0
115390,0,0,0
253304,0,0,0
160121,0,0,0
131976,0,0,0
346006,0,0,0
393839,0,0,0
164340,0,0,0
231727,0,0,0
340308,0,0,0
111549,0,0,0
178919,0,0,0
329299,0,0,0
205513,0,0,0
398753,0,0,0
123732,0,0,0
3692,0,0,0
56200,0,0,0
107628,0,0,0
71905,0,0,0
127567,0,0,0
368028,0,0,0
134057,0,0,0
209748,0,0,0
217038,0,0,0
201696,0,0,0
27781,0,0,0
107419,0,0,0
33803,0,0,0
356278,0,0,0
25554,0,0,0
113365,0,0,0
95185,0,0,0
43827,0,0,0
259806,0,0,0
65825,0,0,0
21719,0,0,0
132200,0,0,0
363842,0,0,0
14531,0,0,0
357430,0,0,0
223886,0,0,0
58166,0,0,0
106773,0,0,0
146188,0,0,0
177139,0,0,0
382255,0,0,0
156817,0,0,0
23374,0,0,0
180133,0,0,0
403802,0,0,0
391,0,0,0
292129,0,0,0
60865,0,0,0
156114,0,0,0
305401,0,0,0
212387,0,0,0
288590,0,0,0
108498,0,0,0
362871,0,0,0
107356,0,0,0
92770,0,0,0
145338,0,0,0
348483,0,0,0
225775,0,0,0
322270,0,0,0
106686,0,0,0
321713,0,0,0
361163,0,0,0
198015,0,0,0
398553,0,0,0
164577,0,0,0
291746,0,0,0
245645,0,0,0
267947,0,0,0
339747,0,0,0
278205,0,0,0
137255,0,0,0
372065,0,0,0
291461,0,0,0
143923,0,0,0
132533,0,0,0
234588,0,0,0
226146,0,0,0
392478,0,0,0
397482,0,0,0
19868,0,0,0
141088,0,0,0
281371,0,0,0
201085,0,0,0
317755,0,0,0
52850,0,0,0
324241,0,0,0
9715,0,0,0
123827,0,0,0
22570,0,0,0
164163,0,0,0
30810,0,0,0
238638,0,0,0
404859,0,0,0
267170,0,0,0
76539,0,0,0
218015,0,0,0
274227,0,0,0
12485,0,0,0
75846,0,0,0
308939,0,0,0
26620,0,0,0
405971,0,0,0
318687,0,0,0
76962,0,0,0
393057,0,0,0
288342,0,0,0
87881,0,0,0
390488,0,0,0
235792,0,0,0
378189,0,0,0
70875,0,0,0
232099,0,0,0
176981,0,0,0
16528,0,0,0
227320,0,0,0
367672,0,0,0
342006,0,0,0
277121,0,0,0
1976,0,0,0
130507,0,0,0
62280,0,0,0
142604,0,0,0
107464,0,0,0
267930,0,0,0
78123,0,0,0
136631,0,0,0
308258,0,0,0
72477,0,0,0
223428,0,0,0
106547,0,0,0
74673,0,0,0
360834,0,0,0
12250,0,0,0
268051,0,0,0
707,0,0,0
268787,0,0,0
10384,0,0,0
259642,0,0,0
308262,0,0,0
47121,0,0,0
274816,0,0,0
112433,0,0,0
149415,0,0,0
303010,0,0,0
246083,0,0,0
135441,0,0,0
189290,0,0,0
260089,0,0,0
317671,0,0,0
208110,0,0,0
258276,0,0,0
103155,0,0,0
135945,0,0,0
107950,0,0,0
163643,0,0,0
103956,0,0,0
71021,0,0,0
138550,0,0,0
243243,0,0,0
9736,0,0,0
255041,0,0,0
323098,0,0,0
94635,0,0,0
13487,0,0,0
282320,0,0,0
1158,0,0,0
374496,0,0,0
250687,0,0,0
215412,0,0,0
5240,0,0,0
290863,0,0,0
69068,0,0,0
231162,0,0,0
8469,0,0,0
243983,0,0,0
185805,0,0,0
108350,0,0,0
82277,0,0,0
272418,0,0,0
274457,0,0,0
183585,0,0,0
128067,0,0,0
5782,0,0,0
347811,0,0,0
13075,0,0,0
271837,0,0,0
7244,0,0,0
262506,0,0,0
198058,0,0,0
325988,0,0,0
305789,0,0,0
232639,0,0,0
379641,0,0,0
409594,0,0,0
186394,0,0,0
45837,0,0,0
390825,0,0,0
189835,0,0,0
221895,0,0,0
358652,0,0,0
75007,0,0,0
288173,0,0,0
364660,0,0,0
132392,0,0,0
97700,0,0,0
83224,0,0,0
113834,0,0,0
387991,0,0,0
209326,0,0,0
208514,0,0,0
346054,0,0,0
115423,0,0,0
378702,0,0,0
63684,0,0,0
194309,0,0,0
267204,0,0,0
244904,0,0,0
182281,0,0,0
102590,0,0,0
171642,0,0,0
74478,0,0,0
61995,0,0,0
380702,0,0,0
220370,0,0,0
232311,0,0,0
314877,0,0,0
384836,0,0,0
123100,0,0,0
341004,0,0,0
133687,0,0,0
199911,0,0,0
281906,0,0,0
141048,0,0,0
14849,0,0,0
106057,0,0,0
154216,0,0,0
338494,0,0,0
190272,0,0,0
201068,0,0,0
57514,0,0,0
348526,0,0,0
214417,0,0,0
222838,0,0,0
85645,0,0,0
147869,0,0,0
147171,0,0,0
238984,0,0,0
11861,0,0,0
140897,0,0,0
990,0,0,0
230097,0,0,0
73650,0,0,0
67013,0,0,0
409938,0,0,0
226887,0,0,0
21695,0,0,0
19877,0,0,0
349519,0,0,0
262976,0,0,0
21412,0,0,0
355476,0,0,0
129077,0,0,0
387558,0,0,0
59613,0,0,0
260961,0,0,0
329073,0,0,0
171036,0,0,0
142049,0,0,0
159824,0,0,0
183018,0,0,0
375938,0,0,0
215760,0,0,0
248557,0,0,0
248045,0,0,0
62066,0,0,0
354170,0,0,0
60618,0,0,0
328887,0,0,0
182825,0,0,0
147595,0,0,0
180206,0,0,0
331941,0,0,0
141232,0,0,0
52928,0,0,0
262231,0,0,0
134401,0,0,0
156353,0,0,0
1776,0,0,0
129625,0,0,0
189929,0,0,0
267812,0,0,0
44349,0,0,0
84515,0,0,0
342537,0,0,0
337226,0,0,0
347582,0,0,0
261179,0,0,0
163195,0,0,0
140753,0,0,0
118757,0,0,0
258134,0,0,0
265084,0,0,0
57900,0,0,0
173506,0,0,0
98713,0,0,0
210801,0,0,0
123306,0,0,0
30879,0,0,0
155407,0,0,0
303115,0,0,0
256848,0,0,0
397388,0,0,0
347145,0,0,0
193159,0,0,0
163112,0,0,0
162310,0,0,0
100106,0,0,0
17114,0,0,0
197658,0,0,0
137251,0,0,0
110762,0,0,0
156709,0,0,0
346835,0,0,0
346181,0,0,0
387473,0,0,0
200642,0,0,0
8923,0,0,0
28899,0,0,0
60520,0,0,0
185073,0,0,0
343609,0,0,0
362891,0,0,0
160219,0,0,0
340887,0,0,0
37512,0,0,0
117581,0,0,0
80660,0,0,0
24491,0,0,0
41382,0,0,0
249042,0,0,0
173069,0,0,0
294927,0,0,0
57539,0,0,0
126503,0,0,0
184048,0,0,0
20032,0,0,0
184938,0,0,0
318895,0,0,0
169272,0,0,0
401668,0,0,0
405119,0,0,0
404861,0,0,0
390899,0,0,0
158933,0,0,0
124121,0,0,0
156346,0,0,0
232669,0,0,0
21045,0,0,0
394397,0,0,0
351585,0,0,0
392257,0,0,0
372970,0,0,0
119249,0,0,0
361278,0,0,0
132226,0,0,0
74564,0,0,0
98980,0,0,0
39796,0,0,0
373280,0,0,0
159881,0,0,0
192154,0,0,0
338500,0,0,0
332215,0,0,0
365788,0,0,0
158564,0,0,0
344565,0,0,0
191749,0,0,0
230965,0,0,0
176752,0,0,0
168325,0,0,0
95271,0,0,0
63084,0,0,0
20345,0,0,0
112946,0,0,0
119243,0,0,0
233203,0,0,0
256392,0,0,0
344397,0,0,0
82563,0,0,0
355030,0,0,0
309649,0,0,0
244603,0,0,0
229409,0,0,0
253643,0,0,0
49385,0,0,0
395952,0,0,0
284848,0,0,0
179578,0,0,0
146733,0,0,0
284521,0,0,0
72112,0,0,0
118732,0,0,0
24536,0,0,0
390112,0,0,0
106573,0,0,0
54077,0,0,0
165959,0,0,0
136861,0,0,0
145611,0,0,0
111951,0,0,0
26404,0,0,0
160389,0,0,0
257410,0,0,0
379061,0,0,0
61766,0,0,0
165139,0,0,0
127296,0,0,0
178171,0,0,0
51687,0,0,0
60107,0,0,0
358883,0,0,0
401024,0,0,0
394144,0,0,0
142737,0,0,0
124499,0,0,0
284154,0,0,0
209397,0,0,0
118811,0,0,0
30654,0,0,0
40283,0,0,0
184497,0,0,0
207283,0,0,0
284726,0,0,0
46223,0,0,0
45964,0,0,0
169152,0,0,0
374539,0,0,0
234143,0,0,0
200781,0,0,0
341564,0,0,0
179748,0,0,0
13742,0,0,0
273225,0,0,0
156051,0,0,0
285683,0,0,0
37885,0,0,0
199939,0,0,0
112464,0,0,0
304712,0,0,0
93814,0,0,0
223765,0,0,0
347307,0,0,0
254420,0,0,0
159252,0,0,0
192708,0,0,0
343683,0,0,0
150660,0,0,0
210692,0,0,0
403638,0,0,0
354849,0,0,0
36074,0,0,0
169424,0,0,0
160707,0,0,0
146557,0,0,0
171370,0,0,0
16942,0,0,0
2779,0,0,0
91383,0,0,0
199287,0,0,0
408633,0,0,0
63383,0,0,0
72130,0,0,0
366384,0,0,0
211071,0,0,0
127603,0,0,0
76874,0,0,0
121089,0,0,0
186625,0,0,0
410271,0,0,0
82472,0,0,0
369388,0,0,0
132607,0,0,0
97581,0,0,0
124634,0,0,0
140481,0,0,0
171687,0,0,0
281883,0,0,0
378904,0,0,0
62230,0,0,0
320023,0,0,0
337075,0,0,0
229987,0,0,0
12630,0,0,0
333879,0,0,0
185717,0,0,0
176074,0,0,0
364477,0,0,0
140976,0,0,0
62698,0,0,0
267768,0,0,0
233404,0,0,0
21050,0,0,0
189954,0,0,0
192767,0,0,0
411053,0,0,0
325430,0,0,0
185715,0,0,0
270011,0,0,0
155692,0,0,0
50633,0,0,0
183368,0,0,0
89251,0,0,0
222539,0,0,0
67771,0,0,0
199024,0,0,0
158339,0,0,0
234999,0,0,0
156794,0,0,0
192451,0,0,0
11271,0,0,0
367951,0,0,0
329615,0,0,0
13409,0,0,0
152184,0,0,0
49568,0,0,0
53338,0,0,0
138348,0,0,0
84803,0,0,0
285534,0,0,0
67689,0,0,0
360049,0,0,0
82845,0,0,0
228851,0,0,0
292945,0,0,0
400886,0,0,0
161911,0,0,0
274778,0,0,0
92778,0,0,0
378984,0,0,0
253797,0,0,0
3753,0,0,0
221252,0,0,0
52150,0,0,0
355184,0,0,0
183409,0,0,0
207559,0,0,0
226767,0,0,0
407424,0,0,0
150038,0,0,0
195227,0,0,0
352284,0,0,0
228812,0,0,0
179262,0,0,0
200839,0,0,0
403182,0,0,0
129316,0,0,0
257026,0,0,0
188664,0,0,0
319896,0,0,0
168451,0,0,0
228764,0,0,0
151777,0,0,0
79496,0,0,0
149367,0,0,0
342658,0,0,0
390238,0,0,0
29544,0,0,0
176924,0,0,0
159451,0,0,0
326374,0,0,0
397870,0,0,0
166393,0,0,0
76326,0,0,0
238193,0,0,0
36714,0,0,0
406480,0,0,0
213781,0,0,0
263586,0,0,0
119647,0,0,0
334539,0,0,0
256647,0,0,0
104275,0,0,0
237043,0,0,0
16755,0,0,0
105800,0,0,0
139666,0,0,0
337918,0,0,0
55595,0,0,0
43427,0,0,0
211645,0,0,0
126175,0,0,0
11892,0,0,0
242586,0,0,0
59446,0,0,0
128360,0,0,0
144081,0,0,0
289155,0,0,0
126859,0,0,0
209773,0,0,0
94731,0,0,0
147068,0,0,0
217682,0,0,0
112163,0,0,0
9855,0,0,0
143167,0,0,0
329614,0,0,0
365184,0,0,0
142626,0,0,0
150088,0,0,0
151992,0,0,0
219573,0,0,0
100342,0,0,0
148124,0,0,0
259158,0,0,0
76920,0,0,0
336494,0,0,0
222843,0,0,0
397753,0,0,0
193217,0,0,0
98890,0,0,0
39290,0,0,0
396421,0,0,0
166678,0,0,0
10910,0,0,0
129782,0,0,0
310425,0,0,0
65912,0,0,0
343616,0,0,0
338502,0,0,0
40357,0,0,0
385121,0,0,0
277487,0,0,0
261346,0,0,0
317642,0,0,0
283495,0,0,0
276499,0,0,0
43537,0,0,0
368395,0,0,0
137456,0,0,0
188167,0,0,0
262873,0,0,0
116737,0,0,0
254752,0,0,0
49610,0,0,0
224504,0,0,0
147028,0,0,0
202731,0,0,0
328914,0,0,0
244174,0,0,0
363605,0,0,0
279372,0,0,0
10969,0,0,0
173767,0,0,0
112292,0,0,0
199410,0,0,0
93503,0,0,0
296085,0,0,0
406544,0,0,0
90853,0,0,0
314039,0,0,0
256770,0,0,0
298913,0,0,0
98051,0,0,0
393639,0,0,0
228650,0,0,0
297716,0,0,0
35032,0,0,0
119158,0,0,0
92953,0,0,0
287832,0,0,0
232800,0,0,0
71147,0,0,0
152405,0,0,0
104362,0,0,0
62396,0,0,0
200202,0,0,0
91966,0,0,0
349666,0,0,0
366497,0,0,0
282556,0,0,0
243201,0,0,0
402070,0,0,0
84807,0,0,0
375073,0,0,0
386930,0,0,0
354172,0,0,0
335466,0,0,0
40521,0,0,0
159784,0,0,0
111050,0,0,0
373057,0,0,0
26171,0,0,0
233225,0,0,0
322677,0,0,0
212453,0,0,0
356411,0,0,0
32326,0,0,0
410070,0,0,0
254788,0,0,0
14745,0,0,0
211626,0,0,0
255864,0,0,0
317797,0,0,0
64293,0,0,0
216561,0,0,0
43335,0,0,0
95652,0,0,0
188873,0,0,0
409378,0,0,0
94451,0,0,0
189987,0,0,0
7723,0,0,0
261117,0,0,0
217296,0,0,0
354970,0,0,0
327050,0,0,0
328333,0,0,0
220569,0,0,0
403633,0,0,0
253983,0,0,0
35077,0,0,0
360971,0,0,0
361419,0,0,0
252533,0,0,0
72418,0,0,0
52121,0,0,0
212295,0,0,0
220557,0,0,0
335888,0,0,0
148413,0,0,0
255272,0,0,0
178762,0,0,0
178234,0,0,0
247504,0,0,0
279843,0,0,0
93656,0,0,0
330448,0,0,0
274713,0,0,0
284073,0,0,0
221401,0,0,0
21345,0,0,0
125798,0,0,0
305312,0,0,0
14371,0,0,0
221432,0,0,0
95977,0,0,0
288274,0,0,0
220547,0,0,0
350923,0,0,0
351222,0,0,0
190544,0,0,0
5268,0,0,0
360090,0,0,0
85697,0,0,0
217419,0,0,0
301855,0,0,0
399690,0,0,0
303736,0,0,0
290429,0,0,0
155359,0,0,0
243282,0,0,0
72648,0,0,0
255879,0,0,0
290924,0,0,0
98695,0,0,0
40559,0,0,0
64988,0,0,0
218621,0,0,0
256735,0,0,0
309228,0,0,0
367856,0,0,0
354192,0,0,0
368051,0,0,0
137762,0,0,0
306531,0,0,0
405589,0,0,0
185403,0,0,0
238544,0,0,0
259595,0,0,0
359800,0,0,0
250658,0,0,0
409308,0,0,0
376500,0,0,0
195696,0,0,0
117555,0,0,0
130729,0,0,0
368194,0,0,0
408369,0,0,0
259350,0,0,0
385758,0,0,0
89122,0,0,0
396826,0,0,0
353345,0,0,0
271124,0,0,0
376054,0,0,0
404389,0,0,0
379796,0,0,0
300874,0,0,0
381956,0,0,0
261001,0,0,0
88899,0,0,0
296796,0,0,0
230094,0,0,0
22823,0,0,0
406159,0,0,0
364063,0,0,0
347263,0,0,0
362264,0,0,0
382098,0,0,0
25914,0,0,0
213391,0,0,0
147653,0,0,0
404863,0,0,0
280363,0,0,0
271480,0,0,0
407030,0,0,0
293708,0,0,0
227307,0,0,0
219069,0,0,0
6278,0,0,0
39932,0,0,0
351581,0,0,0
19706,0,0,0
15870,0,0,0
166132,0,0,0
244251,0,0,0
330878,0,0,0
402290,0,0,0
134623,0,0,0
397224,0,0,0
222201,0,0,0
369110,0,0,0
213156,0,0,0
293583,0,0,0
279568,0,0,0
5666,0,0,0
114178,0,0,0
693,0,0,0
369475,0,0,0
283449,0,0,0
88404,0,0,0
268713,0,0,0
24827,0,0,0
336020,0,0,0
402494,0,0,0
6127,0,0,0
307716,0,0,0
351191,0,0,0
186483,0,0,0
220184,0,0,0
157764,0,0,0
45716,0,0,0
226723,0,0,0
292231,0,0,0
319438,0,0,0
35613,0,0,0
131524,0,0,0
15139,0,0,0
300811,0,0,0
35369,0,0,0
18789,0,0,0
92934,0,0,0
196551,0,0,0
244847,0,0,0
404601,0,0,0
117533,0,0,0
119597,0,0,0
313305,0,0,0
313601,0,0,0
323054,0,0,0
20932,0,0,0
38537,0,0,0
400050,0,0,0
167589,0,0,0
56177,0,0,0
253263,0,0,0
94965,0,0,0
87564,0,0,0
407157,0,0,0
41588,0,0,0
340026,0,0,0
400651,0,0,0
156800,0,0,0
292989,0,0,0
358764,0,0,0
372169,0,0,0
345539,0,0,0
107448,0,0,0
113461,0,0,0
167297,0,0,0
76885,0,0,0
302479,0,0,0
59558,0,0,0
311456,0,0,0
359465,0,0,0
79114,0,0,0
21185,0,0,0
220317,0,0,0
382975,0,0,0
356948,0,0,0
360340,0,0,0
168804,0,0,0
329302,0,0,0
127773,0,0,0
186800,0,0,0
315847,0,0,0
243089,0,0,0
19786,0,0,0
52864,0,0,0
382504,0,0,0
116925,0,0,0
357486,0,0,0
60657,0,0,0
168679,0,0,0
215877,0,0,0
22915,0,0,0
253861,0,0,0
192075,0,0,0
216173,0,0,0
114459,0,0,0
407437,0,0,0
67430,0,0,0
371316,0,0,0
254165,0,0,0
289189,0,0,0
72101,0,0,0
207264,0,0,0
340833,0,0,0
177468,0,0,0
361399,0,0,0
247405,0,0,0
354661,0,0,0
119802,0,0,0
179069,0,0,0
93058,0,0,0
402968,0,0,0
117209,0,0,0
398975,0,0,0
216137,0,0,0
320678,0,0,0
74648,0,0,0
3498,0,0,0
223558,0,0,0
103243,0,0,0
342748,0,0,0
8449,0,0,0
39270,0,0,0
32693,0,0,0
26674,0,0,0
198341,0,0,0
110071,0,0,0
213140,0,0,0
211240,0,0,0
294187,0,0,0
242441,0,0,0
375738,0,0,0
292532,0,0,0
206433,0,0,0
266188,0,0,0
197173,0,0,0
112641,0,0,0
303302,0,0,0
47451,0,0,0
245205,0,0,0
382107,0,0,0
123504,0,0,0
179003,0,0,0
326915,0,0,0
86432,0,0,0
264599,0,0,0
357354,0,0,0
308706,0,0,0
178239,0,0,0
258636,0,0,0
42096,0,0,0
130558,0,0,0
112889,0,0,0
288969,0,0,0
211987,0,0,0
19100,0,0,0
218378,0,0,0
321776,0,0,0
50574,0,0,0
405782,0,0,0
13795,0,0,0
381953,0,0,0
216516,0,0,0
358804,0,0,0
374193,0,0,0
297693,0,0,0
380322,0,0,0
386953,0,0,0
60383,0,0,0
57107,0,0,0
373672,0,0,0
128529,0,0,0
205937,0,0,0
42662,0,0,0
89507,0,0,0
344770,0,0,0
349321,0,0,0
62073,0,0,0
341314,0,0,0
362242,0,0,0
27623,0,0,0
233131,0,0,0
375338,0,0,0
216114,0,0,0
176718,0,0,0
122395,0,0,0
334004,0,0,0
101369,0,0,0
288901,0,0,0
98786,0,0,0
153648,0,0,0
210022,0,0,0
390429,0,0,0
387063,0,0,0
74278,0,0,0
89198,0,0,0
140401,0,0,0
289064,0,0,0
334945,0,0,0
194976,0,0,0
145348,0,0,0
312251,0,0,0
117201,0,0,0
225180,0,0,0
193595,0,0,0
176534,0,0,0
272510,0,0,0
393775,0,0,0
217911,0,0,0
65313,0,0,0
391391,0,0,0
148700,0,0,0
217932,0,0,0
156043,0,0,0
376645,0,0,0
340822,0,0,0
55535,0,0,0
15296,0,0,0
225501,0,0,0
240056,0,0,0
159275,0,0,0
381507,0,0,0
94214,0,0,0
404028,0,0,0
335642,0,0,0
402034,0,0,0
354322,0,0,0
313471,0,0,0
89589,0,0,0
85057,0,0,0
55815,0,0,0
111404,0,0,0
67137,0,0,0
282880,0,0,0
257922,0,0,0
161375,0,0,0
21643,0,0,0
48225,0,0,0
235791,0,0,0
12296,0,0,0
299655,0,0,0
153559,0,0,0
27814,0,0,0
199904,0,0,0
222702,0,0,0
309152,0,0,0
4892,0,0,0
89108,0,0,0
174609,0,0,0
285326,0,0,0
377674,0,0,0
27374,0,0,0
48643,0,0,0
312939,0,0,0
299331,0,0,0
221793,0,0,0
397673,0,0,0
202513,0,0,0
352449,0,0,0
46189,0,0,0
286170,0,0,0
353161,0,0,0
228327,0,0,0
275490,0,0,0
294933,0,0,0
88638,0,0,0
326190,0,0,0
186029,0,0,0
320193,0,0,0
334908,0,0,0
293941,0,0,0
130607,0,0,0
319022,0,0,0
403742,0,0,0
258687,0,0,0
242994,0,0,0
166715,0,0,0
34406,0,0,0
187811,0,0,0
287375,0,0,0
191633,0,0,0
83632,0,0,0
7132,0,0,0
62668,0,0,0
399551,0,0,0
360445,0,0,0
85614,0,0,0
50991,0,0,0
175654,0,0,0
36769,0,0,0
49192,0,0,0
321072,0,0,0
134151,0,0,0
188304,0,0,0
40463,0,0,0
34504,0,0,0
349561,0,0,0
212062,0,0,0
244414,0,0,0
196076,0,0,0
392886,0,0,0
196738,0,0,0
259927,0,0,0
72004,0,0,0
356396,0,0,0
32534,0,0,0
236224,0,0,0
106113,0,0,0
148658,0,0,0
264444,0,0,0
299536,0,0,0
187548,0,0,0
157051,0,0,0
228544,0,0,0
405876,0,0,0
242377,0,0,0
393923,0,0,0
325889,0,0,0
317122,0,0,0
366100,0,0,0
345764,0,0,0
334017,0,0,0
234866,0,0,0
217982,0,0,0
10503,0,0,0
26372,0,0,0
108127,0,0,0
208279,0,0,0
20165,0,0,0
314976,0,0,0
209534,0,0,0
175112,0,0,0
238973,0,0,0
257957,0,0,0
94203,0,0,0
125723,0,0,0
133826,0,0,0
404630,0,0,0
225209,0,0,0
153965,0,0,0
407149,0,0,0
262006,0,0,0
277826,0,0,0
285426,0,0,0
19487,0,0,0
101941,0,0,0
316743,0,0,0
209943,0,0,0
309396,0,0,0
376237,0,0,0
295027,0,0,0
63686,0,0,0
79259,0,0,0
122023,0,0,0
27071,0,0,0
235929,0,0,0
148125,0,0,0
190066,0,0,0
300009,0,0,0
60253,0,0,0
410965,0,0,0
319174,0,0,0
330959,0,0,0
15523,0,0,0
229030,0,0,0
222757,0,0,0
160132,0,0,0
35085,0,0,0
23693,0,0,0
46615,0,0,0
240737,0,0,0
68689,0,0,0
229043,0,0,0
57726,0,0,0
297768,0,0,0
5620,0,0,0
288345,0,0,0
369108,0,0,0
285581,0,0,0
187479,0,0,0
56304,0,0,0
243167,0,0,0
253993,0,0,0
103969,0,0,0
352186,0,0,0
297588,0,0,0
342944,0,0,0
336141,0,0,0
358674,0,0,0
48299,0,0,0
388211,0,0,0
20512,0,0,0
372386,0,0,0
116632,0,0,0
196446,0,0,0
114698,0,0,0
78126,0,0,0
14238,0,0,0
279417,0,0,0
20674,0,0,0
122752,0,0,0
241392,0,0,0
206873,0,0,0
283856,0,0,0
349454,0,0,0
48346,0,0,0
286286,0,0,0
403086,0,0,0
12501,0,0,0
82830,0,0,0
287103,0,0,0
198338,0,0,0
225124,0,0,0
311858,0,0,0
158710,0,0,0
394802,0,0,0
371171,0,0,0
352020,0,0,0
368377,0,0,0
373927,0,0,0
94538,0,0,0
209831,0,0,0
17082,0,0,0
303121,0,0,0
1623,0,0,0
400082,0,0,0
272239,0,0,0
173131,0,0,0
74975,0,0,0
249186,0,0,0
284984,0,0,0
189448,0,0,0
60213,0,0,0
43535,0,0,0
329750,0,0,0
295471,0,0,0
136181,0,0,0
329322,0,0,0
222891,0,0,0
166861,0,0,0
231450,0,0,0
15292,0,0,0
11155,0,0,0
185159,0,0,0
390486,0,0,0
351669,0,0,0
166302,0,0,0
267354,0,0,0
151351,0,0,0
110955,0,0,0
373164,0,0,0
188269,0,0,0
21,0,0,0
53432,0,0,0
383753,0,0,0
347094,0,0,0
232373,0,0,0
312572,0,0,0
249126,0,0,0
373187,0,0,0
199905,0,0,0
246968,0,0,0
31712,0,0,0
115016,0,0,0
367838,0,0,0
327140,0,0,0
148524,0,0,0
11549,0,0,0
115568,0,0,0
330453,0,0,0
145784,0,0,0
382069,0,0,0
84956,0,0,0
104706,0,0,0
244170,0,0,0
208571,0,0,0
254129,0,0,0
247946,0,0,0
291000,0,0,0
343406,0,0,0
409509,0,0,0
158870,0,0,0
40580,0,0,0
81920,0,0,0
30329,0,0,0
198841,0,0,0
135430,0,0,0
150995,0,0,0
199170,0,0,0
182020,0,0,0
395318,0,0,0
103132,0,0,0
23300,0,0,0
247334,0,0,0
35041,0,0,0
335201,0,0,0
230796,0,0,0
93989,0,0,0
5612,0,0,0
176942,0,0,0
254374,0,0,0
398952,0,0,0
337579,0,0,0
34730,0,0,0
209777,0,0,0
318909,0,0,0
102127,0,0,0
410624,0,0,0
166396,0,0,0
381860,0,0,0
307748,0,0,0
150493,0,0,0
358017,0,0,0
207969,0,0,0
109858,0,0,0
379333,0,0,0
104447,0,0,0
180301,0,0,0
204815,0,0,0
243393,0,0,0
267236,0,0,0
18861,0,0,0
272326,0,0,0
386939,0,0,0
298619,0,0,0
161824,0,0,0
328415,0,0,0
373134,0,0,0
331487,0,0,0
50851,0,0,0
253254,0,0,0
399017,0,0,0
123848,0,0,0
220402,0,0,0
177408,0,0,0
183209,0,0,0
254494,0,0,0
103422,0,0,0
408058,0,0,0
267283,0,0,0
30547,0,0,0
384909,0,0,0
334714,0,0,0
93755,0,0,0
129495,0,0,0
188955,0,0,0
149480,0,0,0
276975,0,0,0
117962,0,0,0
83559,0,0,0
65015,0,0,0
242257,0,0,0
112225,0,0,0
70327,0,0,0
367373,0,0,0
361075,0,0,0
243543,0,0,0
260434,0,0,0
176674,0,0,0
205682,0,0,0
366331,0,0,0
95665,0,0,0
41185,0,0,0
311382,0,0,0
377281,0,0,0
260154,0,0,0
355583,0,0,0
279705,0,0,0
271123,0,0,0
341669,0,0,0
333777,0,0,0
339743,0,0,0
399209,0,0,0
255556,0,0,0
164395,0,0,0
215074,0,0,0
279137,0,0,0
143245,0,0,0
333683,0,0,0
220051,0,0,0
211661,0,0,0
14684,0,0,0
260254,0,0,0
156810,0,0,0
206847,0,0,0
194351,0,0,0
286350,0,0,0
312882,0,0,0
198527,0,0,0
187944,0,0,0
271854,0,0,0
173811,0,0,0
339599,0,0,0
89118,0,0,0
33336,0,0,0
201017,0,0,0
206450,0,0,0
299031,0,0,0
384961,0,0,0
266444,0,0,0
372337,0,0,0
215499,0,0,0
7839,0,0,0
354045,0,0,0
159313,0,0,0
116852,0,0,0
350610,0,0,0
315520,0,0,0
322416,0,0,0
231719,0,0,0
397250,0,0,0
53408,0,0,0
360931,0,0,0
280536,0,0,0
299038,0,0,0
167057,0,0,0
188187,0,0,0
53117,0,0,0
151365,0,0,0
159034,0,0,0
160659,0,0,0
43738,0,0,0
401232,0,0,0
169456,0,0,0
305617,0,0,0
184272,0,0,0
133029,0,0,0
33009,0,0,0
367568,0,0,0
307975,0,0,0
210277,0,0,0
369690,0,0,0
341025,0,0,0
97112,0,0,0
228956,0,0,0
129130,0,0,0
184996,0,0,0
321304,0,0,0
238668,0,0,0
110855,0,0,0
334767,0,0,0
283897,0,0,0
411039,0,0,0
153887,0,0,0
206569,0,0,0
226270,0,0,0
103607,0,0,0
381363,0,0,0
289905,0,0,0
345396,0,0,0
302915,0,0,0
270048,0,0,0
334212,0,0,0
162437,0,0,0
167594,0,0,0
32390,0,0,0
272856,0,0,0
340446,0,0,0
299693,0,0,0
130822,0,0,0
197396,0,0,0
115253,0,0,0
297307,0,0,0
43318,0,0,0
57689,0,0,0
180057,0,0,0
305725,0,0,0
223098,0,0,0
141134,0,0,0
138261,0,0,0
283095,0,0,0
307911,0,0,0
252931,0,0,0
255853,0,0,0
19949,0,0,0
7680,0,0,0
96658,0,0,0
150482,0,0,0
56400,0,0,0
372796,0,0,0
81397,0,0,0
323756,0,0,0
375012,0,0,0
253639,0,0,0
68424,0,0,0
364460,0,0,0
4827,0,0,0
160681,0,0,0
217194,0,0,0
59052,0,0,0
81482,0,0,0
114824,0,0,0
271084,0,0,0
194177,0,0,0
354221,0,0,0
341778,0,0,0
386238,0,0,0
78912,0,0,0
162690,0,0,0
115166,0,0,0
41240,0,0,0
103409,0,0,0
129090,0,0,0
301410,0,0,0
188117,0,0,0
218258,0,0,0
157590,0,0,0
234391,0,0,0
69561,0,0,0
240938,0,0,0
157153,0,0,0
303707,0,0,0
204617,0,0,0
138160,0,0,0
85754,0,0,0
337012,0,0,0
7156,0,0,0
159410,0,0,0
54465,0,0,0
305667,0,0,0
237677,0,0,0
128833,0,0,0
26226,0,0,0
359097,0,0,0
160471,0,0,0
195798,0,0,0
169072,0,0,0
258423,0,0,0
2859,0,0,0
345292,0,0,0
307496,0,0,0
161084,0,0,0
349696,0,0,0
211677,0,0,0
116993,0,0,0
294813,0,0,0
277861,0,0,0
73071,0,0,0
316159,0,0,0
410995,0,0,0
403326,0,0,0
348432,0,0,0
137273,0,0,0
149985,0,0,0
5740,0,0,0
326531,0,0,0
343291,0,0,0
25438,0,0,0
118649,0,0,0
34451,0,0,0
313731,0,0,0
276663,0,0,0
256534,0,0,0
403544,0,0,0
329369,0,0,0
304285,0,0,0
301584,0,0,0
213659,0,0,0
37897,0,0,0
138902,0,0,0
97793,0,0,0
26492,0,0,0
78422,0,0,0
102803,0,0,0
65630,0,0,0
209183,0,0,0
132904,0,0,0
129124,0,0,0
123694,0,0,0
150669,0,0,0
193805,0,0,0
213422,0,0,0
59011,0,0,0
283196,0,0,0
375188,0,0,0
354801,0,0,0
247746,0,0,0
97847,0,0,0
187691,0,0,0
157679,0,0,0
114887,0,0,0
324134,0,0,0
201364,0,0,0
200778,0,0,0
153625,0,0,0
400757,0,0,0
194932,0,0,0
391196,0,0,0
58259,0,0,0
64882,0,0,0
295857,0,0,0
182857,0,0,0
214596,0,0,0
371262,0,0,0
114457,0,0,0
402788,0,0,0
271654,0,0,0
307426,0,0,0
33150,0,0,0
58837,0,0,0
77080,0,0,0
350333,0,0,0
18670,0,0,0
158928,0,0,0
302727,0,0,0
139238,0,0,0
365356,0,0,0
71847,0,0,0
83696,0,0,0
213079,0,0,0
293634,0,0,0
325095,0,0,0
224033,0,0,0
90711,0,0,0
235056,0,0,0
229547,0,0,0
92212,0,0,0
28802,0,0,0
52122,0,0,0
357718,0,0,0
116738,0,0,0
247754,0,0,0
97752,0,0,0
411418,0,0,0
326647,0,0,0
99270,0,0,0
391182,0,0,0
363165,0,0,0
368399,0,0,0
24834,0,0,0
296785,0,0,0
319767,0,0,0
270828,0,0,0
374590,0,0,0
294970,0,0,0
163295,0,0,0
349733,0,0,0
175157,0,0,0
348891,0,0,0
206020,0,0,0
119972,0,0,0
178599,0,0,0
327759,0,0,0
268137,0,0,0
404627,0,0,0
107719,0,0,0
252606,0,0,0
8656,0,0,0
232815,0,0,0
45175,0,0,0
336175,0,0,0
319502,0,0,0
216168,0,0,0
38105,0,0,0
108946,0,0,0
284587,0,0,0
312778,0,0,0
6471,0,0,0
25838,0,0,0
181031,0,0,0
376986,0,0,0
366929,0,0,0
352534,0,0,0
370765,0,0,0
162628,0,0,0
309876,0,0,0
90299,0,0,0
293475,0,0,0
345913,0,0,0
252496,0,0,0
338685,0,0,0
163344,0,0,0
208286,0,0,0
217981,0,0,0
73411,0,0,0
24265,0,0,0
370897,0,0,0
275164,0,0,0
187655,0,0,0
391652,0,0,0
133388,0,0,0
48023,0,0,0
296418,0,0,0
240923,0,0,0
125701,0,0,0
94716,0,0,0
408615,0,0,0
180998,0,0,0
155982,0,0,0
105868,0,0,0
364985,0,0,0
160031,0,0,0
121846,0,0,0
339577,0,0,0
378960,0,0,0
42173,0,0,0
11170,0,0,0
37698,0,0,0
381100,0,0,0
175831,0,0,0
327034,0,0,0
244243,0,0,0
105900,0,0,0
173258,0,0,0
113360,0,0,0
43512,0,0,0
67118,0,0,0
21544,0,0,0
347527,0,0,0
297033,0,0,0
136746,0,0,0
143585,0,0,0
183598,0,0,0
358015,0,0,0
110543,0,0,0
53707,0,0,0
272230,0,0,0
211426,0,0,0
152636,0,0,0
143416,0,0,0
311147,0,0,0
170704,0,0,0
221019,0,0,0
348704,0,0,0
32113,0,0,0
307620,0,0,0
145769,0,0,0
356495,0,0,0
273598,0,0,0
110138,0,0,0
254367,0,0,0
407018,0,0,0
173123,0,0,0
110631,0,0,0
371347,0,0,0
305820,0,0,0
301070,0,0,0
273156,0,0,0
304493,0,0,0
340336,0,0,0
197780,0,0,0
165646,0,0,0
24418,0,0,0
2550,0,0,0
22235,0,0,0
248492,0,0,0
258197,0,0,0
385870,0,0,0
102624,0,0,0
34944,0,0,0
392519,0,0,0
297554,0,0,0
209455,0,0,0
117984,0,0,0
62296,0,0,0
332779,0,0,0
311226,0,0,0
382978,0,0,0
122369,0,0,0
163092,0,0,0
262220,0,0,0
154620,0,0,0
355094,0,0,0
329200,0,0,0
370310,0,0,0
143878,0,0,0
95954,0,0,0
134646,0,0,0
163073,0,0,0
123,0,0,0
171211,0,0,0
50965,0,0,0
22474,0,0,0
19818,0,0,0
146164,0,0,0
165475,0,0,0
26905,0,0,0
275729,0,0,0
67542,0,0,0
87118,0,0,0
330163,0,0,0
384018,0,0,0
159272,0,0,0
50759,0,0,0
24437,0,0,0
31866,0,0,0
236259,0,0,0
206252,0,0,0
75185,0,0,0
348129,0,0,0
102097,0,0,0
219524,0,0,0
233328,0,0,0
269864,0,0,0
367221,0,0,0
919,0,0,0
66350,0,0,0
119541,0,0,0
82652,0,0,0
167098,0,0,0
151569,0,0,0
400896,0,0,0
298901,0,0,0
211924,0,0,0
10184,0,0,0
7030,0,0,0
234051,0,0,0
22164,0,0,0
175818,0,0,0
321117,0,0,0
24218,0,0,0
363408,0,0,0
370514,0,0,0
180480,0,0,0
127023,0,0,0
30910,0,0,0
322259,0,0,0
53889,0,0,0
94705,0,0,0
390595,0,0,0
115571,0,0,0
277511,0,0,0
174158,0,0,0
13633,0,0,0
252683,0,0,0
344615,0,0,0
404103,0,0,0
220326,0,0,0
296062,0,0,0
327403,0,0,0
230827,0,0,0
370959,0,0,0
396073,0,0,0
67846,0,0,0
278509,0,0,0
131519,0,0,0
94294,0,0,0
317357,0,0,0
257106,0,0,0
202908,0,0,0
344150,0,0,0
240012,0,0,0
77564,0,0,0
72090,0,0,0
394740,0,0,0
13125,0,0,0
38768,0,0,0
191143,0,0,0
232846,0,0,0
249720,0,0,0
138366,0,0,0
400178,0,0,0
356669,0,0,0
206146,0,0,0
37,0,0,0
121344,0,0,0
99396,0,0,0
54676,0,0,0
194170,0,0,0
124517,0,0,0
89308,0,0,0
327468,0,0,0
291049,0,0,0
61897,0,0,0
288475,0,0,0
24830,0,0,0
286929,0,0,0
292451,0,0,0
43469,0,0,0
48280,0,0,0
28771,0,0,0
397724,0,0,0
127263,0,0,0
310427,0,0,0
109994,0,0,0
202440,0,0,0
214236,0,0,0
267560,0,0,0
249492,0,0,0
388401,0,0,0
187705,0,0,0
120402,0,0,0
182114,0,0,0
23592,0,0,0
127500,0,0,0
348305,0,0,0
44386,0,0,0
105024,0,0,0
259978,0,0,0
254458,0,0,0
323291,0,0,0
308428,0,0,0
340792,0,0,0
139629,0,0,0
169693,0,0,0
71731,0,0,0
162598,0,0,0
176226,0,0,0
20992,0,0,0
306389,0,0,0
86120,0,0,0
161064,0,0,0
57063,0,0,0
249696,0,0,0
285677,0,0,0
310509,0,0,0
52927,0,0,0
144781,0,0,0
353713,0,0,0
251606,0,0,0
171488,0,0,0
410302,0,0,0
74812,0,0,0
149037,0,0,0
57957,0,0,0
197796,0,0,0
363059,0,0,0
262378,0,0,0
3722,0,0,0
218838,0,0,0
338335,0,0,0
307025,0,0,0
89283,0,0,0
400092,0,0,0
65111,0,0,0
284182,0,0,0
254813,0,0,0
149412,0,0,0
115913,0,0,0
201140,0,0,0
195556,0,0,0
304680,0,0,0
77083,0,0,0
7519,0,0,0
82009,0,0,0
159257,0,0,0
88036,0,0,0
168885,0,0,0
63666,0,0,0
44844,0,0,0
280890,0,0,0
159255,0,0,0
226964,0,0,0
56223,0,0,0
60316,0,0,0
319227,0,0,0
179906,0,0,0
123635,0,0,0
134571,0,0,0
329512,0,0,0
389765,0,0,0
286595,0,0,0
396667,0,0,0
68071,0,0,0
245591,0,0,0
316074,0,0,0
221648,0,0,0
342694,0,0,0
113523,0,0,0
359634,0,0,0
32864,0,0,0
211722,0,0,0
408483,0,0,0
276294,0,0,0
16837,0,0,0
64307,0,0,0
101807,0,0,0
356496,0,0,0
49473,0,0,0
33669,0,0,0
97373,0,0,0
299125,0,0,0
401108,0,0,0
283605,0,0,0
68930,0,0,0
76048,0,0,0
38371,0,0,0
401677,0,0,0
211263,0,0,0
44313,0,0,0
125995,0,0,0
351389,0,0,0
337448,0,0,0
179628,0,0,0
77262,0,0,0
13621,0,0,0
224370,0,0,0
221336,0,0,0
111781,0,0,0
44912,0,0,0
326350,0,0,0
92471,0,0,0
378759,0,0,0
237825,0,0,0
255761,0,0,0
244166,0,0,0
247858,0,0,0
151233,0,0,0
24379,0,0,0
63433,0,0,0
316698,0,0,0
322133,0,0,0
119142,0,0,0
325228,0,0,0
355727,0,0,0
92443,0,0,0
137652,0,0,0
255947,0,0,0
46229,0,0,0
295561,0,0,0
117957,0,0,0
231134,0,0,0
99269,0,0,0
333214,0,0,0
91987,0,0,0
364885,0,0,0
191475,0,0,0
128688,0,0,0
171143,0,0,0
318335,0,0,0
186631,0,0,0
64478,0,0,0
36225,0,0,0
85827,0,0,0
113155,0,0,0
99598,0,0,0
121820,0,0,0
11387,0,0,0
1799,0,0,0
34216,0,0,0
349997,0,0,0
298284,0,0,0
84877,0,0,0
214961,0,0,0
89761,0,0,0
116013,0,0,0
2787,0,0,0
44649,0,0,0
249880,0,0,0
410790,0,0,0
200141,0,0,0
304991,0,0,0
109357,0,0,0
351817,0,0,0
132870,0,0,0
8942,0,0,0
81569,0,0,0
22459,0,0,0
311170,0,0,0
336409,0,0,0
96642,0,0,0
306205,0,0,0
1694,0,0,0
289238,0,0,0
185645,0,0,0
281691,0,0,0
268793,0,0,0
399910,0,0,0
8611,0,0,0
89393,0,0,0
283632,0,0,0
401889,0,0,0
258618,0,0,0
309192,0,0,0
362146,0,0,0
231000,0,0,0
223536,0,0,0
333102,0,0,0
261441,0,0,0
19558,0,0,0
102048,0,0,0
86813,0,0,0
331078,0,0,0
174975,0,0,0
214765,0,0,0
324515,0,0,0
240129,0,0,0
200911,0,0,0
82941,0,0,0
374923,0,0,0
388225,0,0,0
204553,0,0,0
391286,0,0,0
232719,0,0,0
206999,0,0,0
375921,0,0,0
228196,0,0,0
64529,0,0,0
364427,0,0,0
334415,0,0,0
395625,0,0,0
222037,0,0,0
30412,0,0,0
37571,0,0,0
150172,0,0,0
160880,0,0,0
230423,0,0,0
300622,0,0,0
235710,0,0,0
259875,0,0,0
18894,0,0,0
250480,0,0,0
129189,0,0,0
57633,0,0,0
264553,0,0,0
237465,0,0,0
156102,0,0,0
328050,0,0,0
92924,0,0,0
182655,0,0,0
363401,0,0,0
171641,0,0,0
401742,0,0,0
276947,0,0,0
155091,0,0,0
319191,0,0,0
102552,0,0,0
5114,0,0,0
15185,0,0,0
338557,0,0,0
215680,0,0,0
77798,0,0,0
174744,0,0,0
13015,0,0,0
398716,0,0,0
55809,0,0,0
201861,0,0,0
372995,0,0,0
332059,0,0,0
180794,0,0,0
393183,0,0,0
196257,0,0,0
308798,0,0,0
232129,0,0,0
369582,0,0,0
335098,0,0,0
188518,0,0,0
146758,0,0,0
175691,0,0,0
283577,0,0,0
207991,0,0,0
257160,0,0,0
999,0,0,0
39788,0,0,0
312971,0,0,0
400861,0,0,0
72714,0,0,0
259206,0,0,0
191216,0,0,0
247164,0,0,0
251618,0,0,0
267685,0,0,0
296789,0,0,0
141467,0,0,0
406321,0,0,0
215922,0,0,0
16262,0,0,0
213235,0,0,0
353827,0,0,0
2100,0,0,0
224601,0,0,0
383814,0,0,0
156655,0,0,0
289883,0,0,0
345835,0,0,0
28748,0,0,0
321791,0,0,0
132164,0,0,0
389066,0,0,0
19831,0,0,0
357822,0,0,0
98299,0,0,0
284663,0,0,0
346692,0,0,0
397427,0,0,0
236112,0,0,0
324317,0,0,0
180513,0,0,0
20689,0,0,0
123478,0,0,0
22562,0,0,0
3919,0,0,0
274071,0,0,0
224720,0,0,0
222361,0,0,0
18543,0,0,0
55042,0,0,0
2410,0,0,0
125562,0,0,0
356839,0,0,0
138078,0,0,0
67948,0,0,0
260776,0,0,0
333720,0,0,0
397164,0,0,0
379106,0,0,0
362225,0,0,0
45869,0,0,0
192025,0,0,0
6069,0,0,0
354208,0,0,0
243197,0,0,0
99014,0,0,0
73909,0,0,0
132203,0,0,0
291479,0,0,0
158226,0,0,0
324603,0,0,0
114183,0,0,0
187112,0,0,0
200134,0,0,0
318004,0,0,0
137407,0,0,0
74068,0,0,0
54499,0,0,0
211790,0,0,0
31709,0,0,0
63014,0,0,0
122132,0,0,0
279024,0,0,0
230884,0,0,0
107939,0,0,0
334137,0,0,0
262601,0,0,0
20971,0,0,0
104062,0,0,0
36128,0,0,0
195532,0,0,0
334283,0,0,0
192152,0,0,0
34105,0,0,0
206695,0,0,0
6684,0,0,0
268665,0,0,0
139535,0,0,0
349214,0,0,0
285162,0,0,0
146492,0,0,0
35675,0,0,0
102290,0,0,0
253122,0,0,0
343849,0,0,0
162193,0,0,0
258444,0,0,0
237672,0,0,0
153187,0,0,0
226227,0,0,0
220110,0,0,0
318682,0,0,0
256953,0,0,0
172287,0,0,0
58133,0,0,0
320250,0,0,0
388764,0,0,0
278755,0,0,0
158921,0,0,0
39602,0,0,0
242986,0,0,0
29541,0,0,0
247591,0,0,0
19991,0,0,0
244327,0,0,0
13243,0,0,0
211125,0,0,0
78202,0,0,0
21014,0,0,0
102472,0,0,0
104604,0,0,0
202239,0,0,0
240123,0,0,0
370860,0,0,0
346186,0,0,0
55340,0,0,0
46182,0,0,0
51435,0,0,0
196525,0,0,0
20849,0,0,0
39874,0,0,0
179530,0,0,0
336539,0,0,0
313358,0,0,0
1468,0,0,0
290153,0,0,0
85829,0,0,0
84067,0,0,0
288739,0,0,0
242770,0,0,0
207709,0,0,0
252348,0,0,0
129110,0,0,0
385685,0,0,0
142056,0,0,0
289717,0,0,0
277329,0,0,0
375567,0,0,0
249222,0,0,0
323826,0,0,0
314692,0,0,0
7390,0,0,0
177738,0,0,0
326116,0,0,0
269726,0,0,0
391989,0,0,0
18819,0,0,0
336929,0,0,0
18297,0,0,0
185043,0,0,0
116587,0,0,0
273415,0,0,0
337612,0,0,0
54006,0,0,0
119046,0,0,0
116534,0,0,0
38040,0,0,0
161904,0,0,0
228875,0,0,0
201570,0,0,0
44182,0,0,0
256892,0,0,0
125339,0,0,0
259027,0,0,0
315560,0,0,0
388924,0,0,0
265986,0,0,0
296038,0,0,0
332349,0,0,0
112806,0,0,0
89112,0,0,0
246375,0,0,0
355719,0,0,0
133511,0,0,0
243782,0,0,0
197320,0,0,0
324136,0,0,0
371180,0,0,0
21565,0,0,0
377244,0,0,0
363679,0,0,0
28528,0,0,0
327145,0,0,0
318489,0,0,0
76088,0,0,0
29258,0,0,0
207286,0,0,0
47672,0,0,0
270812,0,0,0
227656,0,0,0
100236,0,0,0
176601,0,0,0
150174,0,0,0
90693,0,0,0
59387,0,0,0
84768,0,0,0
290898,0,0,0
279789,0,0,0
259560,0,0,0
366769,0,0,0
54763,0,0,0
84007,0,0,0
111587,0,0,0
173233,0,0,0
327221,0,0,0
61289,0,0,0
159682,0,0,0
278522,0,0,0
199323,0,0,0
389159,0,0,0
347830,0,0,0
288256,0,0,0
131506,0,0,0
88360,0,0,0
236405,0,0,0
275178,0,0,0
345438,0,0,0
219659,0,0,0
9458,0,0,0
79623,0,0,0
271619,0,0,0
94441,0,0,0
297074,0,0,0
238017,0,0,0
303738,0,0,0
318347,0,0,0
10843,0,0,0
200148,0,0,0
45904,0,0,0
370704,0,0,0
331286,0,0,0
303577,0,0,0
151792,0,0,0
259569,0,0,0
302943,0,0,0
371700,0,0,0
89936,0,0,0
111121,0,0,0
103776,0,0,0
54532,0,0,0
6175,0,0,0
108816,0,0,0
184911,0,0,0
44531,0,0,0
115042,0,0,0
273062,0,0,0
148663,0,0,0
233757,0,0,0
59378,0,0,0
59424,0,0,0
103751,0,0,0
262204,0,0,0
124429,0,0,0
26428,0,0,0
375225,0,0,0
165011,0,0,0
277983,0,0,0
296297,0,0,0
400578,0,0,0
25064,0,0,0
295409,0,0,0
13109,0,0,0
199667,0,0,0
234286,0,0,0
135030,0,0,0
61568,0,0,0
343363,0,0,0
98478,0,0,0
362596,0,0,0
196297,0,0,0
298214,0,0,0
344219,0,0,0
57708,0,0,0
50899,0,0,0
255359,0,0,0
386386,0,0,0
163743,0,0,0
203586,0,0,0
279529,0,0,0
3058,0,0,0
157917,0,0,0
277546,0,0,0
73469,0,0,0
79809,0,0,0
296136,0,0,0
180277,0,0,0
376759,0,0,0
204386,0,0,0
284672,0,0,0
116184,0,0,0
193790,0,0,0
234113,0,0,0
166751,0,0,0
290045,0,0,0
318145,0,0,0
152839,0,0,0
394156,0,0,0
257928,0,0,0
225932,0,0,0
267623,0,0,0
35594,0,0,0
360059,0,0,0
59677,0,0,0
281103,0,0,0
20334,0,0,0
251939,0,0,0
253555,0,0,0
253355,0,0,0
173086,0,0,0
13574,0,0,0
371252,0,0,0
257341,0,0,0
36521,0,0,0
74781,0,0,0
59624,0,0,0
298085,0,0,0
55956,0,0,0
191927,0,0,0
229165,0,0,0
391088,0,0,0
297344,0,0,0
138437,0,0,0
168444,0,0,0
153694,0,0,0
84666,0,0,0
50124,0,0,0
170405,0,0,0
318965,0,0,0
95658,0,0,0
378895,0,0,0
286857,0,0,0
253298,0,0,0
102977,0,0,0
295264,0,0,0
16988,0,0,0
66513,0,0,0
62195,0,0,0
58668,0,0,0
225442,0,0,0
344577,0,0,0
307775,0,0,0
170843,0,0,0
141798,0,0,0
148538,0,0,0
130965,0,0,0
410250,0,0,0
206804,0,0,0
262572,0,0,0
312796,0,0,0
409352,0,0,0
116241,0,0,0
71387,0,0,0
139888,0,0,0
147282,0,0,0
213505,0,0,0
313666,0,0,0
278850,0,0,0
146168,0,0,0
52578,0,0,0
325219,0,0,0
242605,0,0,0
231245,0,0,0
34816,0,0,0
193967,0,0,0
316348,0,0,0
33545,0,0,0
28790,0,0,0
287302,0,0,0
151457,0,0,0
236148,0,0,0
83264,0,0,0
181287,0,0,0
160360,0,0,0
299979,0,0,0
150248,0,0,0
27973,0,0,0
122979,0,0,0
60173,0,0,0
126297,0,0,0
233873,0,0,0
251347,0,0,0
120092,0,0,0
387386,0,0,0
128853,0,0,0
197616,0,0,0
362796,0,0,0
245589,0,0,0
18798,0,0,0
308150,0,0,0
93237,0,0,0
226627,0,0,0
291720,0,0,0
358608,0,0,0
368493,0,0,0
71140,0,0,0
113015,0,0,0
405845,0,0,0
354444,0,0,0
60811,0,0,0
310460,0,0,0
185711,0,0,0
139501,0,0,0
219360,0,0,0
40573,0,0,0
102185,0,0,0
84257,0,0,0
139123,0,0,0
54011,0,0,0
139402,0,0,0
94097,0,0,0
122243,0,0,0
33402,0,0,0
320365,0,0,0
210472,0,0,0
228640,0,0,0
282263,0,0,0
314487,0,0,0
145177,0,0,0
266880,0,0,0
20686,0,0,0
405580,0,0,0
71264,0,0,0
216180,0,0,0
41215,0,0,0
194493,0,0,0
26750,0,0,0
353184,0,0,0
130503,0,0,0
167183,0,0,0
166913,0,0,0
337170,0,0,0
237943,0,0,0
128345,0,0,0
27511,0,0,0
71629,0,0,0
88664,0,0,0
126393,0,0,0
133791,0,0,0
103738,0,0,0
298841,0,0,0
200761,0,0,0
233831,0,0,0
409504,0,0,0
311965,0,0,0
245254,0,0,0
68050,0,0,0
377066,0,0,0
126495,0,0,0
338966,0,0,0
329255,0,0,0
73474,0,0,0
384304,0,0,0
162180,0,0,0
125810,0,0,0
291917,0,0,0
132676,0,0,0
400238,0,0,0
272359,0,0,0
378764,0,0,0
5716,0,0,0
179550,0,0,0
119829,0,0,0
379351,0,0,0
90239,0,0,0
346560,0,0,0
104733,0,0,0
347984,0,0,0
126167,0,0,0
379214,0,0,0
380629,0,0,0
138,0,0,0
356092,0,0,0
359846,0,0,0
162174,0,0,0
2153,0,0,0
114149,0,0,0
285539,0,0,0
161681,0,0,0
57805,0,0,0
205371,0,0,0
62356,0,0,0
233138,0,0,0
172688,0,0,0
76666,0,0,0
253160,0,0,0
323618,0,0,0
399410,0,0,0
99789,0,0,0
393476,0,0,0
273890,0,0,0
384541,0,0,0
387118,0,0,0
321223,0,0,0
10960,0,0,0
392663,0,0,0
329178,0,0,0
246394,0,0,0
370491,0,0,0
111661,0,0,0
31944,0,0,0
33339,0,0,0
66455,0,0,0
367307,0,0,0
127013,0,0,0
144111,0,0,0
384540,0,0,0
379463,0,0,0
82847,0,0,0
27177,0,0,0
410200,0,0,0
299731,0,0,0
233942,0,0,0
26700,0,0,0
161082,0,0,0
24494,0,0,0
119242,0,0,0
266929,0,0,0
213985,0,0,0
366400,0,0,0
282465,0,0,0
258140,0,0,0
174786,0,0,0
291104,0,0,0
266093,0,0,0
346293,0,0,0
213286,0,0,0
16241,0,0,0
302803,0,0,0
364939,0,0,0
193756,0,0,0
234812,0,0,0
308666,0,0,0
118536,0,0,0
255937,0,0,0
78947,0,0,0
109714,0,0,0
166165,0,0,0
221025,0,0,0
57040,0,0,0
389104,0,0,0
298597,0,0,0
118828,0,0,0
87704,0,0,0
124431,0,0,0
49403,0,0,0
33067,0,0,0
408991,0,0,0
362430,0,0,0
215732,0,0,0
205210,0,0,0
360559,0,0,0
108199,0,0,0
34580,0,0,0
257844,0,0,0
16568,0,0,0
253680,0,0,0
68581,0,0,0
77919,0,0,0
168183,0,0,0
378612,0,0,0
387838,0,0,0
264740,0,0,0
114609,0,0,0
126383,0,0,0
141410,0,0,0
243541,0,0,0
4821,0,0,0
94198,0,0,0
130810,0,0,0
88107,0,0,0
354180,0,0,0
207988,0,0,0
261129,0,0,0
394360,0,0,0
259300,0,0,0
99121,0,0,0
56009,0,0,0
48450,0,0,0
335512,0,0,0
204111,0,0,0
410327,0,0,0
205302,0,0,0
278134,0,0,0
326183,0,0,0
8970,0,0,0
76296,0,0,0
155958,0,0,0
157298,0,0,0
324881,0,0,0
227508,0,0,0
152910,0,0,0
98330,0,0,0
176473,0,0,0
205380,0,0,0
140425,0,0,0
68163,0,0,0
152645,0,0,0
159948,0,0,0
392848,0,0,0
265579,0,0,0
21084,0,0,0
275652,0,0,0
15241,0,0,0
63760,0,0,0
136042,0,0,0
311136,0,0,0
259754,0,0,0
254002,0,0,0
167418,0,0,0
48425,0,0,0
341078,0,0,0
326121,0,0,0
74925,0,0,0
260952,0,0,0
42839,0,0,0
292674,0,0,0
81994,0,0,0
77942,0,0,0
95397,0,0,0
78536,0,0,0
33599,0,0,0
40411,0,0,0
171556,0,0,0
206736,0,0,0
73846,0,0,0
202429,0,0,0
293541,0,0,0
80663,0,0,0
246051,0,0,0
279148,0,0,0
165253,0,0,0
307000,0,0,0
28661,0,0,0
184862,0,0,0
370658,0,0,0
130001,0,0,0
76807,0,0,0
73395,0,0,0
142656,0,0,0
55369,0,0,0
96443,0,0,0
301171,0,0,0
97364,0,0,0
214091,0,0,0
200623,0,0,0
17533,0,0,0
135520,0,0,0
68470,0,0,0
316658,0,0,0
178347,0,0,0
81202,0,0,0
216007,0,0,0
395252,0,0,0
257918,0,0,0
2349,0,0,0
126428,0,0,0
286832,0,0,0
163918,0,0,0
74437,0,0,0
103700,0,0,0
403265,0,0,0
112511,0,0,0
346491,0,0,0
238911,0,0,0
14714,0,0,0
935,0,0,0
134572,0,0,0
122470,0,0,0
103796,0,0,0
338378,0,0,0
290472,0,0,0
141310,0,0,0
250810,0,0,0
124209,0,0,0
140552,0,0,0
174742,0,0,0
295381,0,0,0
210378,0,0,0
37637,0,0,0
251657,0,0,0
5099,0,0,0
50174,0,0,0
109055,0,0,0
12124,0,0,0
185253,0,0,0
128904,0,0,0
348539,0,0,0
129550,0,0,0
27787,0,0,0
382530,0,0,0
56580,0,0,0
407617,0,0,0
129343,0,0,0
392843,0,0,0
143476,0,0,0
98777,0,0,0
97562,0,0,0
244821,0,0,0
101453,0,0,0
352660,0,0,0
50916,0,0,0
287594,0,0,0
188179,0,0,0
175374,0,0,0
9053,0,0,0
484,0,0,0
225317,0,0,0
161745,0,0,0
301137,0,0,0
115391,0,0,0
359457,0,0,0
222659,0,0,0
160680,0,0,0
184553,0,0,0
310747,0,0,0
373302,0,0,0
163761,0,0,0
362127,0,0,0
159084,0,0,0
86816,0,0,0
18824,0,0,0
196661,0,0,0
160097,0,0,0
256473,0,0,0
169902,0,0,0
133136,0,0,0
173946,0,0,0
5891,0,0,0
336667,0,0,0
61362,0,0,0
305435,0,0,0
241239,0,0,0
172789,0,0,0
369086,0,0,0
390923,0,0,0
147855,0,0,0
72724,0,0,0
91067,0,0,0
115039,0,0,0
339556,0,0,0
242229,0,0,0
125198,0,0,0
130946,0,0,0
73970,0,0,0
334315,0,0,0
313599,0,0,0
157758,0,0,0
19969,0,0,0
66924,0,0,0
335589,0,0,0
110338,0,0,0
175871,0,0,0
256781,0,0,0
67184,0,0,0
66598,0,0,0
301186,0,0,0
367525,0,0,0
142546,0,0,0
39785,0,0,0
255018,0,0,0
239646,0,0,0
124575,0,0,0
95757,0,0,0
328280,0,0,0
264408,0,0,0
56159,0,0,0
345465,0,0,0
214219,0,0,0
186414,0,0,0
128980,0,0,0
178326,0,0,0
204448,0,0,0
316180,0,0,0
311336,0,0,0
169711,0,0,0
336709,0,0,0
59095,0,0,0
84013,0,0,0
7179,0,0,0
349568,0,0,0
223158,0,0,0
252312,0,0,0
88606,0,0,0
151684,0,0,0
342869,0,0,0
326188,0,0,0
386470,0,0,0
247517,0,0,0
65545,0,0,0
35184,0,0,0
197249,0,0,0
95700,0,0,0
332544,0,0,0
303174,0,0,0
347862,0,0,0
3660,0,0,0
318934,0,0,0
128225,0,0,0
209361,0,0,0
285864,0,0,0
4432,0,0,0
368249,0,0,0
373755,0,0,0
73905,0,0,0
31411,0,0,0
287164,0,0,0
188074,0,0,0
394744,0,0,0
112952,0,0,0
187538,0,0,0
351874,0,0,0
185179,0,0,0
268115,0,0,0
321885,0,0,0
342722,0,0,0
84111,0,0,0
389028,0,0,0
120676,0,0,0
265270,0,0,0
128098,0,0,0
74618,0,0,0
127174,0,0,0
73360,0,0,0
195876,0,0,0
338185,0,0,0
233685,0,0,0
132509,0,0,0
95709,0,0,0
39151,0,0,0
358874,0,0,0
304890,0,0,0
316851,0,0,0
73083,0,0,0
373953,0,0,0
137965,0,0,0
54329,0,0,0
313317,0,0,0
153498,0,0,0
36286,0,0,0
3402,0,0,0
260122,0,0,0
248426,0,0,0
379960,0,0,0
167456,0,0,0
35547,0,0,0
312363,0,0,0
258658,0,0,0
275595,0,0,0
258765,0,0,0
276948,0,0,0
276028,0,0,0
268794,0,0,0
41746,0,0,0
133818,0,0,0
381287,0,0,0
142705,0,0,0
301876,0,0,0
283657,0,0,0
51788,0,0,0
158214,0,0,0
303872,0,0,0
200186,0,0,0
147320,0,0,0
3887,0,0,0
316378,0,0,0
72404,0,0,0
70410,0,0,0
171542,0,0,0
14529,0,0,0
32111,0,0,0
314589,0,0,0
409601,0,0,0
334695,0,0,0
295390,0,0,0
407028,0,0,0
87277,0,0,0
352076,0,0,0
141687,0,0,0
400521,0,0,0
282718,0,0,0
156101,0,0,0
56183,0,0,0
60241,0,0,0
25690,0,0,0
117887,0,0,0
270820,0,0,0
303475,0,0,0
376608,0,0,0
325951,0,0,0
19496,0,0,0
277534,0,0,0
103642,0,0,0
401072,0,0,0
61552,0,0,0
47554,0,0,0
333415,0,0,0
203355,0,0,0
241621,0,0,0
180357,0,0,0
17544,0,0,0
221208,0,0,0
343033,0,0,0
306174,0,0,0
309835,0,0,0
393115,0,0,0
173483,0,0,0
403716,0,0,0
236452,0,0,0
305358,0,0,0
402689,0,0,0
118399,0,0,0
284532,0,0,0
16440,0,0,0
264164,0,0,0
131384,0,0,0
381600,0,0,0
59130,0,0,0
84876,0,0,0
344656,0,0,0
126943,0,0,0
391470,0,0,0
26170,0,0,0
281978,0,0,0
259977,0,0,0
402876,0,0,0
197163,0,0,0
381052,0,0,0
50100,0,0,0
316173,0,0,0
390362,0,0,0
27664,0,0,0
54428,0,0,0
160013,0,0,0
392433,0,0,0
273345,0,0,0
66017,0,0,0
181360,0,0,0
332218,0,0,0
256635,0,0,0
184602,0,0,0
124131,0,0,0
240078,0,0,0
303265,0,0,0
30747,0,0,0
398453,0,0,0
354704,0,0,0
258702,0,0,0
64818,0,0,0
130018,0,0,0
90874,0,0,0
4274,0,0,0
34605,0,0,0
388220,0,0,0
37621,0,0,0
197165,0,0,0
161444,0,0,0
118121,0,0,0
114607,0,0,0
330224,0,0,0
227895,0,0,0
182349,0,0,0
119036,0,0,0
402629,0,0,0
146490,0,0,0
23766,0,0,0
405372,0,0,0
105315,0,0,0
245042,0,0,0
120637,0,0,0
312019,0,0,0
314533,0,0,0
131421,0,0,0
217963,0,0,0
180865,0,0,0
105040,0,0,0
214840,0,0,0
209805,0,0,0
259487,0,0,0
76649,0,0,0
408331,0,0,0
44872,0,0,0
5692,0,0,0
367695,0,0,0
238613,0,0,0
244295,0,0,0
3077,0,0,0
216645,0,0,0
387618,0,0,0
374115,0,0,0
224528,0,0,0
401386,0,0,0
345485,0,0,0
140852,0,0,0
113458,0,0,0
349118,0,0,0
242580,0,0,0
112129,0,0,0
122347,0,0,0
410369,0,0,0
300770,0,0,0
159837,0,0,0
172348,0,0,0
376074,0,0,0
81499,0,0,0
106884,0,0,0
286926,0,0,0
141112,0,0,0
381530,0,0,0
355391,0,0,0
360707,0,0,0
220451,0,0,0
410451,0,0,0
411313,0,0,0
246842,0,0,0
20944,0,0,0
157672,0,0,0
201935,0,0,0
19572,0,0,0
411300,0,0,0
189974,0,0,0
143007,0,0,0
246196,0,0,0
107727,0,0,0
129445,0,0,0
384427,0,0,0
40138,0,0,0
293436,0,0,0
314332,0,0,0
367677,0,0,0
161884,0,0,0
34434,0,0,0
349061,0,0,0
81099,0,0,0
53010,0,0,0
23162,0,0,0
186806,0,0,0
346581,0,0,0
95276,0,0,0
339814,0,0,0
341744,0,0,0
35094,0,0,0
127739,0,0,0
158349,0,0,0
299802,0,0,0
46003,0,0,0
144119,0,0,0
329646,0,0,0
362432,0,0,0
40637,0,0,0
194823,0,0,0
116181,0,0,0
180465,0,0,0
213722,0,0,0
200974,0,0,0
242401,0,0,0
159534,0,0,0
35452,0,0,0
408601,0,0,0
381878,0,0,0
288591,0,0,0
307847,0,0,0
275193,0,0,0
219156,0,0,0
76963,0,0,0
162284,0,0,0
143635,0,0,0
117765,0,0,0
126775,0,0,0
286783,0,0,0
260155,0,0,0
261489,0,0,0
56559,0,0,0
75024,0,0,0
140181,0,0,0
136257,0,0,0
263375,0,0,0
4176,0,0,0
349128,0,0,0
133129,0,0,0
396112,0,0,0
144938,0,0,0
393079,0,0,0
15138,0,0,0
146007,0,0,0
222001,0,0,0
399615,0,0,0
296279,0,0,0
376156,0,0,0
290890,0,0,0
64468,0,0,0
129410,0,0,0
218583,0,0,0
371065,0,0,0
152928,0,0,0
290493,0,0,0
365823,0,0,0
236359,0,0,0
264718,0,0,0
158069,0,0,0
240610,0,0,0
107520,0,0,0
243273,0,0,0
167102,0,0,0
56629,0,0,0
392749,0,0,0
265561,0,0,0
93773,0,0,0
265890,0,0,0
300271,0,0,0
182376,0,0,0
22731,0,0,0
254760,0,0,0
321777,0,0,0
160426,0,0,0
148332,0,0,0
198357,0,0,0
123954,0,0,0
375228,0,0,0
374928,0,0,0
301734,0,0,0
361878,0,0,0
282893,0,0,0
238385,0,0,0
34337,0,0,0
79976,0,0,0
115150,0,0,0
2917,0,0,0
349089,0,0,0
283319,0,0,0
222885,0,0,0
173759,0,0,0
147699,0,0,0
315857,0,0,0
259570,0,0,0
137290,0,0,0
199064,0,0,0
343055,0,0,0
103456,0,0,0
141514,0,0,0
299154,0,0,0
152153,0,0,0
359176,0,0,0
159311,0,0,0
34038,0,0,0
380151,0,0,0
293659,0,0,0
273435,0,0,0
174285,0,0,0
249381,0,0,0
7747,0,0,0
4311,0,0,0
157029,0,0,0
265750,0,0,0
247282,0,0,0
311538,0,0,0
403205,0,0,0
97370,0,0,0
279813,0,0,0
165752,0,0,0
146435,0,0,0
231486,0,0,0
305694,0,0,0
353750,0,0,0
289712,0,0,0
77309,0,0,0
215261,0,0,0
216683,0,0,0
374459,0,0,0
299175,0,0,0
250876,0,0,0
120191,0,0,0
336098,0,0,0
153159,0,0,0
354273,0,0,0
139955,0,0,0
82297,0,0,0
389781,0,0,0
83752,0,0,0
103469,0,0,0
81478,0,0,0
37631,0,0,0
351617,0,0,0
191469,0,0,0
52871,0,0,0
215681,0,0,0
296484,0,0,0
402800,0,0,0
12798,0,0,0
114719,0,0,0
406634,0,0,0
252845,0,0,0
337831,0,0,0
229904,0,0,0
723,0,0,0
114517,0,0,0
72303,0,0,0
214208,0,0,0
255516,0,0,0
240358,0,0,0
156920,0,0,0
155626,0,0,0
132111,0,0,0
39389,0,0,0
210663,0,0,0
345716,0,0,0
107285,0,0,0
157040,0,0,0
204587,0,0,0
355008,0,0,0
203466,0,0,0
5290,0,0,0
202139,0,0,0
232191,0,0,0
102916,0,0,0
388686,0,0,0
180684,0,0,0
115323,0,0,0
278113,0,0,0
343339,0,0,0
382140,0,0,0
16391,0,0,0
326788,0,0,0
325547,0,0,0
26664,0,0,0
346605,0,0,0
184522,0,0,0
171712,0,0,0
204903,0,0,0
155673,0,0,0
112022,0,0,0
172024,0,0,0
305387,0,0,0
313684,0,0,0
392870,0,0,0
213197,0,0,0
20146,0,0,0
327493,0,0,0
380342,0,0,0
364693,0,0,0
229402,0,0,0
240535,0,0,0
54067,0,0,0
347060,0,0,0
225164,0,0,0
169929,0,0,0
395443,0,0,0
139226,0,0,0
91489,0,0,0
66756,0,0,0
266747,0,0,0
5515,0,0,0
170895,0,0,0
51463,0,0,0
162656,0,0,0
319032,0,0,0
274913,0,0,0
314363,0,0,0
119361,0,0,0
399075,0,0,0
142521,0,0,0
111403,0,0,0
306075,0,0,0
302754,0,0,0
7492,0,0,0
314088,0,0,0
154147,0,0,0
81431,0,0,0
204006,0,0,0
163085,0,0,0
181963,0,0,0
47067,0,0,0
182339,0,0,0
169044,0,0,0
120387,0,0,0
166130,0,0,0
407510,0,0,0
125668,0,0,0
197301,0,0,0
32929,0,0,0
178518,0,0,0
242347,0,0,0
106946,0,0,0
49810,0,0,0
144233,0,0,0
229956,0,0,0
291726,0,0,0
64354,0,0,0
183592,0,0,0
284730,0,0,0
88046,0,0,0
55883,0,0,0
71055,0,0,0
353720,0,0,0
165062,0,0,0
28921,0,0,0
44384,0,0,0
356246,0,0,0
257144,0,0,0
254881,0,0,0
274281,0,0,0
225471,0,0,0
287874,0,0,0
361523,0,0,0
323278,0,0,0
293334,0,0,0
231028,0,0,0
323919,0,0,0
137510,0,0,0
9323,0,0,0
75474,0,0,0
124027,0,0,0
321955,0,0,0
136571,0,0,0
12500,0,0,0
255213,0,0,0
276493,0,0,0
123146,0,0,0
94682,0,0,0
311292,0,0,0
106636,0,0,0
334460,0,0,0
58094,0,0,0
58462,0,0,0
148109,0,0,0
128337,0,0,0
176448,0,0,0
66368,0,0,0
258655,0,0,0
111064,0,0,0
400016,0,0,0
296366,0,0,0
410389,0,0,0
48233,0,0,0
350255,0,0,0
401406,0,0,0
65219,0,0,0
249610,0,0,0
51186,0,0,0
293170,0,0,0
346729,0,0,0
110412,0,0,0
391483,0,0,0
59620,0,0,0
166040,0,0,0
119740,0,0,0
195592,0,0,0
137940,0,0,0
159148,0,0,0
211379,0,0,0
380604,0,0,0
331708,0,0,0
326809,0,0,0
15534,0,0,0
198592,0,0,0
313091,0,0,0
112014,0,0,0
114,0,0,0
259876,0,0,0
199852,0,0,0
109472,0,0,0
376631,0,0,0
275221,0,0,0
346160,0,0,0
116493,0,0,0
198922,0,0,0
102616,0,0,0
85982,0,0,0
131047,0,0,0
26220,0,0,0
378027,0,0,0
58267,0,0,0
263653,0,0,0
31163,0,0,0
84245,0,0,0
233149,0,0,0
348289,0,0,0
341598,0,0,0
342482,0,0,0
348232,0,0,0
307772,0,0,0
245407,0,0,0
85241,0,0,0
82434,0,0,0
82721,0,0,0
15743,0,0,0
270017,0,0,0
355859,0,0,0
295699,0,0,0
182334,0,0,0
389285,0,0,0
370477,0,0,0
68563,0,0,0
13381,0,0,0
66768,0,0,0
140661,0,0,0
140412,0,0,0
86647,0,0,0
269468,0,0,0
39970,0,0,0
205627,0,0,0
12641,0,0,0
327782,0,0,0
409276,0,0,0
281263,0,0,0
74823,0,0,0
315402,0,0,0
198905,0,0,0
295944,0,0,0
213092,0,0,0
134,0,0,0
84014,0,0,0
69413,0,0,0
328238,0,0,0
196673,0,0,0
90340,0,0,0
405911,0,0,0
342000,0,0,0
315897,0,0,0
116040,0,0,0
225340,0,0,0
353456,0,0,0
82069,0,0,0
346737,0,0,0
157788,0,0,0
155160,0,0,0
221134,0,0,0
110044,0,0,0
28332,0,0,0
11178,0,0,0
336817,0,0,0
346153,0,0,0
96632,0,0,0
376892,0,0,0
214585,0,0,0
41197,0,0,0
410177,0,0,0
323783,0,0,0
394440,0,0,0
145094,0,0,0
322555,0,0,0
237827,0,0,0
259142,0,0,0
325043,0,0,0
231644,0,0,0
228455,0,0,0
4236,0,0,0
389625,0,0,0
393091,0,0,0
239966,0,0,0
316213,0,0,0
283229,0,0,0
308153,0,0,0
39134,0,0,0
169986,0,0,0
234353,0,0,0
324374,0,0,0
157584,0,0,0
351818,0,0,0
172274,0,0,0
193422,0,0,0
215366,0,0,0
199379,0,0,0
267183,0,0,0
381139,0,0,0
3644,0,0,0
52886,0,0,0
234695,0,0,0
60156,0,0,0
53904,0,0,0
98033,0,0,0
214287,0,0,0
163787,0,0,0
304747,0,0,0
378212,0,0,0
152894,0,0,0
100104,0,0,0
64723,0,0,0
294076,0,0,0
381909,0,0,0
227682,0,0,0
100239,0,0,0
20840,0,0,0
117481,0,0,0
9963,0,0,0
353068,0,0,0
173036,0,0,0
41431,0,0,0
270962,0,0,0
62110,0,0,0
251073,0,0,0
97826,0,0,0
250139,0,0,0
33464,0,0,0
319978,0,0,0
397893,0,0,0
141469,0,0,0
317131,0,0,0
410120,0,0,0
264886,0,0,0
135566,0,0,0
14951,0,0,0
211194,0,0,0
85289,0,0,0
51242,0,0,0
317316,0,0,0
210156,0,0,0
245489,0,0,0
276766,0,0,0
330038,0,0,0
353491,0,0,0
386545,0,0,0
192751,0,0,0
140358,0,0,0
115557,0,0,0
102226,0,0,0
287308,0,0,0
396157,0,0,0
100489,0,0,0
377945,0,0,0
206934,0,0,0
391649,0,0,0
190757,0,0,0
11023,0,0,0
25688,0,0,0
15050,0,0,0
301853,0,0,0
166399,0,0,0
400366,0,0,0
145871,0,0,0
360601,0,0,0
306663,0,0,0
286273,0,0,0
359908,0,0,0
104455,0,0,0
353665,0,0,0
30485,0,0,0
289393,0,0,0
164009,0,0,0
11944,0,0,0
210468,0,0,0
81779,0,0,0
53986,0,0,0
227461,0,0,0
212618,0,0,0
399099,0,0,0
294857,0,0,0
157443,0,0,0
355291,0,0,0
233063,0,0,0
32515,0,0,0
38837,0,0,0
73096,0,0,0
19470,0,0,0
155284,0,0,0
358193,0,0,0
182997,0,0,0
198638,0,0,0
166331,0,0,0
98334,0,0,0
308849,0,0,0
333970,0,0,0
207558,0,0,0
81492,0,0,0
9292,0,0,0
173169,0,0,0
355918,0,0,0
245484,0,0,0
16873,0,0,0
128071,0,0,0
199270,0,0,0
405668,0,0,0
66055,0,0,0
313073,0,0,0
95055,0,0,0
121041,0,0,0
325896,0,0,0
173348,0,0,0
92721,0,0,0
45655,0,0,0
386966,0,0,0
247067,0,0,0
377017,0,0,0
166496,0,0,0
350519,0,0,0
233547,0,0,0
286455,0,0,0
161658,0,0,0
176486,0,0,0
178896,0,0,0
358278,0,0,0
38716,0,0,0
329374,0,0,0
215873,0,0,0
180274,0,0,0
159916,0,0,0
216665,0,0,0
234849,0,0,0
184679,0,0,0
83542,0,0,0
34235,0,0,0
76223,0,0,0
40548,0,0,0
794,0,0,0
320252,0,0,0
151597,0,0,0
125172,0,0,0
314288,0,0,0
109725,0,0,0
27216,0,0,0
341904,0,0,0
399760,0,0,0
154649,0,0,0
46456,0,0,0
354524,0,0,0
109602,0,0,0
57563,0,0,0
328349,0,0,0
111179,0,0,0
232698,0,0,0
283713,0,0,0
355408,0,0,0
362276,0,0,0
382199,0,0,0
139004,0,0,0
148499,0,0,0
210238,0,0,0
1556,0,0,0
68915,0,0,0
176164,0,0,0
230471,0,0,0
224407,0,0,0
264989,0,0,0
225683,0,0,0
376270,0,0,0
371092,0,0,0
346715,0,0,0
321788,0,0,0
8952,0,0,0
199354,0,0,0
248004,0,0,0
180200,0,0,0
265785,0,0,0
324624,0,0,0
55485,0,0,0
339496,0,0,0
343127,0,0,0
101491,0,0,0
280560,0,0,0
298505,0,0,0
43713,0,0,0
80517,0,0,0
10912,0,0,0
202720,0,0,0
108832,0,0,0
400411,0,0,0
232741,0,0,0
282794,0,0,0
89545,0,0,0
325054,0,0,0
31213,0,0,0
211919,0,0,0
32993,0,0,0
316141,0,0,0
15906,0,0,0
86101,0,0,0
226770,0,0,0
72146,0,0,0
251316,0,0,0
11951,0,0,0
382781,0,0,0
220686,0,0,0
144493,0,0,0
99815,0,0,0
102166,0,0,0
331568,0,0,0
347866,0,0,0
219315,0,0,0
377953,0,0,0
357374,0,0,0
67688,0,0,0
276780,0,0,0
45608,0,0,0
394286,0,0,0
70893,0,0,0
22123,0,0,0
117575,0,0,0
147279,0,0,0
4439,0,0,0
223357,0,0,0
4660,0,0,0
45354,0,0,0
129330,0,0,0
392881,0,0,0
59332,0,0,0
223506,0,0,0
22062,0,0,0
161157,0,0,0
147449,0,0,0
248866,0,0,0
97172,0,0,0
193007,0,0,0
213630,0,0,0
152505,0,0,0
346024,0,0,0
193772,0,0,0
271566,0,0,0
309359,0,0,0
29141,0,0,0
80817,0,0,0
181952,0,0,0
283933,0,0,0
126422,0,0,0
166301,0,0,0
200961,0,0,0
165625,0,0,0
40164,0,0,0
125815,0,0,0
135933,0,0,0
41127,0,0,0
79188,0,0,0
324097,0,0,0
236108,0,0,0
268276,0,0,0
20015,0,0,0
399768,0,0,0
246185,0,0,0
309025,0,0,0
195829,0,0,0
71267,0,0,0
232018,0,0,0
201061,0,0,0
58306,0,0,0
98578,0,0,0
59569,0,0,0
44229,0,0,0
271677,0,0,0
116775,0,0,0
103009,0,0,0
270486,0,0,0
136469,0,0,0
299682,0,0,0
126396,0,0,0
335973,0,0,0
273467,0,0,0
251057,0,0,0
113987,0,0,0
363573,0,0,0
176973,0,0,0
337228,0,0,0
80738,0,0,0
19692,0,0,0
45383,0,0,0
311018,0,0,0
122758,0,0,0
20524,0,0,0
294689,0,0,0
171238,0,0,0
283483,0,0,0
354242,0,0,0
194359,0,0,0
64360,0,0,0
147679,0,0,0
249585,0,0,0
213784,0,0,0
330133,0,0,0
397852,0,0,0
349012,0,0,0
82139,0,0,0
278423,0,0,0
246858,0,0,0
275692,0,0,0
126902,0,0,0
97368,0,0,0
411307,0,0,0
348689,0,0,0
266985,0,0,0
277845,0,0,0
190910,0,0,0
25330,0,0,0
312507,0,0,0
101571,0,0,0
56546,0,0,0
323868,0,0,0
198633,0,0,0
211322,0,0,0
265574,0,0,0
133987,0,0,0
120536,0,0,0
398054,0,0,0
281958,0,0,0
254187,0,0,0
141674,0,0,0
355796,0,0,0
196273,0,0,0
36336,0,0,0
286674,0,0,0
154416,0,0,0
31661,0,0,0
363312,0,0,0
89110,0,0,0
188002,0,0,0
176111,0,0,0
27620,0,0,0
57774,0,0,0
120621,0,0,0
111295,0,0,0
67619,0,0,0
385668,0,0,0
217458,0,0,0
328979,0,0,0
249654,0,0,0
279289,0,0,0
307398,0,0,0
125323,0,0,0
118453,0,0,0
288567,0,0,0
93181,0,0,0
260891,0,0,0
113583,0,0,0
27417,0,0,0
304110,0,0,0
263533,0,0,0
243795,0,0,0
69597,0,0,0
393355,0,0,0
307335,0,0,0
42454,0,0,0
8899,0,0,0
37086,0,0,0
358828,0,0,0
176003,0,0,0
132048,0,0,0
396862,0,0,0
151738,0,0,0
79477,0,0,0
3976,0,0,0
16447,0,0,0
122285,0,0,0
112998,0,0,0
167382,0,0,0
155080,0,0,0
3953,0,0,0
151531,0,0,0
392884,0,0,0
27100,0,0,0
193505,0,0,0
107136,0,0,0
141878,0,0,0
8907,0,0,0
44800,0,0,0
103578,0,0,0
276281,0,0,0
322914,0,0,0
194697,0,0,0
254118,0,0,0
285133,0,0,0
67451,0,0,0
172979,0,0,0
212982,0,0,0
124569,0,0,0
369692,0,0,0
259022,0,0,0
47671,0,0,0
66891,0,0,0
289123,0,0,0
315737,0,0,0
279580,0,0,0
256585,0,0,0
135572,0,0,0
113405,0,0,0
243992,0,0,0
89536,0,0,0
374802,0,0,0
65154,0,0,0
315844,0,0,0
35781,0,0,0
4428,0,0,0
30863,0,0,0
228130,0,0,0
241754,0,0,0
332108,0,0,0
369319,0,0,0
110061,0,0,0
111133,0,0,0
258631,0,0,0
387600,0,0,0
132823,0,0,0
7818,0,0,0
218382,0,0,0
92350,0,0,0
188774,0,0,0
248856,0,0,0
86585,0,0,0
362183,0,0,0
93659,0,0,0
301848,0,0,0
60937,0,0,0
98006,0,0,0
284829,0,0,0
285918,0,0,0
221816,0,0,0
40835,0,0,0
158130,0,0,0
279543,0,0,0
350312,0,0,0
281795,0,0,0
232625,0,0,0
329128,0,0,0
313811,0,0,0
316407,0,0,0
257940,0,0,0
80602,0,0,0
377778,0,0,0
406083,0,0,0
138134,0,0,0
376713,0,0,0
310810,0,0,0
113725,0,0,0
409382,0,0,0
76941,0,0,0
313531,0,0,0
247825,0,0,0
158679,0,0,0
1933,0,0,0
182027,0,0,0
23687,0,0,0
193038,0,0,0
264876,0,0,0
377544,0,0,0
294086,0,0,0
369004,0,0,0
132554,0,0,0
370888,0,0,0
55880,0,0,0
261476,0,0,0
69389,0,0,0
32545,0,0,0
341850,0,0,0
316431,0,0,0
214153,0,0,0
236945,0,0,0
146308,0,0,0
399126,0,0,0
377087,0,0,0
129736,0,0,0
390509,0,0,0
106320,0,0,0
393182,0,0,0
389246,0,0,0
255506,0,0,0
244892,0,0,0
205953,0,0,0
142347,0,0,0
228946,0,0,0
241219,0,0,0
89691,0,0,0
185535,0,0,0
240337,0,0,0
404112,0,0,0
117910,0,0,0
103574,0,0,0
253090,0,0,0
401279,0,0,0
115220,0,0,0
194585,0,0,0
269139,0,0,0
198625,0,0,0
346998,0,0,0
82063,0,0,0
191107,0,0,0
115774,0,0,0
96212,0,0,0
212153,0,0,0
357292,0,0,0
119781,0,0,0
75794,0,0,0
256000,0,0,0
253843,0,0,0
175327,0,0,0
111602,0,0,0
32498,0,0,0
64341,0,0,0
230954,0,0,0
174875,0,0,0
354124,0,0,0
38886,0,0,0
298024,0,0,0
378667,0,0,0
45933,0,0,0
125517,0,0,0
173630,0,0,0
24977,0,0,0
308789,0,0,0
397100,0,0,0
304849,0,0,0
300580,0,0,0
194611,0,0,0
65728,0,0,0
149927,0,0,0
403152,0,0,0
311045,0,0,0
178828,0,0,0
10066,0,0,0
109910,0,0,0
233970,0,0,0
367719,0,0,0
354310,0,0,0
87869,0,0,0
98027,0,0,0
141894,0,0,0
98734,0,0,0
326324,0,0,0
102592,0,0,0
242036,0,0,0
90799,0,0,0
249118,0,0,0
405858,0,0,0
168458,0,0,0
24634,0,0,0
370073,0,0,0
344218,0,0,0
410540,0,0,0
231515,0,0,0
162075,0,0,0
137619,0,0,0
195381,0,0,0
218456,0,0,0
178731,0,0,0
206119,0,0,0
3178,0,0,0
370388,0,0,0
334639,0,0,0
251775,0,0,0
117563,0,0,0
56195,0,0,0
228570,0,0,0
182536,0,0,0
101159,0,0,0
8131,0,0,0
44940,0,0,0
367844,0,0,0
249907,0,0,0
104331,0,0,0
33769,0,0,0
138578,0,0,0
270657,0,0,0
396814,0,0,0
208702,0,0,0
61692,0,0,0
169060,0,0,0
332437,0,0,0
111193,0,0,0
393649,0,0,0
115931,0,0,0
162734,0,0,0
123091,0,0,0
267891,0,0,0
49406,0,0,0
403727,0,0,0
142880,0,0,0
262651,0,0,0
351887,0,0,0
3083,0,0,0
66256,0,0,0
339245,0,0,0
367497,0,0,0
51844,0,0,0
159089,0,0,0
164483,0,0,0
81253,0,0,0
322942,0,0,0
90608,0,0,0
152454,0,0,0
127351,0,0,0
92676,0,0,0
120669,0,0,0
80754,0,0,0
341531,0,0,0
239801,0,0,0
365770,0,0,0
93911,0,0,0
58786,0,0,0
3656,0,0,0
121732,0,0,0
213728,0,0,0
167108,0,0,0
139806,0,0,0
114848,0,0,0
151902,0,0,0
207273,0,0,0
286354,0,0,0
29036,0,0,0
125179,0,0,0
260216,0,0,0
119117,0,0,0
204348,0,0,0
206121,0,0,0
366714,0,0,0
192063,0,0,0
294848,0,0,0
237083,0,0,0
122660,0,0,0
294312,0,0,0
210502,0,0,0
163168,0,0,0
398236,0,0,0
245630,0,0,0
160260,0,0,0
325475,0,0,0
201621,0,0,0
178106,0,0,0
404012,0,0,0
185507,0,0,0
358088,0,0,0
147853,0,0,0
70868,0,0,0
87758,0,0,0
392172,0,0,0
22661,0,0,0
286014,0,0,0
298620,0,0,0
297857,0,0,0
161531,0,0,0
159317,0,0,0
358600,0,0,0
52583,0,0,0
322775,0,0,0
214822,0,0,0
335968,0,0,0
353743,0,0,0
141652,0,0,0
334944,0,0,0
54635,0,0,0
68580,0,0,0
274075,0,0,0
160493,0,0,0
17013,0,0,0
340164,0,0,0
31975,0,0,0
69639,0,0,0
266914,0,0,0
12834,0,0,0
104124,0,0,0
71228,0,0,0
92330,0,0,0
352452,0,0,0
39783,0,0,0
94492,0,0,0
84603,0,0,0
261436,0,0,0
96053,0,0,0
201554,0,0,0
225363,0,0,0
311013,0,0,0
269207,0,0,0
353526,0,0,0
23118,0,0,0
254000,0,0,0
198202,0,0,0
136983,0,0,0
8240,0,0,0
265545,0,0,0
91813,0,0,0
69428,0,0,0
31021,0,0,0
158059,0,0,0
85466,0,0,0
144671,0,0,0
315997,0,0,0
151551,0,0,0
146394,0,0,0
269647,0,0,0
232888,0,0,0
235697,0,0,0
109576,0,0,0
365238,0,0,0
206563,0,0,0
409831,0,0,0
6403,0,0,0
308532,0,0,0
261438,0,0,0
14646,0,0,0
50016,0,0,0
145694,0,0,0
392691,0,0,0
129699,0,0,0
402420,0,0,0
152699,0,0,0
11723,0,0,0
269259,0,0,0
43925,0,0,0
159559,0,0,0
165093,0,0,0
399967,0,0,0
188900,0,0,0
271178,0,0,0
311134,0,0,0
74885,0,0,0
226028,0,0,0
380227,0,0,0
67620,0,0,0
256855,0,0,0
337068,0,0,0
311205,0,0,0
315720,0,0,0
162138,0,0,0
170347,0,0,0
327703,0,0,0
255049,0,0,0
224180,0,0,0
63353,0,0,0
49358,0,0,0
132544,0,0,0
182082,0,0,0
179224,0,0,0
242269,0,0,0
359385,0,0,0
84335,0,0,0
107295,0,0,0
141554,0,0,0
366210,0,0,0
120278,0,0,0
407566,0,0,0
258353,0,0,0
411072,0,0,0
295841,0,0,0
132079,0,0,0
256150,0,0,0
131657,0,0,0
144235,0,0,0
157139,0,0,0
65212,0,0,0
150024,0,0,0
212083,0,0,0
73278,0,0,0
84117,0,0,0
194474,0,0,0
330965,0,0,0
246721,0,0,0
58160,0,0,0
372414,0,0,0
105961,0,0,0
268103,0,0,0
329576,0,0,0
106323,0,0,0
460,0,0,0
293328,0,0,0
3480,0,0,0
321232,0,0,0
200065,0,0,0
191707,0,0,0
321833,0,0,0
122063,0,0,0
64336,0,0,0
245709,0,0,0
332239,0,0,0
247945,0,0,0
316111,0,0,0
264274,0,0,0
214575,0,0,0
25802,0,0,0
386520,0,0,0
390319,0,0,0
145088,0,0,0
130548,0,0,0
154365,0,0,0
391441,0,0,0
36127,0,0,0
17471,0,0,0
251919,0,0,0
51641,0,0,0
103347,0,0,0
313555,0,0,0
117456,0,0,0
149237,0,0,0
1495,0,0,0
50790,0,0,0
41217,0,0,0
57736,0,0,0
161800,0,0,0
303785,0,0,0
52758,0,0,0
274759,0,0,0
99583,0,0,0
264013,0,0,0
172860,0,0,0
187184,0,0,0
93723,0,0,0
290256,0,0,0
91946,0,0,0
301030,0,0,0
252076,0,0,0
275673,0,0,0
141007,0,0,0
264127,0,0,0
354129,0,0,0
213018,0,0,0
13558,0,0,0
93622,0,0,0
190801,0,0,0
142571,0,0,0
390088,0,0,0
292696,0,0,0
100799,0,0,0
183806,0,0,0
84189,0,0,0
252636,0,0,0
384315,0,0,0
177164,0,0,0
185709,0,0,0
140620,0,0,0
171655,0,0,0
298382,0,0,0
382920,0,0,0
141160,0,0,0
140779,0,0,0
82034,0,0,0
109347,0,0,0
115017,0,0,0
393520,0,0,0
13258,0,0,0
394183,0,0,0
156217,0,0,0
63750,0,0,0
202673,0,0,0
348799,0,0,0
187114,0,0,0
9894,0,0,0
125126,0,0,0
96970,0,0,0
268801,0,0,0
70789,0,0,0
188143,0,0,0
282296,0,0,0
332591,0,0,0
233072,0,0,0
113457,0,0,0
106635,0,0,0
49776,0,0,0
404792,0,0,0
41500,0,0,0
313280,0,0,0
175031,0,0,0
124402,0,0,0
158796,0,0,0
108997,0,0,0
306525,0,0,0
246638,0,0,0
344820,0,0,0
178043,0,0,0
234009,0,0,0
407103,0,0,0
270563,0,0,0
355753,0,0,0
52272,0,0,0
168525,0,0,0
376379,0,0,0
229214,0,0,0
320199,0,0,0
312810,0,0,0
71415,0,0,0
391110,0,0,0
126319,0,0,0
157448,0,0,0
101065,0,0,0
383542,0,0,0
285851,0,0,0
409367,0,0,0
189138,0,0,0
154165,0,0,0
240953,0,0,0
128732,0,0,0
264207,0,0,0
86760,0,0,0
56992,0,0,0
67553,0,0,0
336892,0,0,0
298427,0,0,0
298217,0,0,0
128126,0,0,0
342223,0,0,0
268328,0,0,0
125145,0,0,0
260236,0,0,0
188674,0,0,0
218958,0,0,0
41699,0,0,0
291671,0,0,0
340554,0,0,0
194972,0,0,0
116531,0,0,0
29316,0,0,0
273580,0,0,0
289757,0,0,0
22977,0,0,0
232040,0,0,0
219526,0,0,0
159810,0,0,0
396364,0,0,0
249567,0,0,0
118271,0,0,0
11265,0,0,0
121200,0,0,0
250733,0,0,0
15609,0,0,0
30325,0,0,0
35521,0,0,0
345386,0,0,0
167290,0,0,0
105565,0,0,0
248903,0,0,0
149949,0,0,0
234870,0,0,0
342305,0,0,0
259030,0,0,0
338905,0,0,0
221458,0,0,0
294768,0,0,0
353944,0,0,0
145972,0,0,0
38946,0,0,0
386543,0,0,0
24001,0,0,0
232751,0,0,0
395715,0,0,0
114495,0,0,0
344869,0,0,0
17447,0,0,0
160981,0,0,0
244136,0,0,0
137959,0,0,0
349668,0,0,0
382603,0,0,0
193960,0,0,0
21482,0,0,0
64400,0,0,0
283367,0,0,0
406118,0,0,0
60910,0,0,0
331768,0,0,0
101148,0,0,0
4649,0,0,0
303226,0,0,0
388179,0,0,0
13245,0,0,0
280777,0,0,0
257420,0,0,0
161593,0,0,0
243556,0,0,0
152919,0,0,0
343314,0,0,0
205144,0,0,0
42462,0,0,0
12600,0,0,0
21108,0,0,0
277807,0,0,0
145353,0,0,0
347759,0,0,0
168593,0,0,0
78960,0,0,0
320447,0,0,0
46196,0,0,0
221631,0,0,0
286753,0,0,0
64208,0,0,0
242658,0,0,0
270686,0,0,0
291712,0,0,0
322973,0,0,0
359542,0,0,0
123876,0,0,0
41884,0,0,0
403655,0,0,0
24580,0,0,0
248977,0,0,0
191894,0,0,0
269737,0,0,0
338574,0,0,0
214797,0,0,0
152433,0,0,0
183544,0,0,0
307561,0,0,0
3502,0,0,0
231745,0,0,0
49705,0,0,0
171524,0,0,0
288960,0,0,0
251138,0,0,0
87670,0,0,0
119104,0,0,0
109387,0,0,0
251128,0,0,0
27530,0,0,0
307611,0,0,0
95037,0,0,0
137227,0,0,0
283045,0,0,0
84346,0,0,0
327030,0,0,0
400256,0,0,0
340742,0,0,0
231389,0,0,0
280870,0,0,0
321094,0,0,0
15978,0,0,0
173774,0,0,0
337513,0,0,0
264240,0,0,0
26439,0,0,0
245921,0,0,0
221822,0,0,0
369506,0,0,0
79313,0,0,0
253272,0,0,0
354695,0,0,0
267002,0,0,0
252776,0,0,0
286880,0,0,0
48915,0,0,0
57129,0,0,0
296935,0,0,0
219669,0,0,0
298866,0,0,0
141234,0,0,0
42544,0,0,0
236317,0,0,0
2914,0,0,0
285839,0,0,0
101560,0,0,0
18122,0,0,0
332986,0,0,0
9230,0,0,0
48472,0,0,0
176010,0,0,0
389125,0,0,0
94841,0,0,0
3328,0,0,0
313189,0,0,0
46298,0,0,0
228679,0,0,0
265379,0,0,0
14582,0,0,0
287073,0,0,0
382980,0,0,0
93928,0,0,0
230224,0,0,0
63078,0,0,0
399248,0,0,0
371640,0,0,0
45879,0,0,0
197576,0,0,0
242490,0,0,0
305772,0,0,0
32690,0,0,0
408862,0,0,0
112130,0,0,0
676,0,0,0
94976,0,0,0
25417,0,0,0
360377,0,0,0
77313,0,0,0
345081,0,0,0
82944,0,0,0
304700,0,0,0
221267,0,0,0
149421,0,0,0
97206,0,0,0
205806,0,0,0
197427,0,0,0
28545,0,0,0
350970,0,0,0
403133,0,0,0
8578,0,0,0
160077,0,0,0
316713,0,0,0
63469,0,0,0
249394,0,0,0
375766,0,0,0
405965,0,0,0
98097,0,0,0
323790,0,0,0
79082,0,0,0
127895,0,0,0
370616,0,0,0
270103,0,0,0
89484,0,0,0
19674,0,0,0
405897,0,0,0
91721,0,0,0
406505,0,0,0
96805,0,0,0
76589,0,0,0
181015,0,0,0
133396,0,0,0
266916,0,0,0
89790,0,0,0
169952,0,0,0
40863,0,0,0
358294,0,0,0
369572,0,0,0
242236,0,0,0
63653,0,0,0
81567,0,0,0
400604,0,0,0
359729,0,0,0
235082,0,0,0
85322,0,0,0
189306,0,0,0
360175,0,0,0
136916,0,0,0
235716,0,0,0
365395,0,0,0
325340,0,0,0
148657,0,0,0
219043,0,0,0
164534,0,0,0
405520,0,0,0
359149,0,0,0
165681,0,0,0
387047,0,0,0
172215,0,0,0
206302,0,0,0
282647,0,0,0
92095,0,0,0
266569,0,0,0
384119,0,0,0
80483,0,0,0
145197,0,0,0
288900,0,0,0
90783,0,0,0
59080,0,0,0
239040,0,0,0
39889,0,0,0
170419,0,0,0
276977,0,0,0
173132,0,0,0
380776,0,0,0
262098,0,0,0
311185,0,0,0
277968,0,0,0
160606,0,0,0
79612,0,0,0
380239,0,0,0
112367,0,0,0
15772,0,0,0
81474,0,0,0
96769,0,0,0
27162,0,0,0
302673,0,0,0
34963,0,0,0
136212,0,0,0
298582,0,0,0
160082,0,0,0
167007,0,0,0
407122,0,0,0
354236,0,0,0
74293,0,0,0
298417,0,0,0
147440,0,0,0
363626,0,0,0
313374,0,0,0
1453,0,0,0
42822,0,0,0
230228,0,0,0
205009,0,0,0
22149,0,0,0
34453,0,0,0
127816,0,0,0
400358,0,0,0
245610,0,0,0
279081,0,0,0
21048,0,0,0
70401,0,0,0
219153,0,0,0
92392,0,0,0
96924,0,0,0
96600,0,0,0
366081,0,0,0
289379,0,0,0
277928,0,0,0
357262,0,0,0
232877,0,0,0
63339,0,0,0
54979,0,0,0
96172,0,0,0
168946,0,0,0
372746,0,0,0
220823,0,0,0
258019,0,0,0
223482,0,0,0
150106,0,0,0
243669,0,0,0
320073,0,0,0
280697,0,0,0
90834,0,0,0
21330,0,0,0
291731,0,0,0
99644,0,0,0
31501,0,0,0
351962,0,0,0
391515,0,0,0
136826,0,0,0
64004,0,0,0
372361,0,0,0
273097,0,0,0
188711,0,0,0
40538,0,0,0
259719,0,0,0
80341,0,0,0
329087,0,0,0
279073,0,0,0
81355,0,0,0
372459,0,0,0
145480,0,0,0
107668,0,0,0
27859,0,0,0
50415,0,0,0
306459,0,0,0
74110,0,0,0
882,0,0,0
270000,0,0,0
287783,0,0,0
187777,0,0,0
162687,0,0,0
353046,0,0,0
14766,0,0,0
350669,0,0,0
320935,0,0,0
266849,0,0,0
232493,0,0,0
28387,0,0,0
293274,0,0,0
362,0,0,0
289015,0,0,0
121571,0,0,0
305726,0,0,0
32630,0,0,0
29628,0,0,0
353406,0,0,0
92831,0,0,0
284048,0,0,0
45047,0,0,0
82157,0,0,0
147710,0,0,0
216163,0,0,0
144323,0,0,0
126574,0,0,0
32489,0,0,0
401037,0,0,0
149019,0,0,0
125566,0,0,0
280201,0,0,0
356742,0,0,0
149690,0,0,0
407594,0,0,0
96530,0,0,0
59987,0,0,0
156404,0,0,0
280210,0,0,0
283760,0,0,0
57878,0,0,0
312118,0,0,0
25275,0,0,0
303599,0,0,0
42784,0,0,0
57919,0,0,0
77133,0,0,0
214448,0,0,0
218431,0,0,0
368754,0,0,0
374409,0,0,0
212019,0,0,0
135005,0,0,0
380862,0,0,0
317130,0,0,0
305978,0,0,0
184593,0,0,0
197771,0,0,0
389891,0,0,0
323124,0,0,0
225554,0,0,0
161770,0,0,0
359640,0,0,0
335621,0,0,0
104319,0,0,0
342209,0,0,0
60939,0,0,0
286861,0,0,0
348034,0,0,0
150350,0,0,0
177301,0,0,0
54297,0,0,0
329775,0,0,0
158271,0,0,0
321295,0,0,0
297306,0,0,0
313437,0,0,0
286431,0,0,0
105849,0,0,0
75998,0,0,0
136685,0,0,0
163981,0,0,0
150396,0,0,0
366506,0,0,0
26410,0,0,0
244086,0,0,0
199752,0,0,0
19136,0,0,0
104762,0,0,0
93387,0,0,0
275237,0,0,0
15278,0,0,0
141212,0,0,0
232228,0,0,0
339906,0,0,0
197116,0,0,0
364243,0,0,0
58880,0,0,0
165399,0,0,0
130912,0,0,0
284986,0,0,0
292177,0,0,0
48508,0,0,0
95795,0,0,0
133509,0,0,0
174048,0,0,0
308127,0,0,0
244550,0,0,0
380661,0,0,0
183962,0,0,0
262824,0,0,0
185199,0,0,0
98365,0,0,0
404644,0,0,0
197966,0,0,0
368574,0,0,0
53277,0,0,0
288619,0,0,0
306474,0,0,0
143380,0,0,0
320573,0,0,0
204696,0,0,0
90408,0,0,0
406015,0,0,0
164845,0,0,0
191571,0,0,0
263293,0,0,0
201070,0,0,0
175953,0,0,0
402456,0,0,0
177823,0,0,0
212866,0,0,0
195310,0,0,0
269100,0,0,0
288449,0,0,0
95264,0,0,0
368765,0,0,0
291163,0,0,0
380081,0,0,0
173176,0,0,0
186239,0,0,0
85037,0,0,0
42492,0,0,0
226718,0,0,0
399178,0,0,0
220821,0,0,0
210610,0,0,0
233544,0,0,0
29492,0,0,0
290689,0,0,0
287994,0,0,0
297480,0,0,0
373008,0,0,0
24695,0,0,0
333530,0,0,0
213979,0,0,0
52235,0,0,0
269790,0,0,0
85326,0,0,0
208195,0,0,0
37913,0,0,0
83012,0,0,0
199636,0,0,0
273473,0,0,0
225711,0,0,0
15395,0,0,0
21179,0,0,0
177000,0,0,0
186204,0,0,0
310587,0,0,0
391333,0,0,0
163259,0,0,0
237583,0,0,0
123566,0,0,0
315437,0,0,0
941,0,0,0
340536,0,0,0
230931,0,0,0
6092,0,0,0
46499,0,0,0
409576,0,0,0
268643,0,0,0
263361,0,0,0
294371,0,0,0
381558,0,0,0
294905,0,0,0
21638,0,0,0
332775,0,0,0
28026,0,0,0
23489,0,0,0
199816,0,0,0
21489,0,0,0
336289,0,0,0
96063,0,0,0
373259,0,0,0
82863,0,0,0
55365,0,0,0
221515,0,0,0
261763,0,0,0
123042,0,0,0
360123,0,0,0
73784,0,0,0
35084,0,0,0
271736,0,0,0
397044,0,0,0
29575,0,0,0
283203,0,0,0
252298,0,0,0
50108,0,0,0
359392,0,0,0
212154,0,0,0
288828,0,0,0
9583,0,0,0
41946,0,0,0
65020,0,0,0
261433,0,0,0
153293,0,0,0
3636,0,0,0
143300,0,0,0
255980,0,0,0
228789,0,0,0
342320,0,0,0
101290,0,0,0
299084,0,0,0
101376,0,0,0
215947,0,0,0
268989,0,0,0
288794,0,0,0
402614,0,0,0
140975,0,0,0
43048,0,0,0
278910,0,0,0
149823,0,0,0
188215,0,0,0
112907,0,0,0
361043,0,0,0
291328,0,0,0
88578,0,0,0
155335,0,0,0
306035,0,0,0
293642,0,0,0
361731,0,0,0
368361,0,0,0
290861,0,0,0
235105,0,0,0
209436,0,0,0
203958,0,0,0
382735,0,0,0
135305,0,0,0
371635,0,0,0
316033,0,0,0
404362,0,0,0
350715,0,0,0
280940,0,0,0
88690,0,0,0
333908,0,0,0
250135,0,0,0
34607,0,0,0
2687,0,0,0
401178,0,0,0
253798,0,0,0
165465,0,0,0
197669,0,0,0
249286,0,0,0
371205,0,0,0
367288,0,0,0
241300,0,0,0
62534,0,0,0
293002,0,0,0
162791,0,0,0
258699,0,0,0
283544,0,0,0
238008,0,0,0
213310,0,0,0
358845,0,0,0
167998,0,0,0
266260,0,0,0
290678,0,0,0
128796,0,0,0
226694,0,0,0
217510,0,0,0
311139,0,0,0
310315,0,0,0
40045,0,0,0
41169,0,0,0
331381,0,0,0
70111,0,0,0
266963,0,0,0
164955,0,0,0
345810,0,0,0
116224,0,0,0
347288,0,0,0
349090,0,0,0
363866,0,0,0
175647,0,0,0
55605,0,0,0
302933,0,0,0
132528,0,0,0
219706,0,0,0
47997,0,0,0
40821,0,0,0
86440,0,0,0
100256,0,0,0
148563,0,0,0
400363,0,0,0
354829,0,0,0
354195,0,0,0
278505,0,0,0
136263,0,0,0
357848,0,0,0
391219,0,0,0
11673,0,0,0
145527,0,0,0
132867,0,0,0
275555,0,0,0
151291,0,0,0
300310,0,0,0
92602,0,0,0
230061,0,0,0
22569,0,0,0
215502,0,0,0
56667,0,0,0
318332,0,0,0
161927,0,0,0
66240,0,0,0
343636,0,0,0
79959,0,0,0
151209,0,0,0
339226,0,0,0
92085,0,0,0
197422,0,0,0
229305,0,0,0
325781,0,0,0
388033,0,0,0
36678,0,0,0
291914,0,0,0
325,0,0,0
158573,0,0,0
370503,0,0,0
365144,0,0,0
17044,0,0,0
105272,0,0,0
70393,0,0,0
98426,0,0,0
263017,0,0,0
154406,0,0,0
382211,0,0,0
278319,0,0,0
91423,0,0,0
212714,0,0,0
7165,0,0,0
343871,0,0,0
64229,0,0,0
268730,0,0,0
37680,0,0,0
146403,0,0,0
391583,0,0,0
168426,0,0,0
301856,0,0,0
250174,0,0,0
53244,0,0,0
39384,0,0,0
367452,0,0,0
269972,0,0,0
80353,0,0,0
284765,0,0,0
250035,0,0,0
25059,0,0,0
120856,0,0,0
211460,0,0,0
125841,0,0,0
83232,0,0,0
167751,0,0,0
359670,0,0,0
170931,0,0,0
134220,0,0,0
404095,0,0,0
20027,0,0,0
17509,0,0,0
31070,0,0,0
326807,0,0,0
240138,0,0,0
101207,0,0,0
262982,0,0,0
295340,0,0,0
81427,0,0,0
342492,0,0,0
32364,0,0,0
370294,0,0,0
309380,0,0,0
104353,0,0,0
307354,0,0,0
105980,0,0,0
296968,0,0,0
112887,0,0,0
220313,0,0,0
260937,0,0,0
353149,0,0,0
38699,0,0,0
382011,0,0,0
290970,0,0,0
37821,0,0,0
351766,0,0,0
303232,0,0,0
3277,0,0,0
263974,0,0,0
85108,0,0,0
275532,0,0,0
400485,0,0,0
384495,0,0,0
217779,0,0,0
219995,0,0,0
167674,0,0,0
223450,0,0,0
178111,0,0,0
348384,0,0,0
383836,0,0,0
103070,0,0,0
385128,0,0,0
237338,0,0,0
17994,0,0,0
210873,0,0,0
138087,0,0,0
30877,0,0,0
8895,0,0,0
34550,0,0,0
81703,0,0,0
5422,0,0,0
318931,0,0,0
275461,0,0,0
360613,0,0,0
361718,0,0,0
261945,0,0,0
31568,0,0,0
97405,0,0,0
310299,0,0,0
110737,0,0,0
346596,0,0,0
53708,0,0,0
204454,0,0,0
33038,0,0,0
139459,0,0,0
131859,0,0,0
351243,0,0,0
63251,0,0,0
109297,0,0,0
225472,0,0,0
177334,0,0,0
236393,0,0,0
248155,0,0,0
123203,0,0,0
146545,0,0,0
107624,0,0,0
396603,0,0,0
333968,0,0,0
23618,0,0,0
397621,0,0,0
170528,0,0,0
383811,0,0,0
210646,0,0,0
254123,0,0,0
57318,0,0,0
245971,0,0,0
328687,0,0,0
8451,0,0,0
139300,0,0,0
239294,0,0,0
365269,0,0,0
237137,0,0,0
343513,0,0,0
132337,0,0,0
188539,0,0,0
188152,0,0,0
80918,0,0,0
255437,0,0,0
58520,0,0,0
171282,0,0,0
409386,0,0,0
268292,0,0,0
8904,0,0,0
186116,0,0,0
20064,0,0,0
370805,0,0,0
215946,0,0,0
121891,0,0,0
193145,0,0,0
28258,0,0,0
123531,0,0,0
164311,0,0,0
77463,0,0,0
45463,0,0,0
198540,0,0,0
233176,0,0,0
306742,0,0,0
257503,0,0,0
372557,0,0,0
385241,0,0,0
270480,0,0,0
202399,0,0,0
395399,0,0,0
109501,0,0,0
80809,0,0,0
189896,0,0,0
61007,0,0,0
193021,0,0,0
174999,0,0,0
246713,0,0,0
326566,0,0,0
380086,0,0,0
81122,0,0,0
119276,0,0,0
45168,0,0,0
320675,0,0,0
186024,0,0,0
82179,0,0,0
58079,0,0,0
180916,0,0,0
170680,0,0,0
325557,0,0,0
285456,0,0,0
341552,0,0,0
287530,0,0,0
344637,0,0,0
60550,0,0,0
32862,0,0,0
57811,0,0,0
84505,0,0,0
261797,0,0,0
5561,0,0,0
181378,0,0,0
343517,0,0,0
135586,0,0,0
356040,0,0,0
33465,0,0,0
10491,0,0,0
127224,0,0,0
350116,0,0,0
293157,0,0,0
221037,0,0,0
290591,0,0,0
40885,0,0,0
350897,0,0,0
77336,0,0,0
38610,0,0,0
157960,0,0,0
156477,0,0,0
37023,0,0,0
313602,0,0,0
234837,0,0,0
281975,0,0,0
407237,0,0,0
150421,0,0,0
154943,0,0,0
337434,0,0,0
234795,0,0,0
21024,0,0,0
26182,0,0,0
71596,0,0,0
301873,0,0,0
354394,0,0,0
240809,0,0,0
208134,0,0,0
62133,0,0,0
380751,0,0,0
53718,0,0,0
61630,0,0,0
53168,0,0,0
353643,0,0,0
294241,0,0,0
287433,0,0,0
301325,0,0,0
213006,0,0,0
153758,0,0,0
41334,0,0,0
263281,0,0,0
4446,0,0,0
225237,0,0,0
108617,0,0,0
326524,0,0,0
251407,0,0,0
392975,0,0,0
26808,0,0,0
10595,0,0,0
196679,0,0,0
213490,0,0,0
332717,0,0,0
256244,0,0,0
248180,0,0,0
321380,0,0,0
195171,0,0,0
384672,0,0,0
8327,0,0,0
312386,0,0,0
34585,0,0,0
175961,0,0,0
407915,0,0,0
216983,0,0,0
108556,0,0,0
101427,0,0,0
166179,0,0,0
80856,0,0,0
406598,0,0,0
149221,0,0,0
324056,0,0,0
308226,0,0,0
50766,0,0,0
187717,0,0,0
215327,0,0,0
405383,0,0,0
346740,0,0,0
135624,0,0,0
342948,0,0,0
222644,0,0,0
117500,0,0,0
42934,0,0,0
241771,0,0,0
201800,0,0,0
45817,0,0,0
313695,0,0,0
291334,0,0,0
29023,0,0,0
200314,0,0,0
293908,0,0,0
225450,0,0,0
243937,0,0,0
67849,0,0,0
40630,0,0,0
200183,0,0,0
11812,0,0,0
359329,0,0,0
20616,0,0,0
96471,0,0,0
222726,0,0,0
200428,0,0,0
367650,0,0,0
173075,0,0,0
329116,0,0,0
73366,0,0,0
51605,0,0,0
75346,0,0,0
232199,0,0,0
189383,0,0,0
364738,0,0,0
155813,0,0,0
392865,0,0,0
345552,0,0,0
267336,0,0,0
404234,0,0,0
92303,0,0,0
179413,0,0,0
321007,0,0,0
39936,0,0,0
256502,0,0,0
318973,0,0,0
137607,0,0,0
385080,0,0,0
268523,0,0,0
219079,0,0,0
347724,0,0,0
377100,0,0,0
351925,0,0,0
175774,0,0,0
305979,0,0,0
113534,0,0,0
177530,0,0,0
67724,0,0,0
204382,0,0,0
285083,0,0,0
407,0,0,0
333176,0,0,0
370862,0,0,0
297169,0,0,0
50695,0,0,0
285450,0,0,0
250428,0,0,0
224523,0,0,0
276921,0,0,0
60609,0,0,0
268217,0,0,0
351348,0,0,0
292215,0,0,0
80187,0,0,0
195573,0,0,0
171194,0,0,0
106118,0,0,0
246719,0,0,0
386589,0,0,0
371664,0,0,0
307130,0,0,0
262900,0,0,0
2825,0,0,0
255228,0,0,0
400357,0,0,0
409930,0,0,0
169540,0,0,0
323148,0,0,0
246883,0,0,0
238659,0,0,0
225788,0,0,0
207942,0,0,0
203506,0,0,0
230122,0,0,0
354339,0,0,0
170403,0,0,0
215981,0,0,0
332987,0,0,0
321013,0,0,0
47740,0,0,0
242037,0,0,0
236294,0,0,0
117283,0,0,0
116211,0,0,0
140366,0,0,0
229778,0,0,0
57747,0,0,0
53871,0,0,0
29073,0,0,0
358463,0,0,0
375852,0,0,0
30123,0,0,0
268197,0,0,0
13442,0,0,0
195599,0,0,0
272497,0,0,0
309206,0,0,0
295807,0,0,0
311313,0,0,0
147407,0,0,0
185599,0,0,0
18172,0,0,0
31238,0,0,0
349240,0,0,0
350688,0,0,0
182986,0,0,0
379601,0,0,0
65998,0,0,0
368981,0,0,0
383287,0,0,0
305830,0,0,0
2849,0,0,0
386849,0,0,0
116904,0,0,0
206943,0,0,0
219943,0,0,0
374731,0,0,0
14637,0,0,0
219110,0,0,0
235526,0,0,0
182791,0,0,0
271317,0,0,0
309269,0,0,0
47521,0,0,0
64417,0,0,0
110693,0,0,0
249166,0,0,0
88518,0,0,0
386525,0,0,0
180693,0,0,0
128811,0,0,0
191948,0,0,0
223513,0,0,0
291992,0,0,0
106509,0,0,0
91326,0,0,0
253236,0,0,0
59452,0,0,0
95718,0,0,0
284161,0,0,0
205402,0,0,0
391785,0,0,0
99021,0,0,0
243839,0,0,0
199683,0,0,0
35857,0,0,0
264278,0,0,0
273057,0,0,0
145929,0,0,0
315898,0,0,0
83247,0,0,0
183451,0,0,0
144971,0,0,0
235783,0,0,0
136515,0,0,0
288133,0,0,0
338883,0,0,0
399200,0,0,0
334124,0,0,0
375108,0,0,0
342888,0,0,0
136561,0,0,0
355422,0,0,0
31224,0,0,0
20199,0,0,0
397342,0,0,0
322355,0,0,0
144514,0,0,0
159093,0,0,0
179449,0,0,0
106746,0,0,0
190848,0,0,0
219462,0,0,0
80374,0,0,0
404580,0,0,0
333441,0,0,0
356086,0,0,0
372599,0,0,0
124710,0,0,0
156030,0,0,0
254637,0,0,0
185725,0,0,0
301710,0,0,0
181563,0,0,0
156336,0,0,0
15031,0,0,0
108995,0,0,0
218296,0,0,0
143436,0,0,0
151994,0,0,0
177552,0,0,0
38006,0,0,0
321726,0,0,0
383085,0,0,0
15170,0,0,0
271676,0,0,0
313845,0,0,0
193984,0,0,0
225561,0,0,0
307139,0,0,0
217738,0,0,0
143681,0,0,0
158615,0,0,0
109901,0,0,0
311952,0,0,0
78189,0,0,0
381606,0,0,0
244340,0,0,0
232457,0,0,0
229999,0,0,0
29690,0,0,0
127308,0,0,0
23809,0,0,0
201277,0,0,0
66659,0,0,0
110117,0,0,0
181050,0,0,0
225283,0,0,0
277272,0,0,0
263451,0,0,0
66618,0,0,0
214609,0,0,0
184798,0,0,0
140349,0,0,0
358829,0,0,0
235366,0,0,0
3954,0,0,0
2328,0,0,0
28881,0,0,0
368342,0,0,0
406538,0,0,0
106176,0,0,0
34186,0,0,0
39940,0,0,0
6878,0,0,0
331182,0,0,0
61065,0,0,0
274741,0,0,0
278956,0,0,0
347101,0,0,0
84313,0,0,0
361826,0,0,0
233705,0,0,0
74650,0,0,0
217193,0,0,0
341343,0,0,0
100126,0,0,0
310825,0,0,0
402276,0,0,0
611,0,0,0
347219,0,0,0
15679,0,0,0
391145,0,0,0
386080,0,0,0
309840,0,0,0
122941,0,0,0
262274,0,0,0
251785,0,0,0
380345,0,0,0
296015,0,0,0
308395,0,0,0
70150,0,0,0
93512,0,0,0
326768,0,0,0
235199,0,0,0
250622,0,0,0
298365,0,0,0
45666,0,0,0
250740,0,0,0
381309,0,0,0
308668,0,0,0
347118,0,0,0
308244,0,0,0
229290,0,0,0
281465,0,0,0
213134,0,0,0
122488,0,0,0
64710,0,0,0
296502,0,0,0
229438,0,0,0
392961,0,0,0
389819,0,0,0
133774,0,0,0
219346,0,0,0
288954,0,0,0
216445,0,0,0
168428,0,0,0
226647,0,0,0
98955,0,0,0
77825,0,0,0
388122,0,0,0
179428,0,0,0
279255,0,0,0
356049,0,0,0
28189,0,0,0
68731,0,0,0
38315,0,0,0
361678,0,0,0
270788,0,0,0
188378,0,0,0
144935,0,0,0
367408,0,0,0
133953,0,0,0
279826,0,0,0
265760,0,0,0
395116,0,0,0
334184,0,0,0
186716,0,0,0
371625,0,0,0
398985,0,0,0
159399,0,0,0
106539,0,0,0
231092,0,0,0
177977,0,0,0
132611,0,0,0
80339,0,0,0
233563,0,0,0
342269,0,0,0
80250,0,0,0
10635,0,0,0
212441,0,0,0
172205,0,0,0
320397,0,0,0
7059,0,0,0
67639,0,0,0
153477,0,0,0
186755,0,0,0
183617,0,0,0
59860,0,0,0
47048,0,0,0
191968,0,0,0
121234,0,0,0
63050,0,0,0
350261,0,0,0
29697,0,0,0
162119,0,0,0
246263,0,0,0
68592,0,0,0
361716,0,0,0
89288,0,0,0
124986,0,0,0
51373,0,0,0
325177,0,0,0
85441,0,0,0
206685,0,0,0
193431,0,0,0
374563,0,0,0
200655,0,0,0
352824,0,0,0
51460,0,0,0
109579,0,0,0
406466,0,0,0
278004,0,0,0
240363,0,0,0
364475,0,0,0
68531,0,0,0
397821,0,0,0
108387,0,0,0
238235,0,0,0
263732,0,0,0
339554,0,0,0
331580,0,0,0
67053,0,0,0
297772,0,0,0
295513,0,0,0
183507,0,0,0
236373,0,0,0
50955,0,0,0
232994,0,0,0
177854,0,0,0
167883,0,0,0
97875,0,0,0
66988,0,0,0
272813,0,0,0
139470,0,0,0
36789,0,0,0
203976,0,0,0
70392,0,0,0
209508,0,0,0
181225,0,0,0
109301,0,0,0
290242,0,0,0
244923,0,0,0
244447,0,0,0
333465,0,0,0
231519,0,0,0
84214,0,0,0
379370,0,0,0
58690,0,0,0
60095,0,0,0
395519,0,0,0
124024,0,0,0
157355,0,0,0
65877,0,0,0
348254,0,0,0
17550,0,0,0
314482,0,0,0
30407,0,0,0
215643,0,0,0
319992,0,0,0
186532,0,0,0
101471,0,0,0
269359,0,0,0
309673,0,0,0
172527,0,0,0
359010,0,0,0
202990,0,0,0
255784,0,0,0
127563,0,0,0
393201,0,0,0
312163,0,0,0
229840,0,0,0
158510,0,0,0
146809,0,0,0
208871,0,0,0
103891,0,0,0
188450,0,0,0
399332,0,0,0
118017,0,0,0
247203,0,0,0
140786,0,0,0
188830,0,0,0
248459,0,0,0
242745,0,0,0
87492,0,0,0
397127,0,0,0
289061,0,0,0
35332,0,0,0
331288,0,0,0
304907,0,0,0
255368,0,0,0
219030,0,0,0
101651,0,0,0
278748,0,0,0
237601,0,0,0
310255,0,0,0
298418,0,0,0
307103,0,0,0
278962,0,0,0
405569,0,0,0
198998,0,0,0
390835,0,0,0
108880,0,0,0
63680,0,0,0
411088,0,0,0
371226,0,0,0
86803,0,0,0
323257,0,0,0
175797,0,0,0
409556,0,0,0
117221,0,0,0
35620,0,0,0
151999,0,0,0
208739,0,0,0
370232,0,0,0
261253,0,0,0
177040,0,0,0
332449,0,0,0
62276,0,0,0
105613,0,0,0
107238,0,0,0
307899,0,0,0
322819,0,0,0
163448,0,0,0
94530,0,0,0
239341,0,0,0
244013,0,0,0
370598,0,0,0
70093,0,0,0
26734,0,0,0
7334,0,0,0
99168,0,0,0
134863,0,0,0
232551,0,0,0
135758,0,0,0
113830,0,0,0
183222,0,0,0
240803,0,0,0
6583,0,0,0
226659,0,0,0
247501,0,0,0
283876,0,0,0
340427,0,0,0
26217,0,0,0
205253,0,0,0
163961,0,0,0
164270,0,0,0
250475,0,0,0
65517,0,0,0
248777,0,0,0
340166,0,0,0
312956,0,0,0
378163,0,0,0
383349,0,0,0
335809,0,0,0
213777,0,0,0
384939,0,0,0
227303,0,0,0
269087,0,0,0
359661,0,0,0
338433,0,0,0
244842,0,0,0
44373,0,0,0
396787,0,0,0
183020,0,0,0
25423,0,0,0
394907,0,0,0
257715,0,0,0
166376,0,0,0
289115,0,0,0
151299,0,0,0
80390,0,0,0
162738,0,0,0
311961,0,0,0
249262,0,0,0
346669,0,0,0
347240,0,0,0
76341,0,0,0
207472,0,0,0
403363,0,0,0
395979,0,0,0
40944,0,0,0
154850,0,0,0
190467,0,0,0
40616,0,0,0
408961,0,0,0
276736,0,0,0
589,0,0,0
93156,0,0,0
20622,0,0,0
401288,0,0,0
80060,0,0,0
317129,0,0,0
231460,0,0,0
116281,0,0,0
7749,0,0,0
384691,0,0,0
303040,0,0,0
341878,0,0,0
58691,0,0,0
72850,0,0,0
208594,0,0,0
44834,0,0,0
22364,0,0,0
325204,0,0,0
38437,0,0,0
376524,0,0,0
4500,0,0,0
266076,0,0,0
327809,0,0,0
21675,0,0,0
102555,0,0,0
385111,0,0,0
156983,0,0,0
402819,0,0,0
292593,0,0,0
128956,0,0,0
91300,0,0,0
403150,0,0,0
24521,0,0,0
374980,0,0,0
260735,0,0,0
359143,0,0,0
97953,0,0,0
307849,0,0,0
358327,0,0,0
410085,0,0,0
401361,0,0,0
147472,0,0,0
328010,0,0,0
173163,0,0,0
102400,0,0,0
323724,0,0,0
295557,0,0,0
252877,0,0,0
319334,0,0,0
188463,0,0,0
384216,0,0,0
15533,0,0,0
356003,0,0,0
210724,0,0,0
123093,0,0,0
78411,0,0,0
283717,0,0,0
97320,0,0,0
197373,0,0,0
19021,0,0,0
12260,0,0,0
400606,0,0,0
398519,0,0,0
352703,0,0,0
312981,0,0,0
74106,0,0,0
78765,0,0,0
358351,0,0,0
399562,0,0,0
336765,0,0,0
261938,0,0,0
317868,0,0,0
198348,0,0,0
29627,0,0,0
200221,0,0,0
364238,0,0,0
144373,0,0,0
302122,0,0,0
276293,0,0,0
333707,0,0,0
39812,0,0,0
14812,0,0,0
342633,0,0,0
206207,0,0,0
66947,0,0,0
338630,0,0,0
270452,0,0,0
37444,0,0,0
341777,0,0,0
165103,0,0,0
142156,0,0,0
375091,0,0,0
198137,0,0,0
304900,0,0,0
34681,0,0,0
55800,0,0,0
10835,0,0,0
146016,0,0,0
24955,0,0,0
130207,0,0,0
81581,0,0,0
103046,0,0,0
97920,0,0,0
214555,0,0,0
193838,0,0,0
312595,0,0,0
384005,0,0,0
299182,0,0,0
9251,0,0,0
39949,0,0,0
86786,0,0,0
243406,0,0,0
409129,0,0,0
331908,0,0,0
144907,0,0,0
220658,0,0,0
72108,0,0,0
1963,0,0,0
49202,0,0,0
157012,0,0,0
250071,0,0,0
387544,0,0,0
31769,0,0,0
178957,0,0,0
343679,0,0,0
162288,0,0,0
186181,0,0,0
259421,0,0,0
53719,0,0,0
40611,0,0,0
335433,0,0,0
349143,0,0,0
205470,0,0,0
330647,0,0,0
244615,0,0,0
367619,0,0,0
182151,0,0,0
55950,0,0,0
56709,0,0,0
407584,0,0,0
275071,0,0,0
49609,0,0,0
188761,0,0,0
180497,0,0,0
338959,0,0,0
258771,0,0,0
194876,0,0,0
94019,0,0,0
408418,0,0,0
356808,0,0,0
210920,0,0,0
212892,0,0,0
183281,0,0,0
166864,0,0,0
233302,0,0,0
179921,0,0,0
251178,0,0,0
345295,0,0,0
317712,0,0,0
139556,0,0,0
161433,0,0,0
284391,0,0,0
22230,0,0,0
13570,0,0,0
77444,0,0,0
71675,0,0,0
68004,0,0,0
14147,0,0,0
327549,0,0,0
140788,0,0,0
330252,0,0,0
6959,0,0,0
202531,0,0,0
30845,0,0,0
12414,0,0,0
247943,0,0,0
146501,0,0,0
363699,0,0,0
311282,0,0,0
40793,0,0,0
89328,0,0,0
160626,0,0,0
393187,0,0,0
368614,0,0,0
122673,0,0,0
77605,0,0,0
223618,0,0,0
216377,0,0,0
163662,0,0,0
254058,0,0,0
66897,0,0,0
293275,0,0,0
270189,0,0,0
244144,0,0,0
297595,0,0,0
197788,0,0,0
174385,0,0,0
145572,0,0,0
361029,0,0,0
396324,0,0,0
34801,0,0,0
38046,0,0,0
107158,0,0,0
284294,0,0,0
392161,0,0,0
222289,0,0,0
390608,0,0,0
105227,0,0,0
302320,0,0,0
177809,0,0,0
16712,0,0,0
208342,0,0,0
323856,0,0,0
364381,0,0,0
211882,0,0,0
51140,0,0,0
282586,0,0,0
67440,0,0,0
119123,0,0,0
24337,0,0,0
22670,0,0,0
216897,0,0,0
42029,0,0,0
99429,0,0,0
311195,0,0,0
254736,0,0,0
340738,0,0,0
374838,0,0,0
335509,0,0,0
51328,0,0,0
394479,0,0,0
271259,0,0,0
126975,0,0,0
387232,0,0,0
208623,0,0,0
158823,0,0,0
97971,0,0,0
193739,0,0,0
282777,0,0,0
56268,0,0,0
162012,0,0,0
94366,0,0,0
316289,0,0,0
226485,0,0,0
121696,0,0,0
29218,0,0,0
252149,0,0,0
124652,0,0,0
254818,0,0,0
384203,0,0,0
329960,0,0,0
105903,0,0,0
293234,0,0,0
149847,0,0,0
361786,0,0,0
356490,0,0,0
260279,0,0,0
243296,0,0,0
24254,0,0,0
69182,0,0,0
220717,0,0,0
166636,0,0,0
136051,0,0,0
83005,0,0,0
109741,0,0,0
115296,0,0,0
212873,0,0,0
302223,0,0,0
265776,0,0,0
12657,0,0,0
401652,0,0,0
718,0,0,0
411159,0,0,0
36559,0,0,0
156538,0,0,0
108803,0,0,0
3374,0,0,0
128453,0,0,0
7654,0,0,0
186890,0,0,0
16987,0,0,0
383006,0,0,0
184149,0,0,0
260987,0,0,0
31111,0,0,0
162650,0,0,0
199063,0,0,0
255491,0,0,0
63323,0,0,0
318326,0,0,0
226961,0,0,0
160267,0,0,0
213898,0,0,0
107183,0,0,0
212320,0,0,0
139262,0,0,0
137074,0,0,0
265997,0,0,0
125247,0,0,0
15325,0,0,0
254340,0,0,0
86887,0,0,0
184389,0,0,0
95888,0,0,0
93147,0,0,0
52518,0,0,0
35357,0,0,0
32728,0,0,0
197001,0,0,0
18195,0,0,0
116871,0,0,0
372101,0,0,0
69776,0,0,0
325157,0,0,0
49836,0,0,0
155076,0,0,0
394668,0,0,0
109404,0,0,0
200850,0,0,0
79783,0,0,0
16809,0,0,0
120854,0,0,0
56043,0,0,0
368589,0,0,0
307058,0,0,0
158081,0,0,0
58378,0,0,0
404684,0,0,0
298871,0,0,0
392645,0,0,0
177787,0,0,0
213166,0,0,0
339414,0,0,0
275827,0,0,0
337174,0,0,0
205196,0,0,0
369468,0,0,0
296088,0,0,0
31135,0,0,0
270802,0,0,0
89730,0,0,0
139471,0,0,0
224841,0,0,0
300700,0,0,0
14944,0,0,0
257763,0,0,0
349803,0,0,0
378564,0,0,0
321639,0,0,0
126997,0,0,0
214770,0,0,0
352298,0,0,0
37556,0,0,0
123369,0,0,0
54749,0,0,0
181605,0,0,0
18051,0,0,0
362342,0,0,0
102383,0,0,0
343156,0,0,0
122466,0,0,0
318076,0,0,0
296640,0,0,0
210958,0,0,0
33588,0,0,0
211256,0,0,0
88705,0,0,0
146981,0,0,0
213294,0,0,0
258744,0,0,0
180969,0,0,0
351944,0,0,0
164718,0,0,0
148811,0,0,0
390209,0,0,0
370846,0,0,0
180207,0,0,0
87363,0,0,0
87261,0,0,0
240988,0,0,0
99323,0,0,0
221400,0,0,0
321033,0,0,0
30479,0,0,0
164585,0,0,0
369357,0,0,0
19,0,0,0
15042,0,0,0
400466,0,0,0
55661,0,0,0
29797,0,0,0
72318,0,0,0
321309,0,0,0
145000,0,0,0
17917,0,0,0
129015,0,0,0
241801,0,0,0
355281,0,0,0
253052,0,0,0
92758,0,0,0
225941,0,0,0
277703,0,0,0
284079,0,0,0
331481,0,0,0
365959,0,0,0
93430,0,0,0
114684,0,0,0
338510,0,0,0
339456,0,0,0
180161,0,0,0
361524,0,0,0
13093,0,0,0
271543,0,0,0
26682,0,0,0
332005,0,0,0
48174,0,0,0
47425,0,0,0
204599,0,0,0
73314,0,0,0
120938,0,0,0
134969,0,0,0
119032,0,0,0
91224,0,0,0
257724,0,0,0
130927,0,0,0
328597,0,0,0
388155,0,0,0
406071,0,0,0
106155,0,0,0
36589,0,0,0
379087,0,0,0
236147,0,0,0
278666,0,0,0
42415,0,0,0
401049,0,0,0
172184,0,0,0
29813,0,0,0
86614,0,0,0
23235,0,0,0
151375,0,0,0
361249,0,0,0
210699,0,0,0
210849,0,0,0
185940,0,0,0
49474,0,0,0
401714,0,0,0
86020,0,0,0
45111,0,0,0
364296,0,0,0
226273,0,0,0
194256,0,0,0
337534,0,0,0
236790,0,0,0
154623,0,0,0
391774,0,0,0
66006,0,0,0
307163,0,0,0
308299,0,0,0
95945,0,0,0
333288,0,0,0
301024,0,0,0
227645,0,0,0
69404,0,0,0
136592,0,0,0
140837,0,0,0
320613,0,0,0
3188,0,0,0
306449,0,0,0
379593,0,0,0
345437,0,0,0
124167,0,0,0
282123,0,0,0
226725,0,0,0
1119,0,0,0
368781,0,0,0
226099,0,0,0
266118,0,0,0
210434,0,0,0
15330,0,0,0
19327,0,0,0
295756,0,0,0
243486,0,0,0
169976,0,0,0
264407,0,0,0
314541,0,0,0
47242,0,0,0
41220,0,0,0
123381,0,0,0
151157,0,0,0
107469,0,0,0
342881,0,0,0
88803,0,0,0
391969,0,0,0
291259,0,0,0
112098,0,0,0
163287,0,0,0
115360,0,0,0
101015,0,0,0
12199,0,0,0
25990,0,0,0
401381,0,0,0
341711,0,0,0
16361,0,0,0
212876,0,0,0
253010,0,0,0
85947,0,0,0
193667,0,0,0
375385,0,0,0
404675,0,0,0
231286,0,0,0
164888,0,0,0
38507,0,0,0
267756,0,0,0
298933,0,0,0
123979,0,0,0
324611,0,0,0
386724,0,0,0
36113,0,0,0
266059,0,0,0
54617,0,0,0
214755,0,0,0
189387,0,0,0
112898,0,0,0
103611,0,0,0
308120,0,0,0
331289,0,0,0
221812,0,0,0
280438,0,0,0
253764,0,0,0
281976,0,0,0
245665,0,0,0
80180,0,0,0
284349,0,0,0
125469,0,0,0
9275,0,0,0
15371,0,0,0
245678,0,0,0
210598,0,0,0
43623,0,0,0
191316,0,0,0
344121,0,0,0
324268,0,0,0
73136,0,0,0
379160,0,0,0
254434,0,0,0
341065,0,0,0
238028,0,0,0
402745,0,0,0
384556,0,0,0
271228,0,0,0
107671,0,0,0
256435,0,0,0
291812,0,0,0
195879,0,0,0
7163,0,0,0
327267,0,0,0
50032,0,0,0
339132,0,0,0
165451,0,0,0
182456,0,0,0
293785,0,0,0
294485,0,0,0
94806,0,0,0
257517,0,0,0
189802,0,0,0
231696,0,0,0
85826,0,0,0
406974,0,0,0
313203,0,0,0
284371,0,0,0
166248,0,0,0
322465,0,0,0
33231,0,0,0
346751,0,0,0
155245,0,0,0
244039,0,0,0
215583,0,0,0
64163,0,0,0
127333,0,0,0
324559,0,0,0
142403,0,0,0
28954,0,0,0
321577,0,0,0
90054,0,0,0
80210,0,0,0
131972,0,0,0
410233,0,0,0
345588,0,0,0
304014,0,0,0
304232,0,0,0
199182,0,0,0
84636,0,0,0
54403,0,0,0
18414,0,0,0
207474,0,0,0
368668,0,0,0
75309,0,0,0
65481,0,0,0
357724,0,0,0
266239,0,0,0
97615,0,0,0
134736,0,0,0
246071,0,0,0
182942,0,0,0
273051,0,0,0
314093,0,0,0
212847,0,0,0
113127,0,0,0
122897,0,0,0
226532,0,0,0
264793,0,0,0
382193,0,0,0
208596,0,0,0
6672,0,0,0
300124,0,0,0
19434,0,0,0
380419,0,0,0
248186,0,0,0
311486,0,0,0
294757,0,0,0
240301,0,0,0
233860,0,0,0
364541,0,0,0
348660,0,0,0
390889,0,0,0
160670,0,0,0
218889,0,0,0
224256,0,0,0
270727,0,0,0
29978,0,0,0
155619,0,0,0
30468,0,0,0
399774,0,0,0
308387,0,0,0
289052,0,0,0
146430,0,0,0
223779,0,0,0
31144,0,0,0
153491,0,0,0
306396,0,0,0
370062,0,0,0
326114,0,0,0
253952,0,0,0
97062,0,0,0
105862,0,0,0
264000,0,0,0
375026,0,0,0
218492,0,0,0
90506,0,0,0
73985,0,0,0
399508,0,0,0
173357,0,0,0
402206,0,0,0
195225,0,0,0
349216,0,0,0
402212,0,0,0
328203,0,0,0
29735,0,0,0
138396,0,0,0
318304,0,0,0
42171,0,0,0
299338,0,0,0
388518,0,0,0
108879,0,0,0
162599,0,0,0
116574,0,0,0
95712,0,0,0
331301,0,0,0
361359,0,0,0
377021,0,0,0
240760,0,0,0
157136,0,0,0
302585,0,0,0
207852,0,0,0
389344,0,0,0
208621,0,0,0
346840,0,0,0
105678,0,0,0
339442,0,0,0
187193,0,0,0
405368,0,0,0
32891,0,0,0
268433,0,0,0
219369,0,0,0
334111,0,0,0
158437,0,0,0
147877,0,0,0
95987,0,0,0
373287,0,0,0
325470,0,0,0
107514,0,0,0
114563,0,0,0
397387,0,0,0
203115,0,0,0
5923,0,0,0
146538,0,0,0
52617,0,0,0
207658,0,0,0
179418,0,0,0
170866,0,0,0
9661,0,0,0
117711,0,0,0
121251,0,0,0
386618,0,0,0
61948,0,0,0
60776,0,0,0
189431,0,0,0
104420,0,0,0
95779,0,0,0
186067,0,0,0
218973,0,0,0
204912,0,0,0
398824,0,0,0
263163,0,0,0
178779,0,0,0
156195,0,0,0
191046,0,0,0
88980,0,0,0
179702,0,0,0
216874,0,0,0
280811,0,0,0
272963,0,0,0
186593,0,0,0
47802,0,0,0
312415,0,0,0
129002,0,0,0
409970,0,0,0
122928,0,0,0
204825,0,0,0
10366,0,0,0
331118,0,0,0
375787,0,0,0
408537,0,0,0
34853,0,0,0
82505,0,0,0
248019,0,0,0
160420,0,0,0
165645,0,0,0
113824,0,0,0
145703,0,0,0
408110,0,0,0
79624,0,0,0
94049,0,0,0
138783,0,0,0
332189,0,0,0
290973,0,0,0
124085,0,0,0
223129,0,0,0
270238,0,0,0
240207,0,0,0
125019,0,0,0
41083,0,0,0
385649,0,0,0
301007,0,0,0
231394,0,0,0
141578,0,0,0
361386,0,0,0
119166,0,0,0
266422,0,0,0
324556,0,0,0
272509,0,0,0
410406,0,0,0
46109,0,0,0
206785,0,0,0
6296,0,0,0
354058,0,0,0
258045,0,0,0
283427,0,0,0
331985,0,0,0
210413,0,0,0
108064,0,0,0
5918,0,0,0
135205,0,0,0
325329,0,0,0
325768,0,0,0
376895,0,0,0
111152,0,0,0
280040,0,0,0
226791,0,0,0
37350,0,0,0
166890,0,0,0
278002,0,0,0
217849,0,0,0
134278,0,0,0
135928,0,0,0
33526,0,0,0
32811,0,0,0
173796,0,0,0
307307,0,0,0
133642,0,0,0
180569,0,0,0
103640,0,0,0
343691,0,0,0
362288,0,0,0
298473,0,0,0
49914,0,0,0
214880,0,0,0
146350,0,0,0
78670,0,0,0
260572,0,0,0
241947,0,0,0
165945,0,0,0
345897,0,0,0
210586,0,0,0
357635,0,0,0
249272,0,0,0
268030,0,0,0
17272,0,0,0
232159,0,0,0
138861,0,0,0
8740,0,0,0
164986,0,0,0
115522,0,0,0
64132,0,0,0
264379,0,0,0
397014,0,0,0
179787,0,0,0
153041,0,0,0
30128,0,0,0
269744,0,0,0
172956,0,0,0
10705,0,0,0
171351,0,0,0
188400,0,0,0
189159,0,0,0
32235,0,0,0
62519,0,0,0
290234,0,0,0
278482,0,0,0
102876,0,0,0
305079,0,0,0
342405,0,0,0
176287,0,0,0
389566,0,0,0
117877,0,0,0
205224,0,0,0
259036,0,0,0
128372,0,0,0
170091,0,0,0
8363,0,0,0
134429,0,0,0
279674,0,0,0
173658,0,0,0
17327,0,0,0
182051,0,0,0
85690,0,0,0
104376,0,0,0
38330,0,0,0
390035,0,0,0
100330,0,0,0
68767,0,0,0
285322,0,0,0
282034,0,0,0
154419,0,0,0
409759,0,0,0
263108,0,0,0
2839,0,0,0
384919,0,0,0
263035,0,0,0
202046,0,0,0
296802,0,0,0
259711,0,0,0
116462,0,0,0
10087,0,0,0
333773,0,0,0
237149,0,0,0
306939,0,0,0
229765,0,0,0
108859,0,0,0
325648,0,0,0
396468,0,0,0
41557,0,0,0
67944,0,0,0
362396,0,0,0
34051,0,0,0
289352,0,0,0
211617,0,0,0
124137,0,0,0
196104,0,0,0
355672,0,0,0
9728,0,0,0
143813,0,0,0
85194,0,0,0
251887,0,0,0
144686,0,0,0
19182,0,0,0
47825,0,0,0
377619,0,0,0
270706,0,0,0
404957,0,0,0
403627,0,0,0
71130,0,0,0
393119,0,0,0
333362,0,0,0
163518,0,0,0
264261,0,0,0
47262,0,0,0
200667,0,0,0
178086,0,0,0
51323,0,0,0
408608,0,0,0
85729,0,0,0
270721,0,0,0
57375,0,0,0
54582,0,0,0
16889,0,0,0
154916,0,0,0
310778,0,0,0
310446,0,0,0
225288,0,0,0
350990,0,0,0
257857,0,0,0
71092,0,0,0
173024,0,0,0
227009,0,0,0
49109,0,0,0
103942,0,0,0
150952,0,0,0
263704,0,0,0
382846,0,0,0
200815,0,0,0
106892,0,0,0
349023,0,0,0
137823,0,0,0
20162,0,0,0
135322,0,0,0
254717,0,0,0
344447,0,0,0
74570,0,0,0
185126,0,0,0
123507,0,0,0
175538,0,0,0
288452,0,0,0
229552,0,0,0
390603,0,0,0
74780,0,0,0
324144,0,0,0
222151,0,0,0
87903,0,0,0
12096,0,0,0
324173,0,0,0
191997,0,0,0
125949,0,0,0
140641,0,0,0
297827,0,0,0
91891,0,0,0
62268,0,0,0
58263,0,0,0
19414,0,0,0
305145,0,0,0
190907,0,0,0
113341,0,0,0
59345,0,0,0
352100,0,0,0
376303,0,0,0
398804,0,0,0
196042,0,0,0
150649,0,0,0
81088,0,0,0
219227,0,0,0
13735,0,0,0
268714,0,0,0
218701,0,0,0
49444,0,0,0
366386,0,0,0
293554,0,0,0
186713,0,0,0
275570,0,0,0
290370,0,0,0
375414,0,0,0
194220,0,0,0
321425,0,0,0
330490,0,0,0
56457,0,0,0
53015,0,0,0
313484,0,0,0
54341,0,0,0
190390,0,0,0
334741,0,0,0
295185,0,0,0
400621,0,0,0
102968,0,0,0
400293,0,0,0
176060,0,0,0
350441,0,0,0
408070,0,0,0
276378,0,0,0
123720,0,0,0
304364,0,0,0
393501,0,0,0
261886,0,0,0
396647,0,0,0
60326,0,0,0
254392,0,0,0
135969,0,0,0
353672,0,0,0
170369,0,0,0
1834,0,0,0
105401,0,0,0
298237,0,0,0
323461,0,0,0
169210,0,0,0
30277,0,0,0
112339,0,0,0
281879,0,0,0
231418,0,0,0
79807,0,0,0
232303,0,0,0
166207,0,0,0
301455,0,0,0
225738,0,0,0
58390,0,0,0
185936,0,0,0
109494,0,0,0
133457,0,0,0
208125,0,0,0
213855,0,0,0
202305,0,0,0
179376,0,0,0
62250,0,0,0
317754,0,0,0
371271,0,0,0
261396,0,0,0
125015,0,0,0
186012,0,0,0
79019,0,0,0
72358,0,0,0
328082,0,0,0
239392,0,0,0
153799,0,0,0
269800,0,0,0
94011,0,0,0
238326,0,0,0
327682,0,0,0
87973,0,0,0
201410,0,0,0
92841,0,0,0
163578,0,0,0
286254,0,0,0
172473,0,0,0
210917,0,0,0
154106,0,0,0
197113,0,0,0
231970,0,0,0
164653,0,0,0
30946,0,0,0
166613,0,0,0
291073,0,0,0
127152,0,0,0
259264,0,0,0
354642,0,0,0
387819,0,0,0
137127,0,0,0
377505,0,0,0
120282,0,0,0
39685,0,0,0
240654,0,0,0
19405,0,0,0
230264,0,0,0
184855,0,0,0
155187,0,0,0
234958,0,0,0
54364,0,0,0
309156,0,0,0
199316,0,0,0
166073,0,0,0
364856,0,0,0
129916,0,0,0
81697,0,0,0
303110,0,0,0
208020,0,0,0
14967,0,0,0
173497,0,0,0
120139,0,0,0
372755,0,0,0
34342,0,0,0
94772,0,0,0
46144,0,0,0
406156,0,0,0
268846,0,0,0
325108,0,0,0
366137,0,0,0
409134,0,0,0
187398,0,0,0
288597,0,0,0
355439,0,0,0
39738,0,0,0
36597,0,0,0
188696,0,0,0
98242,0,0,0
196325,0,0,0
129298,0,0,0
331845,0,0,0
357397,0,0,0
72461,0,0,0
70742,0,0,0
345269,0,0,0
80820,0,0,0
303525,0,0,0
81706,0,0,0
90955,0,0,0
209566,0,0,0
314691,0,0,0
290469,0,0,0
317720,0,0,0
67887,0,0,0
4669,0,0,0
376672,0,0,0
43758,0,0,0
244408,0,0,0
205690,0,0,0
117438,0,0,0
3510,0,0,0
112864,0,0,0
60501,0,0,0
116420,0,0,0
70437,0,0,0
394861,0,0,0
13210,0,0,0
60814,0,0,0
104345,0,0,0
93173,0,0,0
10994,0,0,0
252685,0,0,0
55435,0,0,0
100838,0,0,0
90466,0,0,0
213191,0,0,0
263169,0,0,0
146444,0,0,0
91820,0,0,0
174777,0,0,0
297468,0,0,0
217885,0,0,0
172616,0,0,0
96748,0,0,0
160756,0,0,0
244219,0,0,0
136160,0,0,0
208243,0,0,0
300736,0,0,0
25266,0,0,0
121276,0,0,0
72982,0,0,0
229781,0,0,0
232219,0,0,0
251903,0,0,0
321655,0,0,0
145395,0,0,0
254724,0,0,0
31693,0,0,0
374976,0,0,0
319761,0,0,0
374497,0,0,0
279915,0,0,0
157849,0,0,0
163455,0,0,0
173107,0,0,0
191161,0,0,0
85799,0,0,0
283975,0,0,0
5079,0,0,0
299083,0,0,0
172243,0,0,0
396976,0,0,0
319241,0,0,0
292396,0,0,0
316297,0,0,0
411378,0,0,0
184893,0,0,0
409187,0,0,0
310356,0,0,0
344688,0,0,0
127153,0,0,0
135158,0,0,0
409645,0,0,0
170668,0,0,0
180188,0,0,0
410747,0,0,0
257335,0,0,0
149436,0,0,0
356371,0,0,0
188683,0,0,0
368431,0,0,0
202237,0,0,0
392523,0,0,0
249358,0,0,0
255150,0,0,0
388927,0,0,0
406379,0,0,0
85712,0,0,0
30790,0,0,0
89047,0,0,0
408118,0,0,0
143260,0,0,0
180434,0,0,0
329282,0,0,0
274272,0,0,0
308854,0,0,0
388385,0,0,0
366060,0,0,0
308871,0,0,0
278556,0,0,0
264048,0,0,0
308712,0,0,0
72229,0,0,0
212049,0,0,0
190963,0,0,0
394082,0,0,0
34080,0,0,0
133559,0,0,0
4848,0,0,0
116217,0,0,0
313673,0,0,0
47319,0,0,0
356145,0,0,0
191655,0,0,0
100813,0,0,0
356205,0,0,0
73707,0,0,0
396607,0,0,0
21331,0,0,0
187610,0,0,0
60981,0,0,0
118178,0,0,0
147772,0,0,0
70519,0,0,0
69177,0,0,0
351001,0,0,0
119883,0,0,0
388746,0,0,0
225963,0,0,0
323848,0,0,0
220960,0,0,0
18607,0,0,0
371346,0,0,0
225514,0,0,0
145771,0,0,0
86556,0,0,0
231102,0,0,0
47133,0,0,0
183511,0,0,0
91978,0,0,0
379932,0,0,0
44725,0,0,0
114654,0,0,0
199468,0,0,0
49527,0,0,0
204369,0,0,0
101576,0,0,0
186856,0,0,0
320398,0,0,0
219922,0,0,0
405652,0,0,0
36760,0,0,0
151341,0,0,0
381033,0,0,0
339067,0,0,0
39356,0,0,0
344289,0,0,0
364572,0,0,0
6787,0,0,0
19755,0,0,0
16255,0,0,0
12616,0,0,0
300299,0,0,0
105358,0,0,0
116676,0,0,0
93555,0,0,0
74971,0,0,0
265385,0,0,0
249525,0,0,0
123528,0,0,0
36551,0,0,0
213983,0,0,0
312321,0,0,0
201032,0,0,0
108471,0,0,0
342925,0,0,0
282839,0,0,0
353152,0,0,0
121132,0,0,0
327914,0,0,0
89666,0,0,0
7720,0,0,0
336281,0,0,0
329298,0,0,0
221740,0,0,0
74894,0,0,0
83470,0,0,0
286477,0,0,0
128545,0,0,0
217349,0,0,0
231925,0,0,0
156861,0,0,0
8213,0,0,0
363610,0,0,0
247302,0,0,0
142664,0,0,0
293014,0,0,0
287812,0,0,0
398296,0,0,0
152901,0,0,0
294598,0,0,0
49181,0,0,0
211775,0,0,0
358651,0,0,0
222930,0,0,0
406516,0,0,0
127295,0,0,0
290446,0,0,0
15703,0,0,0
139032,0,0,0
13137,0,0,0
196908,0,0,0
171852,0,0,0
131994,0,0,0
276468,0,0,0
213938,0,0,0
404949,0,0,0
88844,0,0,0
230257,0,0,0
132231,0,0,0
260721,0,0,0
273088,0,0,0
65413,0,0,0
287968,0,0,0
295081,0,0,0
49461,0,0,0
161528,0,0,0
211611,0,0,0
267043,0,0,0
8221,0,0,0
387552,0,0,0
332956,0,0,0
346377,0,0,0
50159,0,0,0
161838,0,0,0
39135,0,0,0
374488,0,0,0
76639,0,0,0
2238,0,0,0
394594,0,0,0
396738,0,0,0
236380,0,0,0
34781,0,0,0
357734,0,0,0
169197,0,0,0
247506,0,0,0
275393,0,0,0
9430,0,0,0
359610,0,0,0
197817,0,0,0
399956,0,0,0
260549,0,0,0
119826,0,0,0
48872,0,0,0
403024,0,0,0
157006,0,0,0
54821,0,0,0
47668,0,0,0
52356,0,0,0
337069,0,0,0
207888,0,0,0
155465,0,0,0
319973,0,0,0
110643,0,0,0
266360,0,0,0
220818,0,0,0
236075,0,0,0
103826,0,0,0
19322,0,0,0
194595,0,0,0
333884,0,0,0
178702,0,0,0
11230,0,0,0
152935,0,0,0
245938,0,0,0
399108,0,0,0
20353,0,0,0
97574,0,0,0
300957,0,0,0
393695,0,0,0
265637,0,0,0
47874,0,0,0
322869,0,0,0
185767,0,0,0
61041,0,0,0
144735,0,0,0
312574,0,0,0
26269,0,0,0
384091,0,0,0
248253,0,0,0
56324,0,0,0
364408,0,0,0
174868,0,0,0
235428,0,0,0
15508,0,0,0
228341,0,0,0
129256,0,0,0
116344,0,0,0
386815,0,0,0
25741,0,0,0
343874,0,0,0
221126,0,0,0
161625,0,0,0
192520,0,0,0
162406,0,0,0
317503,0,0,0
196674,0,0,0
330486,0,0,0
227827,0,0,0
292813,0,0,0
396241,0,0,0
354861,0,0,0
347951,0,0,0
319213,0,0,0
227888,0,0,0
315506,0,0,0
53875,0,0,0
405538,0,0,0
385871,0,0,0
229543,0,0,0
289507,0,0,0
366075,0,0,0
364188,0,0,0
102756,0,0,0
216862,0,0,0
191779,0,0,0
322051,0,0,0
311457,0,0,0
306610,0,0,0
135731,0,0,0
223553,0,0,0
92952,0,0,0
136494,0,0,0
182541,0,0,0
192988,0,0,0
87830,0,0,0
58452,0,0,0
162233,0,0,0
4719,0,0,0
76474,0,0,0
125647,0,0,0
173325,0,0,0
231725,0,0,0
48224,0,0,0
280001,0,0,0
91380,0,0,0
121428,0,0,0
348447,0,0,0
77085,0,0,0
81323,0,0,0
390154,0,0,0
165143,0,0,0
350885,0,0,0
54168,0,0,0
88541,0,0,0
25256,0,0,0
39729,0,0,0
128130,0,0,0
209038,0,0,0
62743,0,0,0
15123,0,0,0
74887,0,0,0
206007,0,0,0
184740,0,0,0
182899,0,0,0
302235,0,0,0
277492,0,0,0
3369,0,0,0
250578,0,0,0
309374,0,0,0
111736,0,0,0
166798,0,0,0
276531,0,0,0
409635,0,0,0
183289,0,0,0
296058,0,0,0
7592,0,0,0
15470,0,0,0
14776,0,0,0
163280,0,0,0
138530,0,0,0
345176,0,0,0
224219,0,0,0
192453,0,0,0
29247,0,0,0
208904,0,0,0
350837,0,0,0
23987,0,0,0
241752,0,0,0
410028,0,0,0
262518,0,0,0
39789,0,0,0
311206,0,0,0
229034,0,0,0
175970,0,0,0
103559,0,0,0
377993,0,0,0
321362,0,0,0
159224,0,0,0
29363,0,0,0
329623,0,0,0
300755,0,0,0
403682,0,0,0
14974,0,0,0
287245,0,0,0
271900,0,0,0
153681,0,0,0
173359,0,0,0
57418,0,0,0
255807,0,0,0
100515,0,0,0
114197,0,0,0
331425,0,0,0
267966,0,0,0
161272,0,0,0
221832,0,0,0
232218,0,0,0
5420,0,0,0
117181,0,0,0
360666,0,0,0
189897,0,0,0
159642,0,0,0
79393,0,0,0
24632,0,0,0
330312,0,0,0
121567,0,0,0
183642,0,0,0
80093,0,0,0
172774,0,0,0
200660,0,0,0
103327,0,0,0
205346,0,0,0
164849,0,0,0
371525,0,0,0
400719,0,0,0
202626,0,0,0
207299,0,0,0
169295,0,0,0
355691,0,0,0
22803,0,0,0
398667,0,0,0
310403,0,0,0
363122,0,0,0
16749,0,0,0
71932,0,0,0
338458,0,0,0
247166,0,0,0
720,0,0,0
172405,0,0,0
367038,0,0,0
508,0,0,0
236969,0,0,0
167021,0,0,0
70632,0,0,0
102301,0,0,0
215932,0,0,0
354617,0,0,0
154981,0,0,0
116512,0,0,0
347087,0,0,0
92877,0,0,0
332801,0,0,0
211124,0,0,0
294493,0,0,0
105310,0,0,0
381781,0,0,0
110722,0,0,0
62223,0,0,0
267510,0,0,0
150799,0,0,0
39010,0,0,0
134831,0,0,0
145488,0,0,0
14262,0,0,0
207735,0,0,0
408468,0,0,0
281875,0,0,0
31916,0,0,0
404673,0,0,0
397153,0,0,0
98313,0,0,0
155471,0,0,0
266163,0,0,0
20410,0,0,0
64758,0,0,0
238539,0,0,0
269919,0,0,0
121397,0,0,0
54852,0,0,0
238934,0,0,0
387427,0,0,0
173897,0,0,0
102668,0,0,0
52226,0,0,0
384363,0,0,0
223075,0,0,0
266674,0,0,0
73104,0,0,0
108943,0,0,0
289244,0,0,0
41407,0,0,0
305098,0,0,0
411346,0,0,0
7626,0,0,0
284627,0,0,0
168578,0,0,0
268023,0,0,0
400407,0,0,0
59851,0,0,0
13605,0,0,0
173887,0,0,0
243355,0,0,0
149446,0,0,0
113929,0,0,0
165405,0,0,0
364928,0,0,0
384848,0,0,0
185415,0,0,0
255285,0,0,0
354803,0,0,0
175032,0,0,0
311369,0,0,0
22545,0,0,0
28877,0,0,0
223834,0,0,0
351121,0,0,0
65590,0,0,0
401867,0,0,0
196515,0,0,0
353762,0,0,0
405512,0,0,0
312199,0,0,0
82621,0,0,0
372352,0,0,0
319357,0,0,0
29217,0,0,0
308654,0,0,0
173469,0,0,0
56352,0,0,0
325924,0,0,0
16580,0,0,0
380211,0,0,0
408102,0,0,0
357216,0,0,0
339408,0,0,0
332376,0,0,0
365709,0,0,0
153890,0,0,0
68672,0,0,0
357929,0,0,0
229768,0,0,0
308251,0,0,0
18250,0,0,0
310095,0,0,0
370358,0,0,0
274302,0,0,0
275780,0,0,0
78501,0,0,0
278550,0,0,0
348871,0,0,0
124422,0,0,0
301903,0,0,0
142526,0,0,0
60026,0,0,0
64451,0,0,0
168921,0,0,0
231963,0,0,0
78609,0,0,0
133892,0,0,0
191778,0,0,0
189910,0,0,0
402720,0,0,0
389696,0,0,0
199584,0,0,0
129721,0,0,0
305889,0,0,0
326504,0,0,0
214102,0,0,0
369309,0,0,0
347070,0,0,0
286682,0,0,0
244997,0,0,0
147864,0,0,0
281158,0,0,0
171650,0,0,0
67927,0,0,0
157458,0,0,0
143694,0,0,0
96444,0,0,0
19883,0,0,0
230330,0,0,0
388222,0,0,0
207440,0,0,0
184817,0,0,0
121918,0,0,0
396966,0,0,0
344893,0,0,0
335448,0,0,0
138150,0,0,0
228556,0,0,0
333687,0,0,0
181072,0,0,0
388083,0,0,0
43729,0,0,0
219132,0,0,0
348980,0,0,0
396559,0,0,0
43348,0,0,0
16709,0,0,0
273703,0,0,0
248196,0,0,0
351841,0,0,0
144629,0,0,0
147678,0,0,0
345366,0,0,0
394567,0,0,0
264045,0,0,0
201772,0,0,0
306671,0,0,0
198096,0,0,0
406882,0,0,0
269685,0,0,0
305185,0,0,0
365844,0,0,0
360063,0,0,0
243179,0,0,0
70451,0,0,0
28848,0,0,0
29478,0,0,0
403625,0,0,0
217092,0,0,0
246180,0,0,0
54492,0,0,0
243049,0,0,0
397720,0,0,0
261910,0,0,0
126323,0,0,0
167867,0,0,0
329467,0,0,0
322598,0,0,0
233512,0,0,0
59928,0,0,0
144713,0,0,0
344034,0,0,0
106624,0,0,0
56534,0,0,0
67119,0,0,0
247094,0,0,0
361600,0,0,0
154306,0,0,0
200395,0,0,0
225322,0,0,0
151797,0,0,0
263609,0,0,0
122537,0,0,0
209381,0,0,0
360531,0,0,0
134685,0,0,0
54884,0,0,0
388415,0,0,0
297832,0,0,0
39748,0,0,0
327147,0,0,0
355697,0,0,0
154920,0,0,0
229443,0,0,0
76762,0,0,0
257541,0,0,0
95810,0,0,0
27928,0,0,0
214593,0,0,0
73994,0,0,0
128605,0,0,0
198160,0,0,0
205642,0,0,0
251677,0,0,0
207763,0,0,0
46696,0,0,0
365462,0,0,0
20749,0,0,0
307208,0,0,0
5160,0,0,0
148364,0,0,0
124684,0,0,0
20109,0,0,0
289338,0,0,0
225152,0,0,0
112262,0,0,0
401210,0,0,0
162038,0,0,0
270169,0,0,0
288909,0,0,0
286872,0,0,0
246069,0,0,0
90369,0,0,0
359221,0,0,0
171579,0,0,0
35304,0,0,0
8497,0,0,0
335672,0,0,0
139571,0,0,0
76747,0,0,0
8068,0,0,0
307878,0,0,0
367154,0,0,0
135462,0,0,0
18581,0,0,0
223126,0,0,0
127694,0,0,0
299870,0,0,0
408332,0,0,0
97745,0,0,0
156570,0,0,0
146929,0,0,0
197745,0,0,0
233239,0,0,0
69732,0,0,0
290819,0,0,0
185104,0,0,0
168088,0,0,0
68406,0,0,0
305652,0,0,0
409040,0,0,0
247012,0,0,0
44057,0,0,0
89044,0,0,0
82019,0,0,0
53102,0,0,0
317997,0,0,0
49044,0,0,0
320967,0,0,0
52053,0,0,0
50872,0,0,0
89003,0,0,0
162191,0,0,0
47961,0,0,0
158526,0,0,0
42691,0,0,0
389278,0,0,0
9591,0,0,0
135540,0,0,0
397970,0,0,0
324784,0,0,0
75529,0,0,0
122888,0,0,0
355603,0,0,0
284407,0,0,0
21323,0,0,0
215242,0,0,0
118285,0,0,0
167935,0,0,0
160647,0,0,0
132697,0,0,0
245568,0,0,0
381876,0,0,0
39113,0,0,0
253434,0,0,0
103543,0,0,0
346566,0,0,0
188097,0,0,0
277925,0,0,0
157570,0,0,0
112024,0,0,0
18939,0,0,0
48929,0,0,0
362680,0,0,0
265727,0,0,0
143523,0,0,0
177588,0,0,0
12650,0,0,0
14191,0,0,0
14106,0,0,0
115572,0,0,0
153881,0,0,0
14268,0,0,0
281107,0,0,0
185920,0,0,0
132631,0,0,0
305304,0,0,0
359920,0,0,0
397386,0,0,0
185481,0,0,0
256257,0,0,0
377175,0,0,0
355173,0,0,0
38071,0,0,0
285617,0,0,0
138215,0,0,0
60242,0,0,0
390433,0,0,0
28965,0,0,0
136328,0,0,0
316185,0,0,0
267628,0,0,0
10352,0,0,0
286962,0,0,0
210498,0,0,0
393418,0,0,0
268164,0,0,0
169670,0,0,0
393341,0,0,0
117313,0,0,0
283363,0,0,0
76375,0,0,0
118421,0,0,0
262431,0,0,0
367704,0,0,0
110058,0,0,0
113444,0,0,0
366681,0,0,0
382525,0,0,0
64733,0,0,0
92767,0,0,0
70641,0,0,0
86390,0,0,0
120946,0,0,0
236703,0,0,0
327477,0,0,0
177890,0,0,0
64774,0,0,0
217418,0,0,0
599,0,0,0
126105,0,0,0
201647,0,0,0
238136,0,0,0
333838,0,0,0
341142,0,0,0
184492,0,0,0
358522,0,0,0
76689,0,0,0
241173,0,0,0
21757,0,0,0
92333,0,0,0
312960,0,0,0
159515,0,0,0
168870,0,0,0
225981,0,0,0
247329,0,0,0
163696,0,0,0
227724,0,0,0
213662,0,0,0
345293,0,0,0
344384,0,0,0
190606,0,0,0
344010,0,0,0
400433,0,0,0
139703,0,0,0
649,0,0,0
398321,0,0,0
78008,0,0,0
222704,0,0,0
356951,0,0,0
302619,0,0,0
237962,0,0,0
169125,0,0,0
260113,0,0,0
56782,0,0,0
108614,0,0,0
335037,0,0,0
37497,0,0,0
133859,0,0,0
266245,0,0,0
38449,0,0,0
83759,0,0,0
159782,0,0,0
38534,0,0,0
3116,0,0,0
102199,0,0,0
39361,0,0,0
254006,0,0,0
126964,0,0,0
103340,0,0,0
77665,0,0,0
246839,0,0,0
328975,0,0,0
352086,0,0,0
53232,0,0,0
59809,0,0,0
199073,0,0,0
358050,0,0,0
101056,0,0,0
25304,0,0,0
304999,0,0,0
164686,0,0,0
38974,0,0,0
243685,0,0,0
230745,0,0,0
194505,0,0,0
375679,0,0,0
392001,0,0,0
130713,0,0,0
334057,0,0,0
273812,0,0,0
328538,0,0,0
210198,0,0,0
327081,0,0,0
15622,0,0,0
389784,0,0,0
31500,0,0,0
284447,0,0,0
7246,0,0,0
189816,0,0,0
207695,0,0,0
407666,0,0,0
40127,0,0,0
343934,0,0,0
404477,0,0,0
227470,0,0,0
349708,0,0,0
322468,0,0,0
37073,0,0,0
368829,0,0,0
388390,0,0,0
137796,0,0,0
107290,0,0,0
35069,0,0,0
343114,0,0,0
409463,0,0,0
371805,0,0,0
14556,0,0,0
134951,0,0,0
198396,0,0,0
287492,0,0,0
137930,0,0,0
381008,0,0,0
17210,0,0,0
58104,0,0,0
30461,0,0,0
398612,0,0,0
166829,0,0,0
269736,0,0,0
308526,0,0,0
306046,0,0,0
345149,0,0,0
398850,0,0,0
145459,0,0,0
77754,0,0,0
103028,0,0,0
250182,0,0,0
408968,0,0,0
395083,0,0,0
21326,0,0,0
384037,0,0,0
338498,0,0,0
19729,0,0,0
129300,0,0,0
299636,0,0,0
96139,0,0,0
160285,0,0,0
45844,0,0,0
274820,0,0,0
1282,0,0,0
2257,0,0,0
137804,0,0,0
62506,0,0,0
102429,0,0,0
576,0,0,0
395257,0,0,0
46907,0,0,0
101385,0,0,0
132548,0,0,0
387893,0,0,0
331167,0,0,0
407658,0,0,0
294210,0,0,0
36802,0,0,0
150461,0,0,0
405447,0,0,0
43973,0,0,0
300193,0,0,0
98864,0,0,0
81518,0,0,0
189445,0,0,0
381832,0,0,0
243706,0,0,0
112503,0,0,0
261340,0,0,0
151653,0,0,0
203059,0,0,0
96085,0,0,0
244883,0,0,0
112677,0,0,0
172099,0,0,0
336992,0,0,0
402926,0,0,0
309634,0,0,0
174439,0,0,0
75326,0,0,0
214515,0,0,0
124823,0,0,0
287435,0,0,0
387659,0,0,0
153903,0,0,0
2930,0,0,0
329688,0,0,0
109325,0,0,0
341880,0,0,0
298942,0,0,0
373638,0,0,0
207447,0,0,0
227439,0,0,0
284044,0,0,0
223919,0,0,0
81597,0,0,0
171417,0,0,0
126761,0,0,0
190660,0,0,0
201767,0,0,0
55270,0,0,0
260469,0,0,0
315852,0,0,0
389483,0,0,0
248405,0,0,0
378007,0,0,0
27916,0,0,0
8440,0,0,0
82222,0,0,0
122190,0,0,0
164240,0,0,0
391031,0,0,0
80770,0,0,0
266043,0,0,0
85430,0,0,0
205970,0,0,0
9601,0,0,0
269559,0,0,0
195651,0,0,0
188281,0,0,0
199185,0,0,0
261190,0,0,0
324523,0,0,0
41890,0,0,0
266263,0,0,0
114690,0,0,0
294125,0,0,0
376084,0,0,0
332350,0,0,0
276362,0,0,0
250278,0,0,0
188277,0,0,0
283769,0,0,0
176321,0,0,0
182752,0,0,0
211373,0,0,0
12228,0,0,0
383501,0,0,0
281769,0,0,0
85638,0,0,0
285689,0,0,0
107722,0,0,0
205957,0,0,0
259154,0,0,0
360689,0,0,0
382888,0,0,0
41484,0,0,0
1761,0,0,0
822,0,0,0
19986,0,0,0
254840,0,0,0
26977,0,0,0
291254,0,0,0
198377,0,0,0
23911,0,0,0
154263,0,0,0
57748,0,0,0
171219,0,0,0
159652,0,0,0
296145,0,0,0
41923,0,0,0
34663,0,0,0
325146,0,0,0
342713,0,0,0
134335,0,0,0
203435,0,0,0
55356,0,0,0
177562,0,0,0
384611,0,0,0
97547,0,0,0
362676,0,0,0
255849,0,0,0
129765,0,0,0
383681,0,0,0
95036,0,0,0
36295,0,0,0
326048,0,0,0
395041,0,0,0
378280,0,0,0
140652,0,0,0
73692,0,0,0
273231,0,0,0
223521,0,0,0
193638,0,0,0
199009,0,0,0
13368,0,0,0
374990,0,0,0
191945,0,0,0
260730,0,0,0
37985,0,0,0
404822,0,0,0
105138,0,0,0
44316,0,0,0
119699,0,0,0
177709,0,0,0
116637,0,0,0
153009,0,0,0
141358,0,0,0
117705,0,0,0
31718,0,0,0
123296,0,0,0
293092,0,0,0
9968,0,0,0
19815,0,0,0
319724,0,0,0
78630,0,0,0
84125,0,0,0
221818,0,0,0
54402,0,0,0
88701,0,0,0
377644,0,0,0
288538,0,0,0
83174,0,0,0
371848,0,0,0
212464,0,0,0
220780,0,0,0
293756,0,0,0
251941,0,0,0
184951,0,0,0
88805,0,0,0
410175,0,0,0
327944,0,0,0
364505,0,0,0
114626,0,0,0
283163,0,0,0
405313,0,0,0
293663,0,0,0
171275,0,0,0
407651,0,0,0
210240,0,0,0
354199,0,0,0
121258,0,0,0
176939,0,0,0
271760,0,0,0
56575,0,0,0
4600,0,0,0
204545,0,0,0
288628,0,0,0
84890,0,0,0
313812,0,0,0
250709,0,0,0
300030,0,0,0
54445,0,0,0
140619,0,0,0
110540,0,0,0
156845,0,0,0
169708,0,0,0
246996,0,0,0
150639,0,0,0
179679,0,0,0
318233,0,0,0
177507,0,0,0
16182,0,0,0
93568,0,0,0
409031,0,0,0
379658,0,0,0
196338,0,0,0
97861,0,0,0
216481,0,0,0
86978,0,0,0
93609,0,0,0
87263,0,0,0
15443,0,0,0
18224,0,0,0
287055,0,0,0
391723,0,0,0
322939,0,0,0
78782,0,0,0
244176,0,0,0
242815,0,0,0
343959,0,0,0
279443,0,0,0
197834,0,0,0
353971,0,0,0
92242,0,0,0
102486,0,0,0
244762,0,0,0
408181,0,0,0
36923,0,0,0
22521,0,0,0
256297,0,0,0
250548,0,0,0
225102,0,0,0
387581,0,0,0
289421,0,0,0
49269,0,0,0
29529,0,0,0
408476,0,0,0
163963,0,0,0
380804,0,0,0
262853,0,0,0
197126,0,0,0
94485,0,0,0
152177,0,0,0
52220,0,0,0
15653,0,0,0
357372,0,0,0
55923,0,0,0
50894,0,0,0
342064,0,0,0
286675,0,0,0
195691,0,0,0
330220,0,0,0
219727,0,0,0
398267,0,0,0
248422,0,0,0
308083,0,0,0
81549,0,0,0
267235,0,0,0
226218,0,0,0
109384,0,0,0
276058,0,0,0
242547,0,0,0
288931,0,0,0
356655,0,0,0
210361,0,0,0
178520,0,0,0
95091,0,0,0
16323,0,0,0
382773,0,0,0
201280,0,0,0
188352,0,0,0
260429,0,0,0
324911,0,0,0
2282,0,0,0
215042,0,0,0
409966,0,0,0
176098,0,0,0
33556,0,0,0
260836,0,0,0
237117,0,0,0
178664,0,0,0
352840,0,0,0
196736,0,0,0
302443,0,0,0
142433,0,0,0
204941,0,0,0
182613,0,0,0
215316,0,0,0
39794,0,0,0
342625,0,0,0
171896,0,0,0
146599,0,0,0
102133,0,0,0
339036,0,0,0
307543,0,0,0
362362,0,0,0
329680,0,0,0
357987,0,0,0
28908,0,0,0
111162,0,0,0
377250,0,0,0
319443,0,0,0
182851,0,0,0
163000,0,0,0
332716,0,0,0
208177,0,0,0
211244,0,0,0
381391,0,0,0
393010,0,0,0
78277,0,0,0
12202,0,0,0
320104,0,0,0
135538,0,0,0
333729,0,0,0
201156,0,0,0
23776,0,0,0
274527,0,0,0
154179,0,0,0
329565,0,0,0
32455,0,0,0
88279,0,0,0
396086,0,0,0
90588,0,0,0
297954,0,0,0
310254,0,0,0
195659,0,0,0
137011,0,0,0
56224,0,0,0
329652,0,0,0
340286,0,0,0
167742,0,0,0
205754,0,0,0
131591,0,0,0
334384,0,0,0
36356,0,0,0
281682,0,0,0
322384,0,0,0
165673,0,0,0
50696,0,0,0
371175,0,0,0
323309,0,0,0
276417,0,0,0
331437,0,0,0
271685,0,0,0
122463,0,0,0
208560,0,0,0
300468,0,0,0
53346,0,0,0
323970,0,0,0
19312,0,0,0
382142,0,0,0
144105,0,0,0
282103,0,0,0
281202,0,0,0
200602,0,0,0
74038,0,0,0
129027,0,0,0
259897,0,0,0
173211,0,0,0
33702,0,0,0
373703,0,0,0
220375,0,0,0
50400,0,0,0
230245,0,0,0
400121,0,0,0
57037,0,0,0
344479,0,0,0
187351,0,0,0
347549,0,0,0
340842,0,0,0
200012,0,0,0
332280,0,0,0
287208,0,0,0
207293,0,0,0
188288,0,0,0
390061,0,0,0
236873,0,0,0
304951,0,0,0
189188,0,0,0
282306,0,0,0
380498,0,0,0
283834,0,0,0
209475,0,0,0
407677,0,0,0
10599,0,0,0
151212,0,0,0
171960,0,0,0
358973,0,0,0
1024,0,0,0
234971,0,0,0
90684,0,0,0
126524,0,0,0
326056,0,0,0
360884,0,0,0
38380,0,0,0
95132,0,0,0
269389,0,0,0
18169,0,0,0
62525,0,0,0
373947,0,0,0
67168,0,0,0
269370,0,0,0
268974,0,0,0
263808,0,0,0
28903,0,0,0
114997,0,0,0
233350,0,0,0
61939,0,0,0
15898,0,0,0
231609,0,0,0
392402,0,0,0
97899,0,0,0
44932,0,0,0
72695,0,0,0
322410,0,0,0
286998,0,0,0
98172,0,0,0
369677,0,0,0
289365,0,0,0
210099,0,0,0
105408,0,0,0
107994,0,0,0
321005,0,0,0
191188,0,0,0
224458,0,0,0
90165,0,0,0
378420,0,0,0
238315,0,0,0
275180,0,0,0
177241,0,0,0
173397,0,0,0
205384,0,0,0
220186,0,0,0
24867,0,0,0
81360,0,0,0
127262,0,0,0
312101,0,0,0
295898,0,0,0
195855,0,0,0
138900,0,0,0
130654,0,0,0
323007,0,0,0
366272,0,0,0
154631,0,0,0
408423,0,0,0
268116,0,0,0
359228,0,0,0
189651,0,0,0
242754,0,0,0
288497,0,0,0
221172,0,0,0
373872,0,0,0
359590,0,0,0
66222,0,0,0
133965,0,0,0
60140,0,0,0
236299,0,0,0
307564,0,0,0
116763,0,0,0
136562,0,0,0
367726,0,0,0
233366,0,0,0
30432,0,0,0
322241,0,0,0
213955,0,0,0
195671,0,0,0
163713,0,0,0
361562,0,0,0
64224,0,0,0
212509,0,0,0
5277,0,0,0
282940,0,0,0
409856,0,0,0
23354,0,0,0
37785,0,0,0
195710,0,0,0
115102,0,0,0
238486,0,0,0
382820,0,0,0
19139,0,0,0
233121,0,0,0
234787,0,0,0
232895,0,0,0
312079,0,0,0
213857,0,0,0
373608,0,0,0
282695,0,0,0
277902,0,0,0
213121,0,0,0
128977,0,0,0
379340,0,0,0
72779,0,0,0
95872,0,0,0
230822,0,0,0
265417,0,0,0
121877,0,0,0
17184,0,0,0
11600,0,0,0
272139,0,0,0
267400,0,0,0
308214,0,0,0
250202,0,0,0
64008,0,0,0
82482,0,0,0
90076,0,0,0
14453,0,0,0
386052,0,0,0
187906,0,0,0
148838,0,0,0
246736,0,0,0
91190,0,0,0
341556,0,0,0
19817,0,0,0
178814,0,0,0
29993,0,0,0
3615,0,0,0
257338,0,0,0
242855,0,0,0
184159,0,0,0
253909,0,0,0
228017,0,0,0
185028,0,0,0
171571,0,0,0
250522,0,0,0
70860,0,0,0
79185,0,0,0
179112,0,0,0
193547,0,0,0
280416,0,0,0
291146,0,0,0
88660,0,0,0
224092,0,0,0
31094,0,0,0
78407,0,0,0
263745,0,0,0
264823,0,0,0
193477,0,0,0
322356,0,0,0
48355,0,0,0
250852,0,0,0
351043,0,0,0
232139,0,0,0
215333,0,0,0
160532,0,0,0
117916,0,0,0
154267,0,0,0
286292,0,0,0
103638,0,0,0
17797,0,0,0
346750,0,0,0
61224,0,0,0
198992,0,0,0
244104,0,0,0
75696,0,0,0
221852,0,0,0
276621,0,0,0
37522,0,0,0
223941,0,0,0
52206,0,0,0
378267,0,0,0
88318,0,0,0
163306,0,0,0
251120,0,0,0
12809,0,0,0
385950,0,0,0
364059,0,0,0
151645,0,0,0
403295,0,0,0
190898,0,0,0
406175,0,0,0
216192,0,0,0
85014,0,0,0
159295,0,0,0
65487,0,0,0
169990,0,0,0
267612,0,0,0
103519,0,0,0
245970,0,0,0
374467,0,0,0
21823,0,0,0
14079,0,0,0
218030,0,0,0
93729,0,0,0
150119,0,0,0
124954,0,0,0
364566,0,0,0
293213,0,0,0
206780,0,0,0
153557,0,0,0
12119,0,0,0
6621,0,0,0
152879,0,0,0
61658,0,0,0
136635,0,0,0
235886,0,0,0
57384,0,0,0
394551,0,0,0
240436,0,0,0
87081,0,0,0
194777,0,0,0
140568,0,0,0
348372,0,0,0
192771,0,0,0
334514,0,0,0
317669,0,0,0
153570,0,0,0
131932,0,0,0
403805,0,0,0
222915,0,0,0
360518,0,0,0
45772,0,0,0
93011,0,0,0
70516,0,0,0
355699,0,0,0
29386,0,0,0
66577,0,0,0
251218,0,0,0
82561,0,0,0
959,0,0,0
155580,0,0,0
14406,0,0,0
151725,0,0,0
187449,0,0,0
97454,0,0,0
42237,0,0,0
115613,0,0,0
305570,0,0,0
28554,0,0,0
187491,0,0,0
217293,0,0,0
129311,0,0,0
167348,0,0,0
189878,0,0,0
154054,0,0,0
208523,0,0,0
138254,0,0,0
204458,0,0,0
261990,0,0,0
275220,0,0,0
403016,0,0,0
123948,0,0,0
377179,0,0,0
13956,0,0,0
350586,0,0,0
128057,0,0,0
385146,0,0,0
89329,0,0,0
88353,0,0,0
92490,0,0,0
103491,0,0,0
295716,0,0,0
301237,0,0,0
127032,0,0,0
126312,0,0,0
128085,0,0,0
314620,0,0,0
343962,0,0,0
256646,0,0,0
3803,0,0,0
64398,0,0,0
336979,0,0,0
68416,0,0,0
11528,0,0,0
340051,0,0,0
398661,0,0,0
139990,0,0,0
202539,0,0,0
227187,0,0,0
242929,0,0,0
155264,0,0,0
132907,0,0,0
378422,0,0,0
182952,0,0,0
184901,0,0,0
34016,0,0,0
376868,0,0,0
328624,0,0,0
322579,0,0,0
395100,0,0,0
381436,0,0,0
329977,0,0,0
73354,0,0,0
385511,0,0,0
394512,0,0,0
200650,0,0,0
84122,0,0,0
48103,0,0,0
64540,0,0,0
26980,0,0,0
181805,0,0,0
17998,0,0,0
65514,0,0,0
150717,0,0,0
125727,0,0,0
273217,0,0,0
331575,0,0,0
118619,0,0,0
200904,0,0,0
184218,0,0,0
329928,0,0,0
248223,0,0,0
20232,0,0,0
287787,0,0,0
350486,0,0,0
153691,0,0,0
100865,0,0,0
146259,0,0,0
346707,0,0,0
217353,0,0,0
71767,0,0,0
189309,0,0,0
289870,0,0,0
117511,0,0,0
79052,0,0,0
66735,0,0,0
44748,0,0,0
884,0,0,0
233027,0,0,0
150147,0,0,0
170671,0,0,0
293148,0,0,0
49292,0,0,0
285288,0,0,0
76316,0,0,0
100911,0,0,0
119475,0,0,0
401975,0,0,0
180199,0,0,0
38079,0,0,0
261398,0,0,0
327412,0,0,0
209757,0,0,0
212431,0,0,0
87551,0,0,0
171301,0,0,0
329717,0,0,0
232802,0,0,0
224722,0,0,0
200583,0,0,0
388675,0,0,0
160632,0,0,0
90645,0,0,0
231607,0,0,0
67858,0,0,0
93020,0,0,0
25317,0,0,0
251087,0,0,0
149477,0,0,0
341458,0,0,0
254626,0,0,0
261895,0,0,0
331039,0,0,0
241589,0,0,0
96879,0,0,0
249195,0,0,0
286585,0,0,0
31848,0,0,0
15497,0,0,0
232178,0,0,0
343044,0,0,0
394558,0,0,0
257655,0,0,0
78762,0,0,0
222748,0,0,0
279408,0,0,0
320099,0,0,0
105397,0,0,0
154748,0,0,0
228231,0,0,0
47176,0,0,0
369979,0,0,0
217081,0,0,0
12226,0,0,0
154082,0,0,0
23107,0,0,0
217919,0,0,0
274001,0,0,0
98837,0,0,0
87172,0,0,0
123412,0,0,0
181421,0,0,0
164238,0,0,0
388769,0,0,0
15442,0,0,0
369366,0,0,0
346550,0,0,0
12866,0,0,0
218104,0,0,0
29150,0,0,0
102149,0,0,0
201534,0,0,0
159883,0,0,0
101626,0,0,0
50211,0,0,0
263935,0,0,0
157722,0,0,0
262666,0,0,0
17681,0,0,0
15096,0,0,0
310313,0,0,0
130758,0,0,0
287801,0,0,0
158951,0,0,0
202775,0,0,0
218348,0,0,0
158918,0,0,0
227657,0,0,0
208851,0,0,0
123295,0,0,0
262311,0,0,0
20195,0,0,0
234049,0,0,0
305883,0,0,0
330122,0,0,0
70140,0,0,0
325191,0,0,0
69542,0,0,0
267109,0,0,0
379031,0,0,0
50097,0,0,0
72816,0,0,0
101649,0,0,0
104609,0,0,0
82138,0,0,0
377863,0,0,0
3710,0,0,0
274303,0,0,0
261992,0,0,0
371862,0,0,0
34706,0,0,0
404669,0,0,0
2570,0,0,0
26021,0,0,0
362021,0,0,0
300142,0,0,0
113150,0,0,0
198493,0,0,0
118377,0,0,0
14403,0,0,0
198802,0,0,0
144932,0,0,0
409116,0,0,0
224544,0,0,0
202909,0,0,0
39849,0,0,0
199646,0,0,0
352342,0,0,0
105082,0,0,0
217628,0,0,0
225714,0,0,0
42026,0,0,0
327293,0,0,0
44737,0,0,0
53650,0,0,0
58752,0,0,0
110111,0,0,0
174965,0,0,0
356194,0,0,0
213522,0,0,0
53666,0,0,0
107068,0,0,0
280082,0,0,0
91949,0,0,0
296924,0,0,0
273750,0,0,0
9175,0,0,0
224122,0,0,0
392632,0,0,0
294815,0,0,0
145577,0,0,0
114549,0,0,0
238853,0,0,0
275945,0,0,0
1619,0,0,0
138208,0,0,0
233444,0,0,0
217527,0,0,0
333414,0,0,0
409832,0,0,0
380410,0,0,0
234920,0,0,0
170811,0,0,0
295441,0,0,0
357634,0,0,0
20005,0,0,0
50227,0,0,0
6485,0,0,0
295954,0,0,0
154604,0,0,0
115104,0,0,0
323545,0,0,0
233800,0,0,0
55663,0,0,0
39212,0,0,0
384923,0,0,0
209386,0,0,0
262592,0,0,0
299410,0,0,0
202772,0,0,0
74120,0,0,0
236440,0,0,0
211627,0,0,0
180017,0,0,0
391064,0,0,0
273619,0,0,0
267294,0,0,0
328872,0,0,0
11525,0,0,0
211042,0,0,0
55627,0,0,0
94017,0,0,0
2720,0,0,0
1857,0,0,0
168374,0,0,0
375563,0,0,0
244090,0,0,0
105097,0,0,0
168037,0,0,0
390517,0,0,0
215883,0,0,0
109684,0,0,0
251654,0,0,0
364395,0,0,0
128651,0,0,0
334036,0,0,0
97043,0,0,0
306803,0,0,0
329195,0,0,0
407206,0,0,0
106096,0,0,0
356657,0,0,0
81601,0,0,0
366502,0,0,0
230746,0,0,0
306054,0,0,0
329265,0,0,0
202782,0,0,0
84634,0,0,0
177594,0,0,0
258254,0,0,0
246662,0,0,0
44663,0,0,0
40977,0,0,0
287065,0,0,0
196818,0,0,0
397247,0,0,0
360806,0,0,0
327883,0,0,0
74253,0,0,0
95215,0,0,0
41600,0,0,0
116529,0,0,0
184428,0,0,0
403714,0,0,0
108983,0,0,0
225839,0,0,0
282316,0,0,0
168587,0,0,0
107838,0,0,0
284168,0,0,0
39100,0,0,0
9724,0,0,0
240498,0,0,0
205030,0,0,0
144247,0,0,0
376614,0,0,0
394318,0,0,0
375080,0,0,0
314425,0,0,0
393048,0,0,0
82133,0,0,0
10597,0,0,0
72438,0,0,0
331566,0,0,0
210683,0,0,0
300100,0,0,0
289336,0,0,0
336597,0,0,0
49360,0,0,0
237264,0,0,0
31031,0,0,0
77303,0,0,0
88948,0,0,0
318503,0,0,0
210752,0,0,0
189376,0,0,0
101103,0,0,0
336816,0,0,0
315884,0,0,0
146197,0,0,0
383689,0,0,0
249901,0,0,0
290167,0,0,0
35723,0,0,0
406463,0,0,0
402064,0,0,0
176739,0,0,0
127933,0,0,0
234717,0,0,0
397547,0,0,0
269710,0,0,0
374360,0,0,0
257885,0,0,0
36474,0,0,0
294375,0,0,0
301565,0,0,0
29352,0,0,0
382987,0,0,0
320065,0,0,0
25354,0,0,0
343823,0,0,0
387258,0,0,0
279747,0,0,0
75488,0,0,0
97300,0,0,0
137994,0,0,0
123565,0,0,0
5398,0,0,0
49826,0,0,0
150892,0,0,0
139832,0,0,0
156549,0,0,0
17902,0,0,0
81776,0,0,0
325784,0,0,0
237663,0,0,0
372792,0,0,0
13993,0,0,0
138364,0,0,0
225992,0,0,0
359173,0,0,0
62316,0,0,0
224514,0,0,0
250721,0,0,0
349008,0,0,0
313790,0,0,0
342979,0,0,0
234111,0,0,0
367024,0,0,0
288292,0,0,0
361254,0,0,0
65679,0,0,0
353019,0,0,0
223857,0,0,0
366450,0,0,0
258325,0,0,0
251994,0,0,0
254995,0,0,0
183995,0,0,0
373185,0,0,0
339750,0,0,0
148686,0,0,0
25593,0,0,0
30764,0,0,0
205095,0,0,0
120696,0,0,0
353391,0,0,0
355306,0,0,0
344295,0,0,0
190785,0,0,0
243904,0,0,0
24788,0,0,0
230982,0,0,0
30539,0,0,0
215911,0,0,0
277074,0,0,0
91213,0,0,0
241366,0,0,0
221646,0,0,0
24354,0,0,0
179036,0,0,0
240736,0,0,0
373314,0,0,0
104564,0,0,0
11259,0,0,0
266271,0,0,0
181553,0,0,0
366419,0,0,0
352381,0,0,0
187949,0,0,0
141703,0,0,0
168507,0,0,0
407479,0,0,0
305616,0,0,0
210902,0,0,0
234519,0,0,0
31851,0,0,0
360772,0,0,0
8045,0,0,0
85138,0,0,0
31713,0,0,0
379218,0,0,0
81443,0,0,0
183517,0,0,0
328417,0,0,0
361028,0,0,0
71171,0,0,0
57526,0,0,0
47687,0,0,0
152851,0,0,0
6214,0,0,0
177845,0,0,0
314811,0,0,0
94815,0,0,0
109946,0,0,0
303678,0,0,0
58081,0,0,0
371382,0,0,0
237247,0,0,0
217995,0,0,0
309968,0,0,0
86248,0,0,0
215609,0,0,0
375978,0,0,0
45958,0,0,0
172483,0,0,0
349420,0,0,0
222870,0,0,0
188344,0,0,0
144830,0,0,0
381636,0,0,0
184694,0,0,0
298542,0,0,0
167828,0,0,0
328765,0,0,0
53972,0,0,0
111430,0,0,0
106949,0,0,0
204060,0,0,0
298995,0,0,0
120525,0,0,0
322389,0,0,0
152604,0,0,0
243313,0,0,0
220719,0,0,0
52231,0,0,0
232607,0,0,0
336163,0,0,0
11513,0,0,0
269218,0,0,0
77190,0,0,0
350076,0,0,0
18179,0,0,0
249775,0,0,0
257886,0,0,0
223925,0,0,0
373787,0,0,0
107839,0,0,0
136972,0,0,0
214512,0,0,0
260808,0,0,0
38503,0,0,0
83295,0,0,0
240976,0,0,0
36625,0,0,0
264981,0,0,0
241987,0,0,0
219022,0,0,0
386383,0,0,0
264555,0,0,0
203120,0,0,0
181407,0,0,0
111953,0,0,0
154934,0,0,0
406010,0,0,0
14397,0,0,0
163160,0,0,0
104709,0,0,0
409214,0,0,0
49037,0,0,0
397293,0,0,0
125627,0,0,0
171979,0,0,0
245566,0,0,0
185563,0,0,0
223135,0,0,0
36610,0,0,0
72802,0,0,0
384087,0,0,0
354830,0,0,0
102792,0,0,0
300860,0,0,0
37118,0,0,0
389532,0,0,0
336651,0,0,0
306733,0,0,0
46205,0,0,0
333722,0,0,0
89100,0,0,0
290349,0,0,0
362660,0,0,0
181856,0,0,0
176300,0,0,0
185938,0,0,0
353313,0,0,0
321327,0,0,0
91667,0,0,0
362879,0,0,0
196851,0,0,0
397008,0,0,0
64791,0,0,0
104967,0,0,0
75424,0,0,0
228473,0,0,0
41741,0,0,0
332957,0,0,0
351128,0,0,0
155393,0,0,0
5529,0,0,0
282687,0,0,0
46465,0,0,0
68252,0,0,0
243618,0,0,0
182600,0,0,0
48837,0,0,0
120084,0,0,0
136938,0,0,0
11921,0,0,0
213889,0,0,0
115650,0,0,0
299900,0,0,0
133102,0,0,0
293503,0,0,0
75682,0,0,0
261677,0,0,0
370209,0,0,0
90623,0,0,0
251485,0,0,0
165664,0,0,0
4688,0,0,0
124804,0,0,0
19767,0,0,0
232523,0,0,0
83500,0,0,0
128531,0,0,0
116429,0,0,0
58316,0,0,0
39354,0,0,0
144511,0,0,0
400824,0,0,0
397848,0,0,0
245800,0,0,0
239208,0,0,0
267809,0,0,0
286404,0,0,0
327429,0,0,0
384397,0,0,0
31302,0,0,0
67313,0,0,0
236292,0,0,0
238418,0,0,0
327516,0,0,0
83846,0,0,0
80499,0,0,0
106152,0,0,0
109938,0,0,0
35027,0,0,0
357678,0,0,0
196099,0,0,0
406277,0,0,0
34190,0,0,0
211975,0,0,0
29025,0,0,0
48453,0,0,0
350100,0,0,0
38598,0,0,0
121673,0,0,0
279534,0,0,0
123251,0,0,0
210632,0,0,0
369735,0,0,0
387884,0,0,0
347480,0,0,0
135571,0,0,0
66529,0,0,0
251351,0,0,0
343022,0,0,0
72436,0,0,0
159006,0,0,0
55043,0,0,0
278050,0,0,0
167720,0,0,0
376172,0,0,0
216019,0,0,0
244952,0,0,0
127678,0,0,0
32470,0,0,0
352153,0,0,0
72462,0,0,0
79985,0,0,0
366014,0,0,0
266355,0,0,0
169239,0,0,0
59787,0,0,0
147856,0,0,0
81587,0,0,0
111711,0,0,0
152502,0,0,0
192654,0,0,0
188210,0,0,0
322207,0,0,0
324721,0,0,0
201311,0,0,0
119291,0,0,0
240539,0,0,0
198112,0,0,0
179687,0,0,0
94972,0,0,0
122022,0,0,0
248924,0,0,0
3423,0,0,0
300923,0,0,0
150157,0,0,0
315336,0,0,0
163040,0,0,0
377935,0,0,0
241686,0,0,0
259373,0,0,0
400654,0,0,0
50119,0,0,0
82065,0,0,0
164992,0,0,0
106800,0,0,0
264084,0,0,0
84130,0,0,0
222281,0,0,0
393151,0,0,0
256117,0,0,0
311305,0,0,0
165509,0,0,0
330798,0,0,0
368286,0,0,0
318906,0,0,0
363617,0,0,0
276402,0,0,0
67012,0,0,0
138135,0,0,0
318696,0,0,0
186765,0,0,0
24321,0,0,0
103063,0,0,0
53038,0,0,0
153165,0,0,0
85095,0,0,0
391468,0,0,0
186319,0,0,0
126224,0,0,0
176831,0,0,0
395347,0,0,0
239495,0,0,0
85818,0,0,0
57741,0,0,0
122684,0,0,0
61496,0,0,0
77400,0,0,0
53619,0,0,0
93987,0,0,0
171460,0,0,0
107720,0,0,0
24038,0,0,0
359411,0,0,0
329869,0,0,0
192165,0,0,0
88438,0,0,0
255483,0,0,0
189095,0,0,0
122548,0,0,0
370096,0,0,0
224869,0,0,0
300988,0,0,0
325130,0,0,0
284660,0,0,0
85914,0,0,0
282312,0,0,0
196285,0,0,0
286911,0,0,0
98684,0,0,0
41454,0,0,0
381400,0,0,0
246874,0,0,0
331164,0,0,0
262271,0,0,0
211214,0,0,0
123351,0,0,0
325124,0,0,0
292573,0,0,0
157296,0,0,0
200412,0,0,0
185208,0,0,0
339738,0,0,0
7598,0,0,0
321081,0,0,0
288964,0,0,0
130542,0,0,0
80775,0,0,0
291890,0,0,0
60495,0,0,0
253417,0,0,0
200562,0,0,0
316306,0,0,0
124252,0,0,0
158178,0,0,0
251965,0,0,0
342764,0,0,0
157991,0,0,0
36808,0,0,0
129810,0,0,0
52807,0,0,0
332248,0,0,0
30142,0,0,0
283948,0,0,0
280388,0,0,0
138713,0,0,0
65059,0,0,0
145331,0,0,0
28139,0,0,0
104505,0,0,0
83527,0,0,0
25011,0,0,0
660,0,0,0
117304,0,0,0
173090,0,0,0
235899,0,0,0
73825,0,0,0
325035,0,0,0
97188,0,0,0
85615,0,0,0
346053,0,0,0
144875,0,0,0
147753,0,0,0
360055,0,0,0
1612,0,0,0
272901,0,0,0
204841,0,0,0
168708,0,0,0
293451,0,0,0
20502,0,0,0
38477,0,0,0
26657,0,0,0
208385,0,0,0
302145,0,0,0
186324,0,0,0
217720,0,0,0
162825,0,0,0
283426,0,0,0
86727,0,0,0
153619,0,0,0
285723,0,0,0
253225,0,0,0
273939,0,0,0
330053,0,0,0
173462,0,0,0
24363,0,0,0
377044,0,0,0
2965,0,0,0
389853,0,0,0
335619,0,0,0
357683,0,0,0
137997,0,0,0
64542,0,0,0
139965,0,0,0
94875,0,0,0
12266,0,0,0
277780,0,0,0
324929,0,0,0
230731,0,0,0
286640,0,0,0
306936,0,0,0
153621,0,0,0
53702,0,0,0
221405,0,0,0
237536,0,0,0
136597,0,0,0
140499,0,0,0
208763,0,0,0
386761,0,0,0
288879,0,0,0
341437,0,0,0
357924,0,0,0
395864,0,0,0
336907,0,0,0
69109,0,0,0
329913,0,0,0
403984,0,0,0
180853,0,0,0
280624,0,0,0
110686,0,0,0
36595,0,0,0
175476,0,0,0
162814,0,0,0
353926,0,0,0
348926,0,0,0
289667,0,0,0
50879,0,0,0
365878,0,0,0
205165,0,0,0
229889,0,0,0
199534,0,0,0
315360,0,0,0
64347,0,0,0
98055,0,0,0
369016,0,0,0
69144,0,0,0
138461,0,0,0
358644,0,0,0
119116,0,0,0
336225,0,0,0
302070,0,0,0
123682,0,0,0
213782,0,0,0
120805,0,0,0
1681,0,0,0
27021,0,0,0
266613,0,0,0
328992,0,0,0
236173,0,0,0
313290,0,0,0
162530,0,0,0
222306,0,0,0
369131,0,0,0
107672,0,0,0
186832,0,0,0
288531,0,0,0
22898,0,0,0
345934,0,0,0
233647,0,0,0
251767,0,0,0
137044,0,0,0
44277,0,0,0
53553,0,0,0
270944,0,0,0
354619,0,0,0
5109,0,0,0
26723,0,0,0
113616,0,0,0
130555,0,0,0
219321,0,0,0
183659,0,0,0
55472,0,0,0
8145,0,0,0
147489,0,0,0
214564,0,0,0
247301,0,0,0
344753,0,0,0
202404,0,0,0
274016,0,0,0
337472,0,0,0
18945,0,0,0
224650,0,0,0
255135,0,0,0
167699,0,0,0
175072,0,0,0
373683,0,0,0
313863,0,0,0
98983,0,0,0
365143,0,0,0
191296,0,0,0
94632,0,0,0
370288,0,0,0
396772,0,0,0
7015,0,0,0
51301,0,0,0
233604,0,0,0
225064,0,0,0
158599,0,0,0
343883,0,0,0
338008,0,0,0
401620,0,0,0
214556,0,0,0
342333,0,0,0
233502,0,0,0
172602,0,0,0
97781,0,0,0
406568,0,0,0
31298,0,0,0
90849,0,0,0
331095,0,0,0
234306,0,0,0
18588,0,0,0
61039,0,0,0
168410,0,0,0
286992,0,0,0
248013,0,0,0
91689,0,0,0
230760,0,0,0
92740,0,0,0
264527,0,0,0
171159,0,0,0
147636,0,0,0
35896,0,0,0
18037,0,0,0
361459,0,0,0
196478,0,0,0
175786,0,0,0
366243,0,0,0
408216,0,0,0
120479,0,0,0
358797,0,0,0
77300,0,0,0
299637,0,0,0
178466,0,0,0
253092,0,0,0
42874,0,0,0
147875,0,0,0
110857,0,0,0
73940,0,0,0
195787,0,0,0
334922,0,0,0
298349,0,0,0
81539,0,0,0
386573,0,0,0
89955,0,0,0
211016,0,0,0
378755,0,0,0
17247,0,0,0
319577,0,0,0
73497,0,0,0
330889,0,0,0
390201,0,0,0
346152,0,0,0
103995,0,0,0
56090,0,0,0
272279,0,0,0
29551,0,0,0
67433,0,0,0
89627,0,0,0
393368,0,0,0
273385,0,0,0
36922,0,0,0
359990,0,0,0
174136,0,0,0
236123,0,0,0
319569,0,0,0
277912,0,0,0
177547,0,0,0
122527,0,0,0
170120,0,0,0
54483,0,0,0
198245,0,0,0
390237,0,0,0
73745,0,0,0
67629,0,0,0
199395,0,0,0
295765,0,0,0
132144,0,0,0
284235,0,0,0
295327,0,0,0
43692,0,0,0
147275,0,0,0
66492,0,0,0
5742,0,0,0
198814,0,0,0
279640,0,0,0
376027,0,0,0
76713,0,0,0
340290,0,0,0
197821,0,0,0
70952,0,0,0
242574,0,0,0
331276,0,0,0
28739,0,0,0
405449,0,0,0
358398,0,0,0
109121,0,0,0
187796,0,0,0
342429,0,0,0
153456,0,0,0
331277,0,0,0
383840,0,0,0
113519,0,0,0
402774,0,0,0
112833,0,0,0
81745,0,0,0
276448,0,0,0
382079,0,0,0
10979,0,0,0
162557,0,0,0
169969,0,0,0
79158,0,0,0
121022,0,0,0
335633,0,0,0
47423,0,0,0
264721,0,0,0
223168,0,0,0
150192,0,0,0
244691,0,0,0
304631,0,0,0
76423,0,0,0
11641,0,0,0
189741,0,0,0
256638,0,0,0
312516,0,0,0
198190,0,0,0
350354,0,0,0
323527,0,0,0
175139,0,0,0
367536,0,0,0
87061,0,0,0
283419,0,0,0
345925,0,0,0
50075,0,0,0
294789,0,0,0
105202,0,0,0
225139,0,0,0
105253,0,0,0
98080,0,0,0
251643,0,0,0
179568,0,0,0
399873,0,0,0
282486,0,0,0
308631,0,0,0
266568,0,0,0
257135,0,0,0
376026,0,0,0
43942,0,0,0
40640,0,0,0
172802,0,0,0
136793,0,0,0
332284,0,0,0
128552,0,0,0
365051,0,0,0
206182,0,0,0
406926,0,0,0
113664,0,0,0
407000,0,0,0
402331,0,0,0
76906,0,0,0
2878,0,0,0
224968,0,0,0
221546,0,0,0
378455,0,0,0
341857,0,0,0
98743,0,0,0
153178,0,0,0
323858,0,0,0
152424,0,0,0
231058,0,0,0
36587,0,0,0
186484,0,0,0
81550,0,0,0
56612,0,0,0
282841,0,0,0
21370,0,0,0
226245,0,0,0
71204,0,0,0
315597,0,0,0
116957,0,0,0
345739,0,0,0
272784,0,0,0
197683,0,0,0
309402,0,0,0
82792,0,0,0
149599,0,0,0
5825,0,0,0
406334,0,0,0
247845,0,0,0
287841,0,0,0
66203,0,0,0
132012,0,0,0
257187,0,0,0
362815,0,0,0
17644,0,0,0
389100,0,0,0
404056,0,0,0
326094,0,0,0
187118,0,0,0
186248,0,0,0
126100,0,0,0
210734,0,0,0
196028,0,0,0
171907,0,0,0
138866,0,0,0
118884,0,0,0
57630,0,0,0
134087,0,0,0
409670,0,0,0
281085,0,0,0
357652,0,0,0
287633,0,0,0
363763,0,0,0
324201,0,0,0
27251,0,0,0
64664,0,0,0
215889,0,0,0
348954,0,0,0
283094,0,0,0
401855,0,0,0
287625,0,0,0
259506,0,0,0
373152,0,0,0
126454,0,0,0
349351,0,0,0
258039,0,0,0
190510,0,0,0
305701,0,0,0
405501,0,0,0
278915,0,0,0
122932,0,0,0
5043,0,0,0
309730,0,0,0
114958,0,0,0
298697,0,0,0
269605,0,0,0
30200,0,0,0
230429,0,0,0
85852,0,0,0
7200,0,0,0
408539,0,0,0
80275,0,0,0
290957,0,0,0
277820,0,0,0
393402,0,0,0
45058,0,0,0
86582,0,0,0
36035,0,0,0
50577,0,0,0
143314,0,0,0
12386,0,0,0
146724,0,0,0
364845,0,0,0
84064,0,0,0
194380,0,0,0
233284,0,0,0
152652,0,0,0
255880,0,0,0
392890,0,0,0
198122,0,0,0
312417,0,0,0
76413,0,0,0
311035,0,0,0
396257,0,0,0
239169,0,0,0
350963,0,0,0
277908,0,0,0
234232,0,0,0
20926,0,0,0
63482,0,0,0
138457,0,0,0
409867,0,0,0
331917,0,0,0
376137,0,0,0
26243,0,0,0
350980,0,0,0
312970,0,0,0
379172,0,0,0
194458,0,0,0
280949,0,0,0
20246,0,0,0
385347,0,0,0
57038,0,0,0
268653,0,0,0
237787,0,0,0
393631,0,0,0
272344,0,0,0
186530,0,0,0
170123,0,0,0
72823,0,0,0
406912,0,0,0
289178,0,0,0
279699,0,0,0
75459,0,0,0
156396,0,0,0
394427,0,0,0
40981,0,0,0
303469,0,0,0
12953,0,0,0
314227,0,0,0
375311,0,0,0
405573,0,0,0
385265,0,0,0
337115,0,0,0
146035,0,0,0
176728,0,0,0
247796,0,0,0
410849,0,0,0
14087,0,0,0
140203,0,0,0
15400,0,0,0
196018,0,0,0
271431,0,0,0
276754,0,0,0
329584,0,0,0
312756,0,0,0
328112,0,0,0
57100,0,0,0
289071,0,0,0
54234,0,0,0
52827,0,0,0
142005,0,0,0
301725,0,0,0
203389,0,0,0
284269,0,0,0
395588,0,0,0
128509,0,0,0
387214,0,0,0
172666,0,0,0
268447,0,0,0
44949,0,0,0
207470,0,0,0
161840,0,0,0
85018,0,0,0
248447,0,0,0
253608,0,0,0
104788,0,0,0
182988,0,0,0
182003,0,0,0
215441,0,0,0
184346,0,0,0
399483,0,0,0
231326,0,0,0
171685,0,0,0
42001,0,0,0
200410,0,0,0
251912,0,0,0
318411,0,0,0
374805,0,0,0
410167,0,0,0
196378,0,0,0
173570,0,0,0
163759,0,0,0
146108,0,0,0
273517,0,0,0
242324,0,0,0
298959,0,0,0
408768,0,0,0
376887,0,0,0
228959,0,0,0
87024,0,0,0
233876,0,0,0
328009,0,0,0
263748,0,0,0
332920,0,0,0
206907,0,0,0
96516,0,0,0
201289,0,0,0
122102,0,0,0
68283,0,0,0
239349,0,0,0
222155,0,0,0
405863,0,0,0
2571,0,0,0
279383,0,0,0
299042,0,0,0
254625,0,0,0
182853,0,0,0
3775,0,0,0
294467,0,0,0
255132,0,0,0
59097,0,0,0
48596,0,0,0
395171,0,0,0
252180,0,0,0
169842,0,0,0
276282,0,0,0
205417,0,0,0
350429,0,0,0
410655,0,0,0
118227,0,0,0
363337,0,0,0
94785,0,0,0
157968,0,0,0
154038,0,0,0
27856,0,0,0
228410,0,0,0
360030,0,0,0
58296,0,0,0
399215,0,0,0
177831,0,0,0
7489,0,0,0
97588,0,0,0
147465,0,0,0
222729,0,0,0
266202,0,0,0
314316,0,0,0
204711,0,0,0
385695,0,0,0
295145,0,0,0
47737,0,0,0
318648,0,0,0
113793,0,0,0
247482,0,0,0
67372,0,0,0
219448,0,0,0
87676,0,0,0
358679,0,0,0
2378,0,0,0
96487,0,0,0
55044,0,0,0
340934,0,0,0
171482,0,0,0
68062,0,0,0
61354,0,0,0
287224,0,0,0
196483,0,0,0
304711,0,0,0
381722,0,0,0
326177,0,0,0
64098,0,0,0
342527,0,0,0
173478,0,0,0
318764,0,0,0
154161,0,0,0
254342,0,0,0
358957,0,0,0
293123,0,0,0
93162,0,0,0
150773,0,0,0
52398,0,0,0
358997,0,0,0
298457,0,0,0
336720,0,0,0
86784,0,0,0
302429,0,0,0
162269,0,0,0
171090,0,0,0
79981,0,0,0
233254,0,0,0
101966,0,0,0
260412,0,0,0
239384,0,0,0
83261,0,0,0
159009,0,0,0
103290,0,0,0
298863,0,0,0
243319,0,0,0
41495,0,0,0
157667,0,0,0
276825,0,0,0
149834,0,0,0
103927,0,0,0
163889,0,0,0
34113,0,0,0
332949,0,0,0
96218,0,0,0
200746,0,0,0
200978,0,0,0
259942,0,0,0
301332,0,0,0
45153,0,0,0
275436,0,0,0
14447,0,0,0
144523,0,0,0
268032,0,0,0
207598,0,0,0
118819,0,0,0
296358,0,0,0
181260,0,0,0
188140,0,0,0
23047,0,0,0
81217,0,0,0
304961,0,0,0
283086,0,0,0
206865,0,0,0
341487,0,0,0
43582,0,0,0
235111,0,0,0
273439,0,0,0
156469,0,0,0
386760,0,0,0
191905,0,0,0
101405,0,0,0
162785,0,0,0
74602,0,0,0
67428,0,0,0
39913,0,0,0
338285,0,0,0
101241,0,0,0
174831,0,0,0
86122,0,0,0
99181,0,0,0
349198,0,0,0
84902,0,0,0
139153,0,0,0
16750,0,0,0
240293,0,0,0
277371,0,0,0
246162,0,0,0
323997,0,0,0
304363,0,0,0
337946,0,0,0
381259,0,0,0
96512,0,0,0
288986,0,0,0
333782,0,0,0
258814,0,0,0
34652,0,0,0
189560,0,0,0
144580,0,0,0
110953,0,0,0
310625,0,0,0
57548,0,0,0
177494,0,0,0
17017,0,0,0
310626,0,0,0
189073,0,0,0
273377,0,0,0
375233,0,0,0
276086,0,0,0
347871,0,0,0
393622,0,0,0
405058,0,0,0
278474,0,0,0
16467,0,0,0
78863,0,0,0
149772,0,0,0
155454,0,0,0
117906,0,0,0
60965,0,0,0
56821,0,0,0
297838,0,0,0
284200,0,0,0
345235,0,0,0
266697,0,0,0
395590,0,0,0
52157,0,0,0
319396,0,0,0
320109,0,0,0
374135,0,0,0
47704,0,0,0
24740,0,0,0
69871,0,0,0
319002,0,0,0
407647,0,0,0
207803,0,0,0
374036,0,0,0
235780,0,0,0
202989,0,0,0
266378,0,0,0
161252,0,0,0
332955,0,0,0
62037,0,0,0
403408,0,0,0
230184,0,0,0
372601,0,0,0
118072,0,0,0
180229,0,0,0
166259,0,0,0
179627,0,0,0
407388,0,0,0
299953,0,0,0
141363,0,0,0
103181,0,0,0
328626,0,0,0
318413,0,0,0
125510,0,0,0
251830,0,0,0
2026,0,0,0
225629,0,0,0
380681,0,0,0
191094,0,0,0
151102,0,0,0
246098,0,0,0
372083,0,0,0
245038,0,0,0
396439,0,0,0
166219,0,0,0
84376,0,0,0
255816,0,0,0
265483,0,0,0
280132,0,0,0
348460,0,0,0
221510,0,0,0
326485,0,0,0
201555,0,0,0
266766,0,0,0
93968,0,0,0
54076,0,0,0
403691,0,0,0
250237,0,0,0
142067,0,0,0
176547,0,0,0
407454,0,0,0
379059,0,0,0
82311,0,0,0
41518,0,0,0
237938,0,0,0
41673,0,0,0
34977,0,0,0
102650,0,0,0
272406,0,0,0
299062,0,0,0
372472,0,0,0
154720,0,0,0
26235,0,0,0
246373,0,0,0
334485,0,0,0
38614,0,0,0
228518,0,0,0
358935,0,0,0
349927,0,0,0
168356,0,0,0
201662,0,0,0
247713,0,0,0
20443,0,0,0
82585,0,0,0
377226,0,0,0
403347,0,0,0
75506,0,0,0
32288,0,0,0
304156,0,0,0
50404,0,0,0
177634,0,0,0
2782,0,0,0
301040,0,0,0
159864,0,0,0
110499,0,0,0
64817,0,0,0
74963,0,0,0
152720,0,0,0
279169,0,0,0
376958,0,0,0
246486,0,0,0
378031,0,0,0
366536,0,0,0
258484,0,0,0
107057,0,0,0
363164,0,0,0
295973,0,0,0
340350,0,0,0
399575,0,0,0
329628,0,0,0
400553,0,0,0
14323,0,0,0
44841,0,0,0
324171,0,0,0
347451,0,0,0
321865,0,0,0
67074,0,0,0
338515,0,0,0
403837,0,0,0
197017,0,0,0
118592,0,0,0
342806,0,0,0
106718,0,0,0
47634,0,0,0
286045,0,0,0
187646,0,0,0
248750,0,0,0
135612,0,0,0
40632,0,0,0
411341,0,0,0
28235,0,0,0
124302,0,0,0
141907,0,0,0
78477,0,0,0
155226,0,0,0
250662,0,0,0
401451,0,0,0
229100,0,0,0
10757,0,0,0
30445,0,0,0
312919,0,0,0
389776,0,0,0
68038,0,0,0
213190,0,0,0
296878,0,0,0
371553,0,0,0
317070,0,0,0
129696,0,0,0
231146,0,0,0
127670,0,0,0
145747,0,0,0
334726,0,0,0
184285,0,0,0
254980,0,0,0
406208,0,0,0
276467,0,0,0
240728,0,0,0
195523,0,0,0
237135,0,0,0
383266,0,0,0
247441,0,0,0
196909,0,0,0
46899,0,0,0
38707,0,0,0
259513,0,0,0
357133,0,0,0
353591,0,0,0
138007,0,0,0
201693,0,0,0
74542,0,0,0
357595,0,0,0
179336,0,0,0
69545,0,0,0
365989,0,0,0
156295,0,0,0
172571,0,0,0
88449,0,0,0
36528,0,0,0
115476,0,0,0
129174,0,0,0
252910,0,0,0
397448,0,0,0
122855,0,0,0
265798,0,0,0
385234,0,0,0
375365,0,0,0
102488,0,0,0
303333,0,0,0
218686,0,0,0
125458,0,0,0
24556,0,0,0
259070,0,0,0
107866,0,0,0
215712,0,0,0
239207,0,0,0
401967,0,0,0
229459,0,0,0
367720,0,0,0
364465,0,0,0
390200,0,0,0
249864,0,0,0
272410,0,0,0
286824,0,0,0
35838,0,0,0
394036,0,0,0
31616,0,0,0
300541,0,0,0
146530,0,0,0
261782,0,0,0
240035,0,0,0
133097,0,0,0
107036,0,0,0
141496,0,0,0
4589,0,0,0
163517,0,0,0
79407,0,0,0
170815,0,0,0
141215,0,0,0
208245,0,0,0
38169,0,0,0
391134,0,0,0
206768,0,0,0
287595,0,0,0
78296,0,0,0
71870,0,0,0
9104,0,0,0
301770,0,0,0
20430,0,0,0
176673,0,0,0
281127,0,0,0
381919,0,0,0
68905,0,0,0
167498,0,0,0
168231,0,0,0
139725,0,0,0
159961,0,0,0
259467,0,0,0
333914,0,0,0
321152,0,0,0
11108,0,0,0
351296,0,0,0
219168,0,0,0
92845,0,0,0
290638,0,0,0
190908,0,0,0
90284,0,0,0
326127,0,0,0
351473,0,0,0
171648,0,0,0
295280,0,0,0
148327,0,0,0
353318,0,0,0
344912,0,0,0
142494,0,0,0
309119,0,0,0
62684,0,0,0
135061,0,0,0
221558,0,0,0
206304,0,0,0
212506,0,0,0
286415,0,0,0
294655,0,0,0
27581,0,0,0
80317,0,0,0
226921,0,0,0
204830,0,0,0
112823,0,0,0
256916,0,0,0
69983,0,0,0
16504,0,0,0
309169,0,0,0
218600,0,0,0
357281,0,0,0
56039,0,0,0
155386,0,0,0
298733,0,0,0
337950,0,0,0
10741,0,0,0
8579,0,0,0
231363,0,0,0
280680,0,0,0
319230,0,0,0
136234,0,0,0
234561,0,0,0
356297,0,0,0
260870,0,0,0
339552,0,0,0
75082,0,0,0
137328,0,0,0
122949,0,0,0
393144,0,0,0
371231,0,0,0
352503,0,0,0
149717,0,0,0
213430,0,0,0
61722,0,0,0
351040,0,0,0
72337,0,0,0
248688,0,0,0
103787,0,0,0
200801,0,0,0
7662,0,0,0
310632,0,0,0
353317,0,0,0
83619,0,0,0
136783,0,0,0
410414,0,0,0
16765,0,0,0
316545,0,0,0
342945,0,0,0
340342,0,0,0
255683,0,0,0
138888,0,0,0
160236,0,0,0
255918,0,0,0
140239,0,0,0
31699,0,0,0
11706,0,0,0
334596,0,0,0
406475,0,0,0
8393,0,0,0
187582,0,0,0
93664,0,0,0
144006,0,0,0
230196,0,0,0
149362,0,0,0
217791,0,0,0
258908,0,0,0
307517,0,0,0
77099,0,0,0
106630,0,0,0
95692,0,0,0
199007,0,0,0
179764,0,0,0
105600,0,0,0
219061,0,0,0
191719,0,0,0
90222,0,0,0
337520,0,0,0
61994,0,0,0
21420,0,0,0
222258,0,0,0
110377,0,0,0
332885,0,0,0
284809,0,0,0
268744,0,0,0
332370,0,0,0
291966,0,0,0
253535,0,0,0
47060,0,0,0
132501,0,0,0
365722,0,0,0
257433,0,0,0
4389,0,0,0
298703,0,0,0
381749,0,0,0
346172,0,0,0
227015,0,0,0
339032,0,0,0
367098,0,0,0
91855,0,0,0
218891,0,0,0
172655,0,0,0
387919,0,0,0
334020,0,0,0
344458,0,0,0
240717,0,0,0
151073,0,0,0
199491,0,0,0
252699,0,0,0
357085,0,0,0
90640,0,0,0
201374,0,0,0
111372,0,0,0
59853,0,0,0
167949,0,0,0
32531,0,0,0
128691,0,0,0
209642,0,0,0
58620,0,0,0
1860,0,0,0
389854,0,0,0
293479,0,0,0
401209,0,0,0
268140,0,0,0
280063,0,0,0
93941,0,0,0
36647,0,0,0
196009,0,0,0
127461,0,0,0
62666,0,0,0
174063,0,0,0
83860,0,0,0
85448,0,0,0
170840,0,0,0
28091,0,0,0
286224,0,0,0
372816,0,0,0
342523,0,0,0
61546,0,0,0
193707,0,0,0
315063,0,0,0
100647,0,0,0
291042,0,0,0
406510,0,0,0
51453,0,0,0
218763,0,0,0
269254,0,0,0
262273,0,0,0
11334,0,0,0
219313,0,0,0
182107,0,0,0
59776,0,0,0
224210,0,0,0
188866,0,0,0
381301,0,0,0
89178,0,0,0
385352,0,0,0
22561,0,0,0
298167,0,0,0
401930,0,0,0
274109,0,0,0
184088,0,0,0
375981,0,0,0
252297,0,0,0
321509,0,0,0
392542,0,0,0
175309,0,0,0
321888,0,0,0
183036,0,0,0
101540,0,0,0
63632,0,0,0
230063,0,0,0
263146,0,0,0
223107,0,0,0
321445,0,0,0
273977,0,0,0
247264,0,0,0
216885,0,0,0
89862,0,0,0
244465,0,0,0
135621,0,0,0
159979,0,0,0
212382,0,0,0
245749,0,0,0
281459,0,0,0
69364,0,0,0
105878,0,0,0
205122,0,0,0
353077,0,0,0
407749,0,0,0
193053,0,0,0
72466,0,0,0
236939,0,0,0
141217,0,0,0
319339,0,0,0
371323,0,0,0
35030,0,0,0
125309,0,0,0
299160,0,0,0
232102,0,0,0
77005,0,0,0
295293,0,0,0
171044,0,0,0
227416,0,0,0
91044,0,0,0
175254,0,0,0
35144,0,0,0
376952,0,0,0
133836,0,0,0
395903,0,0,0
197702,0,0,0
293606,0,0,0
265154,0,0,0
21618,0,0,0
406530,0,0,0
87673,0,0,0
340182,0,0,0
42999,0,0,0
373898,0,0,0
79629,0,0,0
48368,0,0,0
353619,0,0,0
345105,0,0,0
86710,0,0,0
41406,0,0,0
351343,0,0,0
4108,0,0,0
245174,0,0,0
258731,0,0,0
184056,0,0,0
294979,0,0,0
263091,0,0,0
324082,0,0,0
356506,0,0,0
411317,0,0,0
245281,0,0,0
189166,0,0,0
100516,0,0,0
217744,0,0,0
214349,0,0,0
342985,0,0,0
345277,0,0,0
231853,0,0,0
377877,0,0,0
367949,0,0,0
320005,0,0,0
159243,0,0,0
133062,0,0,0
353082,0,0,0
11264,0,0,0
25907,0,0,0
293508,0,0,0
119342,0,0,0
133346,0,0,0
356507,0,0,0
297104,0,0,0
221652,0,0,0
215757,0,0,0
91282,0,0,0
144588,0,0,0
59989,0,0,0
153001,0,0,0
100138,0,0,0
330483,0,0,0
398512,0,0,0
50401,0,0,0
384793,0,0,0
317308,0,0,0
66915,0,0,0
97270,0,0,0
154696,0,0,0
332502,0,0,0
74844,0,0,0
232322,0,0,0
35222,0,0,0
258600,0,0,0
364148,0,0,0
160629,0,0,0
81494,0,0,0
321210,0,0,0
150018,0,0,0
221321,0,0,0
10250,0,0,0
115108,0,0,0
223460,0,0,0
161131,0,0,0
290449,0,0,0
108002,0,0,0
270613,0,0,0
124870,0,0,0
136906,0,0,0
245966,0,0,0
398046,0,0,0
372899,0,0,0
251207,0,0,0
311,0,0,0
5890,0,0,0
21453,0,0,0
161505,0,0,0
103083,0,0,0
57059,0,0,0
9681,0,0,0
381471,0,0,0
386759,0,0,0
99337,0,0,0
133684,0,0,0
136656,0,0,0
324912,0,0,0
327977,0,0,0
199295,0,0,0
407746,0,0,0
395732,0,0,0
254644,0,0,0
261865,0,0,0
227310,0,0,0
120310,0,0,0
263560,0,0,0
375438,0,0,0
276739,0,0,0
26322,0,0,0
165168,0,0,0
169720,0,0,0
365138,0,0,0
342741,0,0,0
250029,0,0,0
238014,0,0,0
27284,0,0,0
224486,0,0,0
364393,0,0,0
316497,0,0,0
222754,0,0,0
403311,0,0,0
36516,0,0,0
283942,0,0,0
372662,0,0,0
26532,0,0,0
15834,0,0,0
282543,0,0,0
9520,0,0,0
344762,0,0,0
100498,0,0,0
211849,0,0,0
38026,0,0,0
209631,0,0,0
302815,0,0,0
63441,0,0,0
119236,0,0,0
360714,0,0,0
214445,0,0,0
317550,0,0,0
175843,0,0,0
198333,0,0,0
293232,0,0,0
377576,0,0,0
158461,0,0,0
199775,0,0,0
131252,0,0,0
244712,0,0,0
49484,0,0,0
85036,0,0,0
334486,0,0,0
95107,0,0,0
281460,0,0,0
180905,0,0,0
124765,0,0,0
111698,0,0,0
158455,0,0,0
72268,0,0,0
63478,0,0,0
301668,0,0,0
7982,0,0,0
112478,0,0,0
410439,0,0,0
86949,0,0,0
143299,0,0,0
379453,0,0,0
96298,0,0,0
274098,0,0,0
126519,0,0,0
47952,0,0,0
99191,0,0,0
379474,0,0,0
88883,0,0,0
54576,0,0,0
222530,0,0,0
398104,0,0,0
253539,0,0,0
350215,0,0,0
212442,0,0,0
19350,0,0,0
190253,0,0,0
208505,0,0,0
105922,0,0,0
379555,0,0,0
22370,0,0,0
151692,0,0,0
323361,0,0,0
334158,0,0,0
103502,0,0,0
118364,0,0,0
395468,0,0,0
315247,0,0,0
362328,0,0,0
220400,0,0,0
390019,0,0,0
324895,0,0,0
62763,0,0,0
327191,0,0,0
212024,0,0,0
347774,0,0,0
278892,0,0,0
327388,0,0,0
117632,0,0,0
403847,0,0,0
313911,0,0,0
392448,0,0,0
181253,0,0,0
278110,0,0,0
83882,0,0,0
113665,0,0,0
12909,0,0,0
149631,0,0,0
220833,0,0,0
385551,0,0,0
91157,0,0,0
268874,0,0,0
185123,0,0,0
211196,0,0,0
186296,0,0,0
301921,0,0,0
27616,0,0,0
86947,0,0,0
398635,0,0,0
177680,0,0,0
217047,0,0,0
174953,0,0,0
223734,0,0,0
6867,0,0,0
371757,0,0,0
140251,0,0,0
168555,0,0,0
116765,0,0,0
162847,0,0,0
310633,0,0,0
103139,0,0,0
65889,0,0,0
34332,0,0,0
236050,0,0,0
117750,0,0,0
76651,0,0,0
55849,0,0,0
57803,0,0,0
64220,0,0,0
241641,0,0,0
121928,0,0,0
317643,0,0,0
8114,0,0,0
395343,0,0,0
54353,0,0,0
268054,0,0,0
364982,0,0,0
129716,0,0,0
34042,0,0,0
348875,0,0,0
55982,0,0,0
31395,0,0,0
104238,0,0,0
261384,0,0,0
318592,0,0,0
116586,0,0,0
404915,0,0,0
158450,0,0,0
22698,0,0,0
8360,0,0,0
251359,0,0,0
214682,0,0,0
174304,0,0,0
334647,0,0,0
169350,0,0,0
285362,0,0,0
334829,0,0,0
33831,0,0,0
283442,0,0,0
225614,0,0,0
312637,0,0,0
221464,0,0,0
243452,0,0,0
384647,0,0,0
272177,0,0,0
39727,0,0,0
356528,0,0,0
21203,0,0,0
302216,0,0,0
340358,0,0,0
43767,0,0,0
55870,0,0,0
383642,0,0,0
224685,0,0,0
286525,0,0,0
80752,0,0,0
74547,0,0,0
104021,0,0,0
364671,0,0,0
250319,0,0,0
299815,0,0,0
171755,0,0,0
175758,0,0,0
371348,0,0,0
213564,0,0,0
131810,0,0,0
63885,0,0,0
13527,0,0,0
203728,0,0,0
242559,0,0,0
409453,0,0,0
61457,0,0,0
262359,0,0,0
239014,0,0,0
383484,0,0,0
355024,0,0,0
335998,0,0,0
75977,0,0,0
407180,0,0,0
270087,0,0,0
341288,0,0,0
140375,0,0,0
103407,0,0,0
356714,0,0,0
111049,0,0,0
152692,0,0,0
398620,0,0,0
58578,0,0,0
334638,0,0,0
168121,0,0,0
385625,0,0,0
321120,0,0,0
64809,0,0,0
296072,0,0,0
50065,0,0,0
34924,0,0,0
31825,0,0,0
24584,0,0,0
236083,0,0,0
243448,0,0,0
301703,0,0,0
245802,0,0,0
386419,0,0,0
374952,0,0,0
222995,0,0,0
108213,0,0,0
323593,0,0,0
362541,0,0,0
113885,0,0,0
279394,0,0,0
279257,0,0,0
200110,0,0,0
375909,0,0,0
179534,0,0,0
25762,0,0,0
398421,0,0,0
149648,0,0,0
132445,0,0,0
209000,0,0,0
341679,0,0,0
43251,0,0,0
1962,0,0,0
116178,0,0,0
28133,0,0,0
99073,0,0,0
267292,0,0,0
242807,0,0,0
332905,0,0,0
100738,0,0,0
105689,0,0,0
104253,0,0,0
258742,0,0,0
169340,0,0,0
235830,0,0,0
51016,0,0,0
207389,0,0,0
63102,0,0,0
66265,0,0,0
291924,0,0,0
210748,0,0,0
301231,0,0,0
409883,0,0,0
144361,0,0,0
69813,0,0,0
376159,0,0,0
316040,0,0,0
352895,0,0,0
100895,0,0,0
158513,0,0,0
301795,0,0,0
66824,0,0,0
251521,0,0,0
306932,0,0,0
321402,0,0,0
172788,0,0,0
112282,0,0,0
381850,0,0,0
99208,0,0,0
303800,0,0,0
88509,0,0,0
293484,0,0,0
114785,0,0,0
304664,0,0,0
261070,0,0,0
295812,0,0,0
66997,0,0,0
108331,0,0,0
367091,0,0,0
214782,0,0,0
23667,0,0,0
194736,0,0,0
8648,0,0,0
26476,0,0,0
321782,0,0,0
13792,0,0,0
237506,0,0,0
395713,0,0,0
190182,0,0,0
129063,0,0,0
347954,0,0,0
36135,0,0,0
221882,0,0,0
58108,0,0,0
17660,0,0,0
216706,0,0,0
50454,0,0,0
344374,0,0,0
149312,0,0,0
368332,0,0,0
28086,0,0,0
304338,0,0,0
105421,0,0,0
273190,0,0,0
327580,0,0,0
38981,0,0,0
244494,0,0,0
393710,0,0,0
396798,0,0,0
229696,0,0,0
226971,0,0,0
110060,0,0,0
203081,0,0,0
254971,0,0,0
364128,0,0,0
236639,0,0,0
90850,0,0,0
132068,0,0,0
202416,0,0,0
284315,0,0,0
386648,0,0,0
279755,0,0,0
168134,0,0,0
197000,0,0,0
404718,0,0,0
260954,0,0,0
56922,0,0,0
309125,0,0,0
299890,0,0,0
320172,0,0,0
107857,0,0,0
128328,0,0,0
219521,0,0,0
221489,0,0,0
241082,0,0,0
98114,0,0,0
388069,0,0,0
169265,0,0,0
196826,0,0,0
308670,0,0,0
195408,0,0,0
132215,0,0,0
329055,0,0,0
317970,0,0,0
3321,0,0,0
140444,0,0,0
25284,0,0,0
213229,0,0,0
252679,0,0,0
132287,0,0,0
94144,0,0,0
8860,0,0,0
296493,0,0,0
8582,0,0,0
329865,0,0,0
151062,0,0,0
268965,0,0,0
336602,0,0,0
186030,0,0,0
381701,0,0,0
369423,0,0,0
397353,0,0,0
186546,0,0,0
112947,0,0,0
24841,0,0,0
394563,0,0,0
404148,0,0,0
88313,0,0,0
238351,0,0,0
243616,0,0,0
341541,0,0,0
239849,0,0,0
182705,0,0,0
239500,0,0,0
59445,0,0,0
314336,0,0,0
85183,0,0,0
172757,0,0,0
115333,0,0,0
33944,0,0,0
200791,0,0,0
143913,0,0,0
239090,0,0,0
336309,0,0,0
13149,0,0,0
104213,0,0,0
8631,0,0,0
186848,0,0,0
44027,0,0,0
150842,0,0,0
146988,0,0,0
243482,0,0,0
169086,0,0,0
408740,0,0,0
78205,0,0,0
402377,0,0,0
79229,0,0,0
245902,0,0,0
157249,0,0,0
196384,0,0,0
114016,0,0,0
189116,0,0,0
274294,0,0,0
47786,0,0,0
273808,0,0,0
140248,0,0,0
119871,0,0,0
345175,0,0,0
140609,0,0,0
114775,0,0,0
406289,0,0,0
23137,0,0,0
350063,0,0,0
307918,0,0,0
216099,0,0,0
206499,0,0,0
4784,0,0,0
360590,0,0,0
52705,0,0,0
170473,0,0,0
362014,0,0,0
242391,0,0,0
293740,0,0,0
351553,0,0,0
207887,0,0,0
360959,0,0,0
313606,0,0,0
374281,0,0,0
302698,0,0,0
217365,0,0,0
298746,0,0,0
334286,0,0,0
220359,0,0,0
201272,0,0,0
4174,0,0,0
134136,0,0,0
229379,0,0,0
405476,0,0,0
177058,0,0,0
265103,0,0,0
329790,0,0,0
390586,0,0,0
347470,0,0,0
224404,0,0,0
209035,0,0,0
226871,0,0,0
35485,0,0,0
395415,0,0,0
53308,0,0,0
120153,0,0,0
342927,0,0,0
13582,0,0,0
102406,0,0,0
116525,0,0,0
147205,0,0,0
200370,0,0,0
197402,0,0,0
35406,0,0,0
99107,0,0,0
18153,0,0,0
46300,0,0,0
88122,0,0,0
301420,0,0,0
88878,0,0,0
135497,0,0,0
1609,0,0,0
204075,0,0,0
225381,0,0,0
408457,0,0,0
228804,0,0,0
356563,0,0,0
230539,0,0,0
385015,0,0,0
23665,0,0,0
210192,0,0,0
258054,0,0,0
261082,0,0,0
253971,0,0,0
100030,0,0,0
99067,0,0,0
348838,0,0,0
119275,0,0,0
400890,0,0,0
146562,0,0,0
224375,0,0,0
216244,0,0,0
211250,0,0,0
50958,0,0,0
251603,0,0,0
202053,0,0,0
194973,0,0,0
208627,0,0,0
267066,0,0,0
225940,0,0,0
267095,0,0,0
333088,0,0,0
321842,0,0,0
358777,0,0,0
194852,0,0,0
182213,0,0,0
144546,0,0,0
223184,0,0,0
407387,0,0,0
39690,0,0,0
156035,0,0,0
320166,0,0,0
261651,0,0,0
126500,0,0,0
113259,0,0,0
44445,0,0,0
336479,0,0,0
115100,0,0,0
218514,0,0,0
278604,0,0,0
40964,0,0,0
374554,0,0,0
52564,0,0,0
120777,0,0,0
308773,0,0,0
260659,0,0,0
37399,0,0,0
297381,0,0,0
84519,0,0,0
161398,0,0,0
224257,0,0,0
268489,0,0,0
131853,0,0,0
185515,0,0,0
99896,0,0,0
201390,0,0,0
296867,0,0,0
964,0,0,0
318951,0,0,0
314195,0,0,0
217655,0,0,0
99235,0,0,0
227998,0,0,0
196021,0,0,0
307105,0,0,0
231084,0,0,0
271776,0,0,0
363174,0,0,0
232908,0,0,0
310520,0,0,0
87825,0,0,0
269499,0,0,0
107645,0,0,0
367577,0,0,0
220238,0,0,0
139395,0,0,0
69487,0,0,0
228680,0,0,0
44958,0,0,0
20835,0,0,0
329306,0,0,0
126421,0,0,0
28635,0,0,0
9302,0,0,0
158695,0,0,0
391398,0,0,0
86993,0,0,0
200378,0,0,0
366983,0,0,0
48775,0,0,0
216349,0,0,0
295911,0,0,0
384292,0,0,0
103392,0,0,0
292833,0,0,0
96744,0,0,0
242917,0,0,0
361736,0,0,0
276302,0,0,0
378334,0,0,0
302844,0,0,0
147229,0,0,0
278413,0,0,0
92961,0,0,0
264604,0,0,0
276760,0,0,0
174169,0,0,0
221474,0,0,0
265091,0,0,0
227948,0,0,0
356536,0,0,0
95742,0,0,0
364034,0,0,0
15425,0,0,0
294139,0,0,0
242645,0,0,0
197179,0,0,0
32242,0,0,0
336481,0,0,0
46736,0,0,0
74927,0,0,0
179729,0,0,0
295858,0,0,0
169889,0,0,0
166972,0,0,0
345881,0,0,0
57193,0,0,0
307807,0,0,0
4021,0,0,0
379881,0,0,0
268830,0,0,0
140655,0,0,0
280397,0,0,0
179549,0,0,0
117405,0,0,0
302298,0,0,0
109290,0,0,0
348193,0,0,0
235744,0,0,0
37563,0,0,0
91669,0,0,0
365154,0,0,0
400858,0,0,0
75588,0,0,0
78530,0,0,0
380690,0,0,0
197617,0,0,0
155108,0,0,0
31158,0,0,0
41759,0,0,0
267107,0,0,0
16331,0,0,0
127645,0,0,0
77275,0,0,0
225734,0,0,0
235603,0,0,0
176886,0,0,0
404213,0,0,0
280343,0,0,0
126917,0,0,0
312372,0,0,0
111358,0,0,0
175458,0,0,0
292769,0,0,0
398962,0,0,0
405357,0,0,0
272681,0,0,0
173337,0,0,0
87038,0,0,0
392695,0,0,0
295093,0,0,0
308212,0,0,0
358239,0,0,0
342580,0,0,0
342147,0,0,0
335337,0,0,0
69502,0,0,0
392201,0,0,0
339854,0,0,0
256109,0,0,0
256197,0,0,0
191696,0,0,0
407515,0,0,0
358311,0,0,0
70590,0,0,0
179487,0,0,0
82699,0,0,0
277395,0,0,0
40606,0,0,0
8039,0,0,0
91429,0,0,0
340295,0,0,0
16257,0,0,0
198146,0,0,0
133517,0,0,0
161228,0,0,0
262596,0,0,0
55586,0,0,0
273376,0,0,0
403782,0,0,0
146715,0,0,0
395278,0,0,0
345481,0,0,0
195012,0,0,0
271232,0,0,0
232599,0,0,0
121285,0,0,0
255561,0,0,0
314353,0,0,0
210333,0,0,0
230675,0,0,0
312081,0,0,0
210219,0,0,0
292172,0,0,0
113528,0,0,0
251702,0,0,0
60962,0,0,0
8866,0,0,0
31896,0,0,0
8849,0,0,0
336266,0,0,0
402608,0,0,0
7070,0,0,0
379028,0,0,0
71909,0,0,0
82655,0,0,0
271824,0,0,0
375117,0,0,0
51200,0,0,0
270179,0,0,0
228779,0,0,0
240690,0,0,0
348195,0,0,0
88898,0,0,0
244629,0,0,0
366080,0,0,0
334062,0,0,0
378891,0,0,0
4029,0,0,0
97548,0,0,0
77996,0,0,0
222261,0,0,0
409087,0,0,0
301766,0,0,0
302788,0,0,0
200581,0,0,0
352553,0,0,0
71083,0,0,0
274657,0,0,0
219767,0,0,0
63589,0,0,0
82214,0,0,0
115299,0,0,0
184353,0,0,0
91579,0,0,0
332878,0,0,0
65195,0,0,0
176009,0,0,0
213773,0,0,0
7983,0,0,0
353575,0,0,0
207463,0,0,0
337642,0,0,0
305303,0,0,0
309168,0,0,0
392036,0,0,0
180138,0,0,0
323757,0,0,0
37423,0,0,0
138756,0,0,0
178427,0,0,0
45997,0,0,0
117733,0,0,0
328681,0,0,0
363770,0,0,0
314018,0,0,0
183030,0,0,0
256589,0,0,0
24912,0,0,0
51151,0,0,0
66771,0,0,0
246044,0,0,0
341448,0,0,0
87438,0,0,0
75675,0,0,0
372360,0,0,0
171241,0,0,0
104943,0,0,0
11076,0,0,0
374748,0,0,0
250062,0,0,0
343129,0,0,0
236196,0,0,0
1334,0,0,0
29278,0,0,0
293047,0,0,0
345383,0,0,0
194508,0,0,0
234895,0,0,0
295918,0,0,0
230349,0,0,0
288041,0,0,0
3297,0,0,0
393654,0,0,0
14541,0,0,0
283515,0,0,0
348030,0,0,0
293244,0,0,0
350541,0,0,0
36044,0,0,0
212477,0,0,0
196321,0,0,0
155736,0,0,0
146189,0,0,0
403508,0,0,0
151386,0,0,0
48716,0,0,0
272694,0,0,0
402686,0,0,0
251674,0,0,0
8675,0,0,0
156256,0,0,0
297188,0,0,0
353103,0,0,0
82022,0,0,0
142874,0,0,0
125206,0,0,0
294866,0,0,0
219789,0,0,0
43396,0,0,0
200228,0,0,0
295153,0,0,0
368210,0,0,0
310345,0,0,0
371953,0,0,0
290225,0,0,0
247905,0,0,0
411141,0,0,0
298544,0,0,0
230863,0,0,0
6211,0,0,0
323809,0,0,0
391940,0,0,0
207718,0,0,0
256298,0,0,0
6964,0,0,0
179602,0,0,0
197253,0,0,0
47920,0,0,0
52816,0,0,0
290929,0,0,0
309993,0,0,0
73381,0,0,0
321530,0,0,0
392944,0,0,0
48824,0,0,0
355645,0,0,0
77402,0,0,0
181622,0,0,0
16579,0,0,0
122117,0,0,0
68090,0,0,0
178968,0,0,0
260064,0,0,0
31443,0,0,0
90089,0,0,0
271940,0,0,0
132669,0,0,0
193912,0,0,0
359383,0,0,0
210796,0,0,0
132248,0,0,0
67420,0,0,0
396405,0,0,0
171074,0,0,0
175384,0,0,0
227924,0,0,0
294460,0,0,0
54062,0,0,0
216590,0,0,0
333603,0,0,0
71166,0,0,0
278926,0,0,0
315284,0,0,0
324181,0,0,0
220756,0,0,0
292778,0,0,0
156204,0,0,0
244888,0,0,0
261559,0,0,0
137889,0,0,0
399871,0,0,0
188718,0,0,0
322855,0,0,0
340146,0,0,0
78724,0,0,0
55795,0,0,0
118914,0,0,0
234911,0,0,0
40501,0,0,0
237051,0,0,0
87886,0,0,0
256243,0,0,0
22654,0,0,0
178724,0,0,0
329062,0,0,0
303699,0,0,0
195100,0,0,0
179736,0,0,0
77258,0,0,0
273045,0,0,0
374235,0,0,0
272356,0,0,0
344415,0,0,0
142661,0,0,0
350683,0,0,0
297756,0,0,0
359930,0,0,0
212746,0,0,0
131510,0,0,0
204628,0,0,0
342155,0,0,0
251434,0,0,0
82058,0,0,0
240250,0,0,0
20219,0,0,0
70139,0,0,0
299513,0,0,0
320440,0,0,0
315670,0,0,0
166279,0,0,0
137296,0,0,0
331246,0,0,0
106435,0,0,0
296161,0,0,0
235464,0,0,0
5411,0,0,0
15646,0,0,0
329532,0,0,0
174031,0,0,0
407882,0,0,0
325647,0,0,0
364601,0,0,0
274291,0,0,0
192186,0,0,0
233463,0,0,0
25716,0,0,0
393396,0,0,0
282789,0,0,0
43622,0,0,0
165227,0,0,0
386947,0,0,0
42393,0,0,0
239095,0,0,0
365931,0,0,0
56478,0,0,0
177010,0,0,0
224131,0,0,0
268614,0,0,0
372063,0,0,0
308403,0,0,0
166552,0,0,0
15562,0,0,0
106915,0,0,0
368184,0,0,0
193752,0,0,0
305654,0,0,0
111140,0,0,0
236748,0,0,0
98352,0,0,0
233214,0,0,0
301402,0,0,0
393096,0,0,0
109032,0,0,0
95890,0,0,0
321191,0,0,0
358079,0,0,0
263403,0,0,0
326419,0,0,0
143571,0,0,0
347799,0,0,0
53526,0,0,0
22980,0,0,0
374308,0,0,0
205935,0,0,0
349831,0,0,0
291246,0,0,0
252516,0,0,0
29646,0,0,0
205161,0,0,0
322864,0,0,0
205077,0,0,0
153233,0,0,0
241629,0,0,0
295323,0,0,0
372418,0,0,0
19916,0,0,0
92753,0,0,0
160115,0,0,0
126202,0,0,0
160793,0,0,0
323443,0,0,0
354462,0,0,0
5980,0,0,0
333523,0,0,0
388135,0,0,0
296056,0,0,0
169848,0,0,0
299801,0,0,0
63994,0,0,0
409248,0,0,0
362546,0,0,0
78108,0,0,0
216740,0,0,0
198446,0,0,0
301522,0,0,0
93407,0,0,0
71349,0,0,0
399422,0,0,0
29975,0,0,0
284523,0,0,0
86715,0,0,0
402969,0,0,0
269921,0,0,0
162770,0,0,0
282082,0,0,0
326192,0,0,0
140493,0,0,0
402414,0,0,0
120668,0,0,0
59557,0,0,0
373704,0,0,0
268891,0,0,0
138439,0,0,0
269073,0,0,0
354950,0,0,0
341630,0,0,0
369709,0,0,0
170102,0,0,0
401883,0,0,0
381303,0,0,0
99250,0,0,0
323332,0,0,0
331141,0,0,0
354368,0,0,0
402095,0,0,0
306420,0,0,0
35845,0,0,0
108869,0,0,0
57721,0,0,0
217668,0,0,0
342383,0,0,0
96069,0,0,0
164684,0,0,0
276674,0,0,0
148998,0,0,0
168255,0,0,0
45069,0,0,0
131883,0,0,0
209453,0,0,0
361371,0,0,0
297235,0,0,0
381651,0,0,0
234432,0,0,0
88381,0,0,0
281527,0,0,0
365712,0,0,0
100413,0,0,0
133422,0,0,0
355797,0,0,0
315660,0,0,0
297697,0,0,0
300174,0,0,0
117119,0,0,0
78487,0,0,0
134529,0,0,0
148967,0,0,0
372478,0,0,0
87280,0,0,0
236307,0,0,0
68476,0,0,0
200630,0,0,0
339677,0,0,0
323301,0,0,0
135460,0,0,0
56469,0,0,0
234340,0,0,0
377306,0,0,0
113209,0,0,0
340558,0,0,0
322427,0,0,0
378796,0,0,0
179829,0,0,0
90065,0,0,0
371617,0,0,0
127650,0,0,0
298304,0,0,0
103715,0,0,0
160323,0,0,0
407478,0,0,0
17010,0,0,0
183361,0,0,0
67824,0,0,0
401310,0,0,0
277620,0,0,0
136399,0,0,0
268567,0,0,0
146770,0,0,0
102178,0,0,0
225890,0,0,0
116264,0,0,0
154347,0,0,0
259062,0,0,0
39206,0,0,0
331036,0,0,0
12505,0,0,0
20565,0,0,0
241054,0,0,0
39264,0,0,0
171913,0,0,0
161526,0,0,0
131755,0,0,0
366542,0,0,0
95596,0,0,0
331414,0,0,0
192637,0,0,0
248858,0,0,0
276926,0,0,0
75537,0,0,0
88047,0,0,0
100598,0,0,0
68357,0,0,0
165090,0,0,0
164802,0,0,0
246579,0,0,0
388932,0,0,0
122254,0,0,0
65761,0,0,0
176617,0,0,0
114943,0,0,0
193224,0,0,0
174760,0,0,0
274421,0,0,0
350196,0,0,0
135184,0,0,0
222688,0,0,0
142698,0,0,0
104393,0,0,0
264644,0,0,0
398415,0,0,0
101270,0,0,0
192313,0,0,0
183029,0,0,0
142891,0,0,0
213348,0,0,0
70727,0,0,0
356997,0,0,0
366751,0,0,0
174235,0,0,0
317108,0,0,0
134396,0,0,0
172298,0,0,0
304294,0,0,0
317125,0,0,0
109564,0,0,0
401171,0,0,0
258924,0,0,0
240882,0,0,0
361806,0,0,0
172476,0,0,0
231991,0,0,0
49346,0,0,0
273574,0,0,0
202417,0,0,0
143121,0,0,0
255237,0,0,0
14995,0,0,0
304657,0,0,0
201401,0,0,0
382694,0,0,0
290314,0,0,0
124080,0,0,0
301174,0,0,0
77750,0,0,0
334107,0,0,0
380913,0,0,0
219877,0,0,0
226518,0,0,0
133466,0,0,0
328910,0,0,0
66647,0,0,0
86747,0,0,0
113546,0,0,0
238821,0,0,0
282510,0,0,0
57241,0,0,0
256061,0,0,0
172975,0,0,0
107690,0,0,0
125761,0,0,0
203727,0,0,0
65518,0,0,0
339014,0,0,0
108266,0,0,0
337730,0,0,0
189298,0,0,0
25410,0,0,0
215352,0,0,0
30806,0,0,0
325182,0,0,0
56356,0,0,0
191443,0,0,0
35466,0,0,0
189815,0,0,0
253661,0,0,0
276957,0,0,0
147803,0,0,0
13988,0,0,0
114537,0,0,0
254618,0,0,0
6921,0,0,0
100077,0,0,0
222743,0,0,0
4341,0,0,0
177409,0,0,0
202098,0,0,0
300614,0,0,0
17146,0,0,0
323557,0,0,0
320020,0,0,0
153211,0,0,0
77576,0,0,0
158553,0,0,0
410595,0,0,0
217074,0,0,0
289194,0,0,0
165792,0,0,0
75239,0,0,0
137783,0,0,0
304367,0,0,0
195791,0,0,0
239957,0,0,0
389801,0,0,0
76043,0,0,0
357982,0,0,0
8105,0,0,0
374814,0,0,0
330721,0,0,0
126181,0,0,0
66766,0,0,0
78803,0,0,0
392567,0,0,0
196615,0,0,0
86,0,0,0
53816,0,0,0
385994,0,0,0
170110,0,0,0
349774,0,0,0
121986,0,0,0
24421,0,0,0
257968,0,0,0
249801,0,0,0
410589,0,0,0
283928,0,0,0
267996,0,0,0
156148,0,0,0
368740,0,0,0
244929,0,0,0
329060,0,0,0
125555,0,0,0
148757,0,0,0
105701,0,0,0
149350,0,0,0
280529,0,0,0
335918,0,0,0
68268,0,0,0
39269,0,0,0
379144,0,0,0
370660,0,0,0
240945,0,0,0
362502,0,0,0
337984,0,0,0
257473,0,0,0
249969,0,0,0
272730,0,0,0
352975,0,0,0
234142,0,0,0
70227,0,0,0
98612,0,0,0
30493,0,0,0
219622,0,0,0
22221,0,0,0
96648,0,0,0
151596,0,0,0
287311,0,0,0
246477,0,0,0
255137,0,0,0
357172,0,0,0
73268,0,0,0
154593,0,0,0
304192,0,0,0
33837,0,0,0
142749,0,0,0
161456,0,0,0
331149,0,0,0
133938,0,0,0
405278,0,0,0
366957,0,0,0
158109,0,0,0
126483,0,0,0
157088,0,0,0
392617,0,0,0
143896,0,0,0
393417,0,0,0
25513,0,0,0
91135,0,0,0
383738,0,0,0
169240,0,0,0
72327,0,0,0
108755,0,0,0
354063,0,0,0
70825,0,0,0
385140,0,0,0
297640,0,0,0
284433,0,0,0
82373,0,0,0
200004,0,0,0
50619,0,0,0
103726,0,0,0
309548,0,0,0
55015,0,0,0
30722,0,0,0
213868,0,0,0
187416,0,0,0
85219,0,0,0
251920,0,0,0
326106,0,0,0
248721,0,0,0
351596,0,0,0
295368,0,0,0
78416,0,0,0
376630,0,0,0
41015,0,0,0
111110,0,0,0
334332,0,0,0
299696,0,0,0
338033,0,0,0
184395,0,0,0
331163,0,0,0
31780,0,0,0
22660,0,0,0
290128,0,0,0
265391,0,0,0
153054,0,0,0
68754,0,0,0
369188,0,0,0
373693,0,0,0
392788,0,0,0
96745,0,0,0
11563,0,0,0
152036,0,0,0
135671,0,0,0
157062,0,0,0
280513,0,0,0
153276,0,0,0
359819,0,0,0
36070,0,0,0
160551,0,0,0
380289,0,0,0
278607,0,0,0
166727,0,0,0
177492,0,0,0
299244,0,0,0
303289,0,0,0
342908,0,0,0
88658,0,0,0
405647,0,0,0
159831,0,0,0
93608,0,0,0
343910,0,0,0
249732,0,0,0
131410,0,0,0
98636,0,0,0
38126,0,0,0
42641,0,0,0
389809,0,0,0
88186,0,0,0
38156,0,0,0
357296,0,0,0
298469,0,0,0
202777,0,0,0
39419,0,0,0
38751,0,0,0
100899,0,0,0
28884,0,0,0
222933,0,0,0
296172,0,0,0
207686,0,0,0
165940,0,0,0
176467,0,0,0
100261,0,0,0
327905,0,0,0
100124,0,0,0
76851,0,0,0
60506,0,0,0
266619,0,0,0
142047,0,0,0
114418,0,0,0
19457,0,0,0
22026,0,0,0
221720,0,0,0
102300,0,0,0
344536,0,0,0
100775,0,0,0
160791,0,0,0
104607,0,0,0
213336,0,0,0
53712,0,0,0
254294,0,0,0
33679,0,0,0
7776,0,0,0
197887,0,0,0
196815,0,0,0
198725,0,0,0
215385,0,0,0
324606,0,0,0
145302,0,0,0
216902,0,0,0
188560,0,0,0
188132,0,0,0
117386,0,0,0
129472,0,0,0
174526,0,0,0
45650,0,0,0
218475,0,0,0
405238,0,0,0
345316,0,0,0
365315,0,0,0
76091,0,0,0
312542,0,0,0
171113,0,0,0
248506,0,0,0
284041,0,0,0
295560,0,0,0
168784,0,0,0
405708,0,0,0
400392,0,0,0
127114,0,0,0
278198,0,0,0
317158,0,0,0
147530,0,0,0
328530,0,0,0
6237,0,0,0
30127,0,0,0
151377,0,0,0
391561,0,0,0
30269,0,0,0
331193,0,0,0
307629,0,0,0
292405,0,0,0
360519,0,0,0
8934,0,0,0
121837,0,0,0
370890,0,0,0
8626,0,0,0
337097,0,0,0
157262,0,0,0
234742,0,0,0
383134,0,0,0
23295,0,0,0
147616,0,0,0
403546,0,0,0
54618,0,0,0
114553,0,0,0
34595,0,0,0
244058,0,0,0
231559,0,0,0
277369,0,0,0
168796,0,0,0
384351,0,0,0
23749,0,0,0
337362,0,0,0
163802,0,0,0
308191,0,0,0
136474,0,0,0
47351,0,0,0
389228,0,0,0
177163,0,0,0
158053,0,0,0
310608,0,0,0
334692,0,0,0
227883,0,0,0
291786,0,0,0
213055,0,0,0
15662,0,0,0
76309,0,0,0
338270,0,0,0
43690,0,0,0
311251,0,0,0
281274,0,0,0
118486,0,0,0
236023,0,0,0
251108,0,0,0
193726,0,0,0
409954,0,0,0
324010,0,0,0
335552,0,0,0
42796,0,0,0
289149,0,0,0
152061,0,0,0
46261,0,0,0
80869,0,0,0
277271,0,0,0
234892,0,0,0
97863,0,0,0
202875,0,0,0
35326,0,0,0
285902,0,0,0
373601,0,0,0
61183,0,0,0
311886,0,0,0
184020,0,0,0
233001,0,0,0
17391,0,0,0
362201,0,0,0
59688,0,0,0
398223,0,0,0
173077,0,0,0
202171,0,0,0
314804,0,0,0
308754,0,0,0
203994,0,0,0
312618,0,0,0
112429,0,0,0
226311,0,0,0
230556,0,0,0
347460,0,0,0
250427,0,0,0
47433,0,0,0
85993,0,0,0
371943,0,0,0
87033,0,0,0
299911,0,0,0
163613,0,0,0
89718,0,0,0
251595,0,0,0
39352,0,0,0
71231,0,0,0
399646,0,0,0
70980,0,0,0
300289,0,0,0
6942,0,0,0
180962,0,0,0
182503,0,0,0
82790,0,0,0
123688,0,0,0
27109,0,0,0
255756,0,0,0
268697,0,0,0
33488,0,0,0
114735,0,0,0
209398,0,0,0
240477,0,0,0
387842,0,0,0
167093,0,0,0
30591,0,0,0
98657,0,0,0
144840,0,0,0
298526,0,0,0
370711,0,0,0
296596,0,0,0
100448,0,0,0
115653,0,0,0
35152,0,0,0
274309,0,0,0
123845,0,0,0
171118,0,0,0
148379,0,0,0
156931,0,0,0
126592,0,0,0
338237,0,0,0
54849,0,0,0
37739,0,0,0
225263,0,0,0
220200,0,0,0
203826,0,0,0
67390,0,0,0
58146,0,0,0
302670,0,0,0
342026,0,0,0
234033,0,0,0
260934,0,0,0
232075,0,0,0
142655,0,0,0
248595,0,0,0
190483,0,0,0
307759,0,0,0
366151,0,0,0
297394,0,0,0
350839,0,0,0
358416,0,0,0
9698,0,0,0
400613,0,0,0
135751,0,0,0
3823,0,0,0
138976,0,0,0
165604,0,0,0
302105,0,0,0
69599,0,0,0
61282,0,0,0
23583,0,0,0
47321,0,0,0
146070,0,0,0
244576,0,0,0
335147,0,0,0
274206,0,0,0
288773,0,0,0
269857,0,0,0
218195,0,0,0
227849,0,0,0
171946,0,0,0
175754,0,0,0
392733,0,0,0
209385,0,0,0
35779,0,0,0
81038,0,0,0
297296,0,0,0
403412,0,0,0
308462,0,0,0
154463,0,0,0
184390,0,0,0
54952,0,0,0
150322,0,0,0
337290,0,0,0
256643,0,0,0
193644,0,0,0
263471,0,0,0
13979,0,0,0
408798,0,0,0
96766,0,0,0
346144,0,0,0
372302,0,0,0
326171,0,0,0
352885,0,0,0
363340,0,0,0
164094,0,0,0
190330,0,0,0
123213,0,0,0
241093,0,0,0
184498,0,0,0
201451,0,0,0
120248,0,0,0
290125,0,0,0
120961,0,0,0
199557,0,0,0
170420,0,0,0
277951,0,0,0
404936,0,0,0
151074,0,0,0
396539,0,0,0
338626,0,0,0
365963,0,0,0
106380,0,0,0
47876,0,0,0
305274,0,0,0
193523,0,0,0
336578,0,0,0
98580,0,0,0
275913,0,0,0
17705,0,0,0
121583,0,0,0
60238,0,0,0
295901,0,0,0
169446,0,0,0
215188,0,0,0
406423,0,0,0
392891,0,0,0
382685,0,0,0
119932,0,0,0
362165,0,0,0
155989,0,0,0
243730,0,0,0
97459,0,0,0
275669,0,0,0
372508,0,0,0
108687,0,0,0
221005,0,0,0
293233,0,0,0
396113,0,0,0
208995,0,0,0
91796,0,0,0
335991,0,0,0
168052,0,0,0
112778,0,0,0
63065,0,0,0
296488,0,0,0
291858,0,0,0
207494,0,0,0
357289,0,0,0
359690,0,0,0
268976,0,0,0
155487,0,0,0
381393,0,0,0
402076,0,0,0
193917,0,0,0
172079,0,0,0
142412,0,0,0
71238,0,0,0
398033,0,0,0
138353,0,0,0
23848,0,0,0
6488,0,0,0
131350,0,0,0
38504,0,0,0
293824,0,0,0
36661,0,0,0
92342,0,0,0
349835,0,0,0
409741,0,0,0
158699,0,0,0
351218,0,0,0
378175,0,0,0
333063,0,0,0
30658,0,0,0
212610,0,0,0
262157,0,0,0
78457,0,0,0
396707,0,0,0
329817,0,0,0
277581,0,0,0
362746,0,0,0
28022,0,0,0
173544,0,0,0
191133,0,0,0
244215,0,0,0
169991,0,0,0
24340,0,0,0
77497,0,0,0
247289,0,0,0
244287,0,0,0
15265,0,0,0
66755,0,0,0
129299,0,0,0
356805,0,0,0
356719,0,0,0
110105,0,0,0
124038,0,0,0
256436,0,0,0
170715,0,0,0
74183,0,0,0
395559,0,0,0
31550,0,0,0
330951,0,0,0
80358,0,0,0
179706,0,0,0
271167,0,0,0
355119,0,0,0
46571,0,0,0
231820,0,0,0
58322,0,0,0
111376,0,0,0
15953,0,0,0
84066,0,0,0
307617,0,0,0
64681,0,0,0
272348,0,0,0
19741,0,0,0
312375,0,0,0
44826,0,0,0
92929,0,0,0
239951,0,0,0
251803,0,0,0
148627,0,0,0
278490,0,0,0
269337,0,0,0
76244,0,0,0
29760,0,0,0
374253,0,0,0
130175,0,0,0
311802,0,0,0
128794,0,0,0
17007,0,0,0
85248,0,0,0
48620,0,0,0
190275,0,0,0
342459,0,0,0
261661,0,0,0
181266,0,0,0
350952,0,0,0
230445,0,0,0
21402,0,0,0
275005,0,0,0
251952,0,0,0
267645,0,0,0
259939,0,0,0
11340,0,0,0
338666,0,0,0
169650,0,0,0
162894,0,0,0
103870,0,0,0
72095,0,0,0
278044,0,0,0
406841,0,0,0
281418,0,0,0
67788,0,0,0
403053,0,0,0
340983,0,0,0
169623,0,0,0
355100,0,0,0
333631,0,0,0
399767,0,0,0
309076,0,0,0
166220,0,0,0
2166,0,0,0
263924,0,0,0
370939,0,0,0
332451,0,0,0
225347,0,0,0
180727,0,0,0
97161,0,0,0
163571,0,0,0
388456,0,0,0
250877,0,0,0
151277,0,0,0
124865,0,0,0
129399,0,0,0
268265,0,0,0
152628,0,0,0
43419,0,0,0
222225,0,0,0
181945,0,0,0
34855,0,0,0
38759,0,0,0
74737,0,0,0
75146,0,0,0
154264,0,0,0
105317,0,0,0
135348,0,0,0
45389,0,0,0
218632,0,0,0
365945,0,0,0
206596,0,0,0
267816,0,0,0
320708,0,0,0
145687,0,0,0
277281,0,0,0
309440,0,0,0
87946,0,0,0
97009,0,0,0
110470,0,0,0
402295,0,0,0
137805,0,0,0
399122,0,0,0
283179,0,0,0
156833,0,0,0
76061,0,0,0
110833,0,0,0
41509,0,0,0
130769,0,0,0
107555,0,0,0
231174,0,0,0
20680,0,0,0
223106,0,0,0
134518,0,0,0
141145,0,0,0
273518,0,0,0
91491,0,0,0
210982,0,0,0
101488,0,0,0
363859,0,0,0
314523,0,0,0
341456,0,0,0
83089,0,0,0
257774,0,0,0
205655,0,0,0
131604,0,0,0
285404,0,0,0
180367,0,0,0
390038,0,0,0
258356,0,0,0
9150,0,0,0
250835,0,0,0
85244,0,0,0
245507,0,0,0
52333,0,0,0
124860,0,0,0
410286,0,0,0
11095,0,0,0
354289,0,0,0
351116,0,0,0
14086,0,0,0
318588,0,0,0
367420,0,0,0
206441,0,0,0
249069,0,0,0
233219,0,0,0
40873,0,0,0
22255,0,0,0
16327,0,0,0
222568,0,0,0
56861,0,0,0
84398,0,0,0
28310,0,0,0
7912,0,0,0
75731,0,0,0
203095,0,0,0
226753,0,0,0
151555,0,0,0
410721,0,0,0
238481,0,0,0
182358,0,0,0
360428,0,0,0
271772,0,0,0
1238,0,0,0
28726,0,0,0
41838,0,0,0
4542,0,0,0
147625,0,0,0
72218,0,0,0
190009,0,0,0
216796,0,0,0
365170,0,0,0
287974,0,0,0
215666,0,0,0
149007,0,0,0
195544,0,0,0
321472,0,0,0
193502,0,0,0
110931,0,0,0
1660,0,0,0
382925,0,0,0
103746,0,0,0
349883,0,0,0
53409,0,0,0
46998,0,0,0
359539,0,0,0
78507,0,0,0
134021,0,0,0
29809,0,0,0
327623,0,0,0
401797,0,0,0
24257,0,0,0
264175,0,0,0
379861,0,0,0
219831,0,0,0
332961,0,0,0
79327,0,0,0
92851,0,0,0
126074,0,0,0
323595,0,0,0
72177,0,0,0
89152,0,0,0
353908,0,0,0
389177,0,0,0
64987,0,0,0
210673,0,0,0
253366,0,0,0
139482,0,0,0
84681,0,0,0
242131,0,0,0
117671,0,0,0
38176,0,0,0
198117,0,0,0
317435,0,0,0
157527,0,0,0
245823,0,0,0
186177,0,0,0
213521,0,0,0
39670,0,0,0
12270,0,0,0
77981,0,0,0
379184,0,0,0
7690,0,0,0
85454,0,0,0
49897,0,0,0
211115,0,0,0
208224,0,0,0
32601,0,0,0
45825,0,0,0
281415,0,0,0
60391,0,0,0
6645,0,0,0
331017,0,0,0
276723,0,0,0
319111,0,0,0
315628,0,0,0
179690,0,0,0
276861,0,0,0
393387,0,0,0
41096,0,0,0
338786,0,0,0
395295,0,0,0
301719,0,0,0
324398,0,0,0
157453,0,0,0
109307,0,0,0
114866,0,0,0
268122,0,0,0
89447,0,0,0
311905,0,0,0
114393,0,0,0
331097,0,0,0
356160,0,0,0
132410,0,0,0
95074,0,0,0
112885,0,0,0
312312,0,0,0
186924,0,0,0
245257,0,0,0
332394,0,0,0
344361,0,0,0
395093,0,0,0
167111,0,0,0
315000,0,0,0
96153,0,0,0
219036,0,0,0
338244,0,0,0
361170,0,0,0
26526,0,0,0
260759,0,0,0
294960,0,0,0
166656,0,0,0
201717,0,0,0
183505,0,0,0
184414,0,0,0
104153,0,0,0
233437,0,0,0
371137,0,0,0
159027,0,0,0
234932,0,0,0
117437,0,0,0
32875,0,0,0
30086,0,0,0
113120,0,0,0
408245,0,0,0
223409,0,0,0
247813,0,0,0
274905,0,0,0
55590,0,0,0
396923,0,0,0
188279,0,0,0
400300,0,0,0
264830,0,0,0
9012,0,0,0
146034,0,0,0
237888,0,0,0
383740,0,0,0
33693,0,0,0
175049,0,0,0
121836,0,0,0
186196,0,0,0
159406,0,0,0
93219,0,0,0
304917,0,0,0
238677,0,0,0
155048,0,0,0
71686,0,0,0
208991,0,0,0
172528,0,0,0
207941,0,0,0
261221,0,0,0
202744,0,0,0
245318,0,0,0
242040,0,0,0
193755,0,0,0
295136,0,0,0
321731,0,0,0
399770,0,0,0
219019,0,0,0
150133,0,0,0
249614,0,0,0
75604,0,0,0
167787,0,0,0
161037,0,0,0
398997,0,0,0
216049,0,0,0
198453,0,0,0
15341,0,0,0
213658,0,0,0
221368,0,0,0
53662,0,0,0
99744,0,0,0
253580,0,0,0
202660,0,0,0
273677,0,0,0
76290,0,0,0
349358,0,0,0
288241,0,0,0
155446,0,0,0
105636,0,0,0
72434,0,0,0
266032,0,0,0
368065,0,0,0
365944,0,0,0
293863,0,0,0
60021,0,0,0
291926,0,0,0
6166,0,0,0
28645,0,0,0
402678,0,0,0
299775,0,0,0
19734,0,0,0
241925,0,0,0
360686,0,0,0
45628,0,0,0
82129,0,0,0
384076,0,0,0
204497,0,0,0
270350,0,0,0
170865,0,0,0
201320,0,0,0
298307,0,0,0
145767,0,0,0
179671,0,0,0
11649,0,0,0
286472,0,0,0
74632,0,0,0
157091,0,0,0
60787,0,0,0
311837,0,0,0
226700,0,0,0
351019,0,0,0
337904,0,0,0
360911,0,0,0
377280,0,0,0
409589,0,0,0
6451,0,0,0
105756,0,0,0
256003,0,0,0
150835,0,0,0
290495,0,0,0
131308,0,0,0
43382,0,0,0
120632,0,0,0
145108,0,0,0
314135,0,0,0
53159,0,0,0
174550,0,0,0
22056,0,0,0
164107,0,0,0
280013,0,0,0
10627,0,0,0
25182,0,0,0
157900,0,0,0
382145,0,0,0
112186,0,0,0
112126,0,0,0
392010,0,0,0
205564,0,0,0
298734,0,0,0
55936,0,0,0
365376,0,0,0
264061,0,0,0
6446,0,0,0
149810,0,0,0
373920,0,0,0
59827,0,0,0
349662,0,0,0
76598,0,0,0
15385,0,0,0
122627,0,0,0
303556,0,0,0
272301,0,0,0
291374,0,0,0
156199,0,0,0
236981,0,0,0
130518,0,0,0
261644,0,0,0
88784,0,0,0
366173,0,0,0
255753,0,0,0
15221,0,0,0
337230,0,0,0
135961,0,0,0
61084,0,0,0
276418,0,0,0
157989,0,0,0
129590,0,0,0
266561,0,0,0
214110,0,0,0
399213,0,0,0
142854,0,0,0
163679,0,0,0
372663,0,0,0
173714,0,0,0
143998,0,0,0
355810,0,0,0
279828,0,0,0
287929,0,0,0
286082,0,0,0
163403,0,0,0
300248,0,0,0
160176,0,0,0
299874,0,0,0
325900,0,0,0
110542,0,0,0
109188,0,0,0
138450,0,0,0
395865,0,0,0
376249,0,0,0
154906,0,0,0
340521,0,0,0
320479,0,0,0
378618,0,0,0
111789,0,0,0
389085,0,0,0
358037,0,0,0
225630,0,0,0
255777,0,0,0
28043,0,0,0
105551,0,0,0
193333,0,0,0
366599,0,0,0
285996,0,0,0
331434,0,0,0
380200,0,0,0
17495,0,0,0
22916,0,0,0
188567,0,0,0
283803,0,0,0
375959,0,0,0
359712,0,0,0
263088,0,0,0
196986,0,0,0
115453,0,0,0
129214,0,0,0
225934,0,0,0
312659,0,0,0
385857,0,0,0
266361,0,0,0
334879,0,0,0
252916,0,0,0
59181,0,0,0
287851,0,0,0
225466,0,0,0
364045,0,0,0
366792,0,0,0
220378,0,0,0
406096,0,0,0
357917,0,0,0
298178,0,0,0
16,0,0,0
187787,0,0,0
52202,0,0,0
357583,0,0,0
56389,0,0,0
358541,0,0,0
264253,0,0,0
265470,0,0,0
174700,0,0,0
279502,0,0,0
25651,0,0,0
246484,0,0,0
873,0,0,0
44525,0,0,0
242081,0,0,0
156349,0,0,0
288324,0,0,0
300402,0,0,0
381818,0,0,0
353751,0,0,0
59333,0,0,0
120128,0,0,0
224000,0,0,0
208470,0,0,0
211333,0,0,0
72706,0,0,0
29094,0,0,0
79503,0,0,0
319516,0,0,0
315845,0,0,0
162243,0,0,0
168408,0,0,0
399842,0,0,0
330990,0,0,0
211061,0,0,0
10746,0,0,0
298692,0,0,0
256719,0,0,0
396640,0,0,0
352995,0,0,0
81497,0,0,0
37153,0,0,0
218796,0,0,0
248452,0,0,0
282432,0,0,0
169503,0,0,0
99631,0,0,0
284387,0,0,0
280219,0,0,0
4993,0,0,0
185270,0,0,0
282357,0,0,0
319636,0,0,0
219145,0,0,0
302538,0,0,0
206346,0,0,0
140816,0,0,0
152200,0,0,0
265752,0,0,0
27704,0,0,0
341527,0,0,0
213402,0,0,0
336854,0,0,0
351302,0,0,0
182941,0,0,0
68457,0,0,0
397716,0,0,0
393859,0,0,0
254105,0,0,0
151911,0,0,0
84894,0,0,0
126192,0,0,0
190480,0,0,0
394880,0,0,0
359779,0,0,0
88302,0,0,0
6180,0,0,0
361860,0,0,0
121661,0,0,0
84638,0,0,0
108799,0,0,0
253229,0,0,0
326008,0,0,0
125835,0,0,0
243808,0,0,0
333157,0,0,0
119947,0,0,0
325948,0,0,0
47927,0,0,0
73737,0,0,0
65088,0,0,0
283609,0,0,0
42604,0,0,0
44754,0,0,0
302195,0,0,0
362629,0,0,0
46190,0,0,0
217403,0,0,0
204644,0,0,0
348234,0,0,0
315805,0,0,0
100379,0,0,0
309383,0,0,0
179600,0,0,0
89489,0,0,0
229991,0,0,0
246205,0,0,0
58973,0,0,0
69708,0,0,0
236456,0,0,0
357646,0,0,0
306729,0,0,0
44244,0,0,0
99675,0,0,0
239925,0,0,0
364193,0,0,0
128473,0,0,0
105282,0,0,0
93101,0,0,0
113586,0,0,0
48911,0,0,0
125694,0,0,0
241631,0,0,0
238271,0,0,0
199554,0,0,0
381418,0,0,0
378219,0,0,0
317992,0,0,0
140446,0,0,0
266067,0,0,0
136153,0,0,0
260329,0,0,0
96144,0,0,0
224141,0,0,0
256265,0,0,0
184997,0,0,0
355211,0,0,0
370505,0,0,0
185997,0,0,0
301117,0,0,0
115219,0,0,0
127558,0,0,0
89580,0,0,0
257217,0,0,0
34878,0,0,0
44419,0,0,0
28035,0,0,0
319330,0,0,0
289620,0,0,0
288595,0,0,0
226925,0,0,0
143460,0,0,0
258791,0,0,0
326463,0,0,0
11094,0,0,0
306648,0,0,0
31676,0,0,0
48687,0,0,0
45624,0,0,0
278617,0,0,0
100166,0,0,0
394949,0,0,0
207169,0,0,0
202650,0,0,0
211050,0,0,0
77894,0,0,0
283183,0,0,0
95352,0,0,0
395426,0,0,0
33854,0,0,0
357750,0,0,0
365475,0,0,0
164628,0,0,0
297209,0,0,0
383158,0,0,0
223534,0,0,0
175065,0,0,0
125976,0,0,0
65588,0,0,0
115401,0,0,0
21564,0,0,0
410266,0,0,0
178499,0,0,0
12167,0,0,0
275495,0,0,0
297614,0,0,0
344652,0,0,0
98428,0,0,0
85315,0,0,0
221155,0,0,0
1709,0,0,0
368665,0,0,0
278863,0,0,0
281718,0,0,0
209058,0,0,0
91905,0,0,0
92469,0,0,0
258404,0,0,0
295651,0,0,0
42419,0,0,0
361514,0,0,0
254688,0,0,0
213459,0,0,0
9586,0,0,0
408252,0,0,0
25905,0,0,0
152845,0,0,0
261155,0,0,0
341211,0,0,0
118617,0,0,0
86413,0,0,0
45040,0,0,0
136394,0,0,0
21494,0,0,0
395958,0,0,0
19544,0,0,0
348218,0,0,0
209296,0,0,0
233267,0,0,0
229743,0,0,0
307144,0,0,0
65576,0,0,0
61230,0,0,0
335813,0,0,0
268592,0,0,0
180177,0,0,0
248621,0,0,0
196326,0,0,0
302372,0,0,0
365191,0,0,0
201963,0,0,0
72760,0,0,0
223488,0,0,0
41693,0,0,0
13852,0,0,0
266809,0,0,0
149388,0,0,0
222878,0,0,0
221292,0,0,0
86988,0,0,0
7493,0,0,0
140303,0,0,0
123127,0,0,0
300194,0,0,0
399449,0,0,0
296042,0,0,0
266031,0,0,0
106092,0,0,0
288077,0,0,0
380607,0,0,0
54626,0,0,0
191886,0,0,0
268758,0,0,0
248359,0,0,0
376592,0,0,0
355128,0,0,0
49668,0,0,0
108428,0,0,0
304882,0,0,0
97824,0,0,0
325992,0,0,0
84607,0,0,0
358928,0,0,0
220360,0,0,0
327009,0,0,0
127832,0,0,0
364226,0,0,0
361850,0,0,0
247735,0,0,0
282606,0,0,0
374556,0,0,0
15083,0,0,0
146406,0,0,0
365484,0,0,0
23622,0,0,0
382046,0,0,0
137111,0,0,0
240748,0,0,0
233530,0,0,0
46857,0,0,0
125544,0,0,0
126321,0,0,0
363614,0,0,0
360768,0,0,0
404384,0,0,0
28864,0,0,0
253051,0,0,0
406239,0,0,0
371864,0,0,0
138151,0,0,0
342105,0,0,0
402185,0,0,0
144698,0,0,0
312605,0,0,0
15585,0,0,0
290736,0,0,0
63721,0,0,0
28236,0,0,0
16252,0,0,0
99198,0,0,0
402132,0,0,0
242412,0,0,0
191333,0,0,0
57885,0,0,0
107729,0,0,0
366981,0,0,0
102436,0,0,0
41171,0,0,0
166485,0,0,0
170015,0,0,0
328985,0,0,0
311288,0,0,0
291018,0,0,0
242664,0,0,0
314297,0,0,0
69675,0,0,0
116614,0,0,0
302003,0,0,0
123429,0,0,0
281094,0,0,0
135398,0,0,0
347002,0,0,0
349282,0,0,0
379831,0,0,0
3469,0,0,0
292865,0,0,0
359439,0,0,0
157589,0,0,0
84173,0,0,0
281277,0,0,0
268154,0,0,0
284425,0,0,0
92552,0,0,0
346344,0,0,0
103242,0,0,0
336108,0,0,0
336911,0,0,0
389281,0,0,0
279057,0,0,0
371817,0,0,0
273222,0,0,0
307537,0,0,0
319172,0,0,0
324308,0,0,0
83063,0,0,0
254111,0,0,0
142428,0,0,0
410658,0,0,0
282064,0,0,0
139976,0,0,0
345478,0,0,0
158215,0,0,0
226417,0,0,0
197917,0,0,0
317966,0,0,0
66439,0,0,0
141147,0,0,0
333395,0,0,0
66472,0,0,0
400986,0,0,0
141556,0,0,0
404990,0,0,0
260296,0,0,0
346934,0,0,0
743,0,0,0
274621,0,0,0
35632,0,0,0
131067,0,0,0
392483,0,0,0
62157,0,0,0
324980,0,0,0
175904,0,0,0
231242,0,0,0
10815,0,0,0
220526,0,0,0
390387,0,0,0
252115,0,0,0
151206,0,0,0
273273,0,0,0
19129,0,0,0
212591,0,0,0
363033,0,0,0
103687,0,0,0
342063,0,0,0
239477,0,0,0
369959,0,0,0
382423,0,0,0
402844,0,0,0
316812,0,0,0
386135,0,0,0
361763,0,0,0
141996,0,0,0
185511,0,0,0
397370,0,0,0
400668,0,0,0
278870,0,0,0
372752,0,0,0
134146,0,0,0
316605,0,0,0
200962,0,0,0
287621,0,0,0
51097,0,0,0
176816,0,0,0
44001,0,0,0
251282,0,0,0
271601,0,0,0
65793,0,0,0
406838,0,0,0
116694,0,0,0
116111,0,0,0
356322,0,0,0
148978,0,0,0
299572,0,0,0
323944,0,0,0
230973,0,0,0
237994,0,0,0
9100,0,0,0
173281,0,0,0
192467,0,0,0
276821,0,0,0
186102,0,0,0
137517,0,0,0
316939,0,0,0
330222,0,0,0
400031,0,0,0
156225,0,0,0
322757,0,0,0
113778,0,0,0
343446,0,0,0
107354,0,0,0
65586,0,0,0
227087,0,0,0
177746,0,0,0
185241,0,0,0
327882,0,0,0
268842,0,0,0
381042,0,0,0
202172,0,0,0
353938,0,0,0
115538,0,0,0
241306,0,0,0
90081,0,0,0
221363,0,0,0
273109,0,0,0
115279,0,0,0
14084,0,0,0
89890,0,0,0
285118,0,0,0
236951,0,0,0
202998,0,0,0
343390,0,0,0
110398,0,0,0
371747,0,0,0
160367,0,0,0
222358,0,0,0
279126,0,0,0
113866,0,0,0
329323,0,0,0
113551,0,0,0
196084,0,0,0
403463,0,0,0
70701,0,0,0
284354,0,0,0
284659,0,0,0
324576,0,0,0
303827,0,0,0
304077,0,0,0
133737,0,0,0
39754,0,0,0
81403,0,0,0
53815,0,0,0
53872,0,0,0
58268,0,0,0
152116,0,0,0
309066,0,0,0
183934,0,0,0
185982,0,0,0
295019,0,0,0
252499,0,0,0
360492,0,0,0
172804,0,0,0
125899,0,0,0
201903,0,0,0
276023,0,0,0
239299,0,0,0
193761,0,0,0
296314,0,0,0
372374,0,0,0
79361,0,0,0
390244,0,0,0
190466,0,0,0
23608,0,0,0
179122,0,0,0
258390,0,0,0
277136,0,0,0
322263,0,0,0
298324,0,0,0
376559,0,0,0
68861,0,0,0
260602,0,0,0
238063,0,0,0
397882,0,0,0
175649,0,0,0
317812,0,0,0
391224,0,0,0
92965,0,0,0
83995,0,0,0
35648,0,0,0
260063,0,0,0
251422,0,0,0
90687,0,0,0
281443,0,0,0
151729,0,0,0
357879,0,0,0
262803,0,0,0
332702,0,0,0
186084,0,0,0
25323,0,0,0
215253,0,0,0
349743,0,0,0
301015,0,0,0
149937,0,0,0
219661,0,0,0
391206,0,0,0
177215,0,0,0
328214,0,0,0
151922,0,0,0
62042,0,0,0
369855,0,0,0
244417,0,0,0
295741,0,0,0
217803,0,0,0
20943,0,0,0
190749,0,0,0
170059,0,0,0
236499,0,0,0
362905,0,0,0
160335,0,0,0
218760,0,0,0
301193,0,0,0
19841,0,0,0
47171,0,0,0
199404,0,0,0
32605,0,0,0
397657,0,0,0
264258,0,0,0
41612,0,0,0
355416,0,0,0
108185,0,0,0
373111,0,0,0
87063,0,0,0
311483,0,0,0
78325,0,0,0
238778,0,0,0
267122,0,0,0
261952,0,0,0
368469,0,0,0
531,0,0,0
197590,0,0,0
307007,0,0,0
110654,0,0,0
94340,0,0,0
384160,0,0,0
350421,0,0,0
214013,0,0,0
201220,0,0,0
5527,0,0,0
22760,0,0,0
349901,0,0,0
272298,0,0,0
334490,0,0,0
297909,0,0,0
374579,0,0,0
186088,0,0,0
28632,0,0,0
67071,0,0,0
407959,0,0,0
242602,0,0,0
88492,0,0,0
237726,0,0,0
171367,0,0,0
98397,0,0,0
132658,0,0,0
386204,0,0,0
234686,0,0,0
207201,0,0,0
251771,0,0,0
55578,0,0,0
244926,0,0,0
341682,0,0,0
286738,0,0,0
69509,0,0,0
224667,0,0,0
239777,0,0,0
168949,0,0,0
76184,0,0,0
101758,0,0,0
72644,0,0,0
179031,0,0,0
22196,0,0,0
126514,0,0,0
72067,0,0,0
64183,0,0,0
132827,0,0,0
390656,0,0,0
191213,0,0,0
114512,0,0,0
107786,0,0,0
11515,0,0,0
359467,0,0,0
186929,0,0,0
83888,0,0,0
248639,0,0,0
383674,0,0,0
184471,0,0,0
381406,0,0,0
173717,0,0,0
380066,0,0,0
235333,0,0,0
44121,0,0,0
272903,0,0,0
240664,0,0,0
185652,0,0,0
255675,0,0,0
19263,0,0,0
5674,0,0,0
398356,0,0,0
196949,0,0,0
116582,0,0,0
78628,0,0,0
183188,0,0,0
355079,0,0,0
60272,0,0,0
14693,0,0,0
77234,0,0,0
131024,0,0,0
82244,0,0,0
195672,0,0,0
343705,0,0,0
117398,0,0,0
200218,0,0,0
299267,0,0,0
380639,0,0,0
319332,0,0,0
404602,0,0,0
251506,0,0,0
246700,0,0,0
376778,0,0,0
318582,0,0,0
216487,0,0,0
64109,0,0,0
146743,0,0,0
2508,0,0,0
597,0,0,0
126746,0,0,0
94056,0,0,0
254705,0,0,0
395920,0,0,0
210143,0,0,0
347055,0,0,0
57500,0,0,0
68770,0,0,0
181641,0,0,0
63740,0,0,0
373262,0,0,0
165658,0,0,0
187698,0,0,0
172627,0,0,0
76610,0,0,0
194235,0,0,0
28150,0,0,0
302566,0,0,0
341393,0,0,0
240517,0,0,0
249667,0,0,0
39595,0,0,0
106538,0,0,0
145095,0,0,0
370056,0,0,0
199329,0,0,0
258446,0,0,0
127020,0,0,0
179458,0,0,0
337522,0,0,0
394399,0,0,0
197731,0,0,0
258911,0,0,0
352316,0,0,0
166058,0,0,0
392083,0,0,0
336453,0,0,0
247732,0,0,0
159349,0,0,0
158322,0,0,0
162937,0,0,0
129297,0,0,0
330073,0,0,0
338631,0,0,0
398313,0,0,0
299912,0,0,0
51275,0,0,0
66352,0,0,0
310720,0,0,0
73840,0,0,0
229684,0,0,0
51848,0,0,0
201593,0,0,0
383690,0,0,0
252554,0,0,0
343875,0,0,0
76558,0,0,0
281416,0,0,0
353505,0,0,0
95401,0,0,0
319902,0,0,0
312143,0,0,0
361810,0,0,0
403724,0,0,0
78045,0,0,0
259800,0,0,0
205925,0,0,0
120927,0,0,0
42583,0,0,0
362530,0,0,0
258703,0,0,0
317474,0,0,0
134992,0,0,0
265601,0,0,0
276599,0,0,0
370485,0,0,0
108968,0,0,0
179462,0,0,0
56814,0,0,0
192550,0,0,0
348639,0,0,0
242222,0,0,0
154575,0,0,0
210558,0,0,0
227248,0,0,0
267906,0,0,0
364471,0,0,0
168651,0,0,0
277700,0,0,0
129505,0,0,0
90217,0,0,0
326721,0,0,0
206555,0,0,0
128752,0,0,0
18115,0,0,0
274045,0,0,0
143829,0,0,0
176975,0,0,0
143442,0,0,0
15732,0,0,0
155941,0,0,0
97219,0,0,0
397186,0,0,0
104648,0,0,0
58887,0,0,0
370536,0,0,0
314800,0,0,0
268877,0,0,0
131333,0,0,0
264054,0,0,0
56244,0,0,0
180305,0,0,0
397276,0,0,0
119127,0,0,0
151635,0,0,0
103562,0,0,0
35344,0,0,0
226580,0,0,0
80797,0,0,0
258417,0,0,0
13759,0,0,0
90685,0,0,0
332792,0,0,0
87899,0,0,0
48763,0,0,0
243617,0,0,0
253862,0,0,0
164278,0,0,0
96767,0,0,0
271051,0,0,0
245087,0,0,0
96078,0,0,0
190607,0,0,0
274705,0,0,0
44497,0,0,0
89170,0,0,0
312891,0,0,0
7677,0,0,0
6307,0,0,0
178840,0,0,0
277848,0,0,0
403588,0,0,0
272751,0,0,0
379883,0,0,0
25039,0,0,0
94170,0,0,0
298736,0,0,0
110629,0,0,0
254228,0,0,0
140445,0,0,0
259497,0,0,0
262663,0,0,0
63896,0,0,0
326516,0,0,0
121435,0,0,0
374371,0,0,0
345661,0,0,0
325071,0,0,0
334719,0,0,0
74846,0,0,0
384623,0,0,0
115424,0,0,0
368341,0,0,0
116579,0,0,0
20412,0,0,0
343593,0,0,0
259650,0,0,0
139205,0,0,0
162129,0,0,0
264959,0,0,0
17260,0,0,0
90977,0,0,0
89904,0,0,0
152556,0,0,0
205824,0,0,0
169441,0,0,0
114371,0,0,0
131178,0,0,0
352352,0,0,0
389469,0,0,0
200773,0,0,0
385888,0,0,0
41491,0,0,0
303831,0,0,0
91159,0,0,0
315941,0,0,0
365448,0,0,0
355196,0,0,0
93813,0,0,0
248602,0,0,0
65216,0,0,0
85223,0,0,0
299269,0,0,0
18628,0,0,0
69805,0,0,0
307331,0,0,0
284403,0,0,0
145090,0,0,0
271386,0,0,0
102766,0,0,0
119714,0,0,0
113690,0,0,0
289284,0,0,0
130708,0,0,0
292373,0,0,0
362286,0,0,0
174553,0,0,0
11381,0,0,0
27818,0,0,0
352729,0,0,0
343516,0,0,0
280706,0,0,0
151668,0,0,0
39684,0,0,0
18317,0,0,0
335694,0,0,0
289811,0,0,0
47266,0,0,0
89807,0,0,0
353104,0,0,0
13094,0,0,0
373427,0,0,0
207490,0,0,0
408125,0,0,0
305427,0,0,0
60346,0,0,0
154349,0,0,0
356083,0,0,0
389926,0,0,0
227024,0,0,0
72889,0,0,0
258804,0,0,0
47884,0,0,0
27480,0,0,0
98836,0,0,0
178062,0,0,0
221220,0,0,0
213118,0,0,0
170695,0,0,0
239490,0,0,0
98060,0,0,0
108974,0,0,0
70801,0,0,0
264488,0,0,0
152975,0,0,0
202463,0,0,0
239914,0,0,0
216719,0,0,0
319642,0,0,0
324898,0,0,0
277104,0,0,0
147528,0,0,0
282455,0,0,0
31259,0,0,0
242080,0,0,0
127850,0,0,0
268095,0,0,0
376748,0,0,0
320614,0,0,0
239829,0,0,0
24760,0,0,0
166541,0,0,0
141905,0,0,0
302376,0,0,0
293038,0,0,0
258846,0,0,0
330576,0,0,0
146798,0,0,0
403462,0,0,0
181268,0,0,0
251306,0,0,0
343586,0,0,0
130710,0,0,0
304461,0,0,0
53850,0,0,0
118348,0,0,0
310027,0,0,0
408886,0,0,0
147909,0,0,0
13047,0,0,0
96377,0,0,0
150652,0,0,0
357550,0,0,0
67766,0,0,0
22049,0,0,0
249572,0,0,0
328433,0,0,0
398724,0,0,0
9652,0,0,0
281408,0,0,0
77445,0,0,0
331129,0,0,0
188593,0,0,0
133488,0,0,0
408232,0,0,0
74713,0,0,0
390331,0,0,0
155259,0,0,0
328402,0,0,0
308896,0,0,0
393288,0,0,0
155341,0,0,0
68637,0,0,0
265503,0,0,0
315616,0,0,0
180323,0,0,0
289143,0,0,0
120324,0,0,0
267280,0,0,0
45102,0,0,0
301053,0,0,0
383852,0,0,0
192504,0,0,0
241334,0,0,0
343003,0,0,0
171308,0,0,0
134172,0,0,0
11481,0,0,0
101921,0,0,0
364239,0,0,0
141740,0,0,0
161870,0,0,0
289949,0,0,0
245840,0,0,0
386575,0,0,0
256310,0,0,0
401335,0,0,0
31746,0,0,0
185636,0,0,0
351641,0,0,0
200041,0,0,0
93744,0,0,0
79910,0,0,0
30424,0,0,0
52890,0,0,0
172456,0,0,0
398232,0,0,0
45938,0,0,0
88391,0,0,0
112280,0,0,0
405028,0,0,0
392608,0,0,0
338536,0,0,0
195034,0,0,0
259297,0,0,0
358290,0,0,0
326356,0,0,0
382065,0,0,0
264440,0,0,0
159498,0,0,0
12952,0,0,0
321760,0,0,0
349764,0,0,0
292977,0,0,0
37472,0,0,0
287827,0,0,0
158162,0,0,0
337876,0,0,0
118872,0,0,0
145332,0,0,0
298769,0,0,0
71232,0,0,0
98960,0,0,0
400032,0,0,0
336570,0,0,0
169934,0,0,0
215777,0,0,0
186759,0,0,0
270310,0,0,0
188047,0,0,0
83937,0,0,0
340463,0,0,0
212266,0,0,0
214394,0,0,0
268497,0,0,0
60819,0,0,0
41436,0,0,0
285671,0,0,0
374041,0,0,0
148485,0,0,0
288959,0,0,0
1917,0,0,0
307309,0,0,0
396721,0,0,0
352701,0,0,0
206706,0,0,0
284415,0,0,0
45665,0,0,0
78502,0,0,0
26426,0,0,0
297158,0,0,0
391665,0,0,0
90323,0,0,0
219046,0,0,0
228990,0,0,0
153250,0,0,0
178753,0,0,0
240222,0,0,0
2832,0,0,0
297251,0,0,0
112255,0,0,0
198738,0,0,0
291680,0,0,0
123571,0,0,0
270211,0,0,0
242095,0,0,0
81510,0,0,0
19869,0,0,0
248417,0,0,0
255586,0,0,0
376311,0,0,0
119590,0,0,0
103156,0,0,0
399792,0,0,0
215071,0,0,0
54360,0,0,0
4069,0,0,0
136954,0,0,0
69705,0,0,0
216503,0,0,0
271729,0,0,0
61357,0,0,0
253409,0,0,0
15348,0,0,0
336402,0,0,0
298681,0,0,0
220161,0,0,0
233578,0,0,0
359194,0,0,0
347249,0,0,0
81548,0,0,0
192577,0,0,0
85476,0,0,0
110437,0,0,0
318563,0,0,0
60298,0,0,0
193408,0,0,0
359789,0,0,0
181772,0,0,0
208682,0,0,0
238096,0,0,0
94052,0,0,0
181005,0,0,0
286006,0,0,0
47684,0,0,0
274822,0,0,0
403545,0,0,0
240671,0,0,0
81236,0,0,0
336523,0,0,0
28324,0,0,0
253021,0,0,0
156584,0,0,0
248232,0,0,0
291903,0,0,0
336077,0,0,0
299229,0,0,0
403012,0,0,0
256731,0,0,0
230899,0,0,0
84523,0,0,0
141650,0,0,0
406816,0,0,0
243965,0,0,0
277740,0,0,0
288600,0,0,0
173269,0,0,0
89197,0,0,0
234656,0,0,0
107919,0,0,0
146193,0,0,0
184169,0,0,0
211723,0,0,0
263869,0,0,0
370574,0,0,0
374047,0,0,0
274020,0,0,0
285178,0,0,0
25780,0,0,0
368121,0,0,0
289450,0,0,0
261354,0,0,0
111244,0,0,0
407208,0,0,0
206532,0,0,0
131668,0,0,0
180720,0,0,0
105440,0,0,0
381882,0,0,0
14233,0,0,0
97994,0,0,0
96098,0,0,0
338146,0,0,0
45515,0,0,0
378588,0,0,0
95787,0,0,0
104187,0,0,0
262801,0,0,0
241609,0,0,0
45756,0,0,0
370228,0,0,0
71211,0,0,0
85894,0,0,0
298368,0,0,0
253656,0,0,0
213413,0,0,0
255203,0,0,0
261557,0,0,0
148629,0,0,0
231768,0,0,0
28758,0,0,0
357797,0,0,0
343675,0,0,0
399738,0,0,0
215177,0,0,0
253441,0,0,0
166719,0,0,0
213004,0,0,0
343061,0,0,0
40368,0,0,0
373650,0,0,0
317485,0,0,0
89798,0,0,0
202776,0,0,0
187358,0,0,0
8756,0,0,0
284768,0,0,0
150659,0,0,0
380974,0,0,0
367193,0,0,0
148206,0,0,0
149696,0,0,0
219223,0,0,0
320257,0,0,0
221162,0,0,0
262843,0,0,0
178893,0,0,0
158144,0,0,0
140915,0,0,0
114602,0,0,0
95453,0,0,0
224128,0,0,0
360003,0,0,0
195377,0,0,0
211139,0,0,0
277397,0,0,0
287025,0,0,0
357968,0,0,0
253574,0,0,0
330745,0,0,0
184518,0,0,0
357257,0,0,0
1088,0,0,0
99310,0,0,0
253503,0,0,0
320459,0,0,0
326639,0,0,0
228068,0,0,0
38844,0,0,0
49272,0,0,0
253228,0,0,0
332173,0,0,0
400918,0,0,0
213002,0,0,0
181025,0,0,0
155772,0,0,0
256463,0,0,0
315199,0,0,0
150029,0,0,0
18347,0,0,0
27718,0,0,0
312841,0,0,0
125963,0,0,0
248531,0,0,0
96692,0,0,0
32200,0,0,0
176397,0,0,0
53235,0,0,0
65310,0,0,0
337403,0,0,0
6012,0,0,0
209247,0,0,0
353297,0,0,0
316376,0,0,0
192392,0,0,0
277331,0,0,0
296490,0,0,0
9954,0,0,0
166434,0,0,0
334630,0,0,0
66026,0,0,0
239555,0,0,0
211992,0,0,0
270786,0,0,0
66115,0,0,0
86705,0,0,0
223706,0,0,0
385875,0,0,0
300078,0,0,0
171324,0,0,0
408589,0,0,0
103418,0,0,0
198210,0,0,0
9244,0,0,0
96478,0,0,0
279672,0,0,0
87311,0,0,0
145500,0,0,0
101798,0,0,0
168970,0,0,0
159792,0,0,0
260395,0,0,0
108298,0,0,0
179463,0,0,0
227326,0,0,0
34232,0,0,0
164452,0,0,0
409147,0,0,0
201886,0,0,0
144295,0,0,0
248709,0,0,0
151374,0,0,0
242277,0,0,0
6849,0,0,0
236624,0,0,0
81402,0,0,0
380061,0,0,0
171941,0,0,0
327240,0,0,0
227905,0,0,0
163672,0,0,0
235108,0,0,0
144599,0,0,0
242949,0,0,0
105641,0,0,0
243495,0,0,0
182854,0,0,0
326172,0,0,0
36130,0,0,0
136997,0,0,0
6536,0,0,0
68772,0,0,0
94109,0,0,0
381098,0,0,0
217146,0,0,0
278176,0,0,0
266632,0,0,0
251220,0,0,0
299944,0,0,0
401860,0,0,0
59908,0,0,0
145892,0,0,0
279032,0,0,0
53347,0,0,0
194421,0,0,0
377850,0,0,0
373865,0,0,0
98239,0,0,0
297148,0,0,0
306785,0,0,0
18523,0,0,0
63688,0,0,0
357384,0,0,0
61818,0,0,0
281938,0,0,0
348378,0,0,0
335428,0,0,0
212684,0,0,0
405302,0,0,0
54625,0,0,0
192228,0,0,0
306822,0,0,0
281483,0,0,0
292159,0,0,0
192385,0,0,0
117876,0,0,0
69907,0,0,0
263162,0,0,0
41798,0,0,0
249243,0,0,0
192033,0,0,0
141441,0,0,0
121035,0,0,0
257392,0,0,0
46347,0,0,0
87806,0,0,0
223956,0,0,0
184669,0,0,0
363784,0,0,0
349859,0,0,0
335082,0,0,0
230871,0,0,0
108136,0,0,0
64624,0,0,0
241554,0,0,0
181226,0,0,0
193733,0,0,0
199373,0,0,0
231235,0,0,0
235523,0,0,0
118530,0,0,0
87163,0,0,0
201895,0,0,0
267402,0,0,0
31956,0,0,0
178987,0,0,0
63888,0,0,0
166411,0,0,0
159517,0,0,0
153927,0,0,0
398219,0,0,0
128207,0,0,0
376296,0,0,0
88287,0,0,0
210114,0,0,0
409173,0,0,0
365383,0,0,0
271092,0,0,0
50718,0,0,0
83875,0,0,0
266913,0,0,0
277233,0,0,0
195780,0,0,0
224692,0,0,0
19059,0,0,0
124741,0,0,0
62440,0,0,0
50526,0,0,0
149235,0,0,0
206814,0,0,0
168360,0,0,0
293042,0,0,0
326868,0,0,0
93890,0,0,0
331308,0,0,0
291368,0,0,0
373252,0,0,0
223242,0,0,0
175359,0,0,0
236049,0,0,0
183179,0,0,0
112304,0,0,0
252440,0,0,0
101914,0,0,0
319533,0,0,0
62373,0,0,0
55694,0,0,0
138591,0,0,0
380760,0,0,0
248135,0,0,0
370781,0,0,0
229763,0,0,0
303188,0,0,0
129702,0,0,0
384756,0,0,0
281516,0,0,0
13958,0,0,0
363875,0,0,0
236180,0,0,0
214627,0,0,0
184387,0,0,0
203873,0,0,0
112047,0,0,0
354450,0,0,0
187116,0,0,0
76281,0,0,0
62974,0,0,0
242146,0,0,0
211686,0,0,0
207133,0,0,0
366022,0,0,0
343872,0,0,0
307531,0,0,0
20697,0,0,0
66776,0,0,0
83127,0,0,0
122126,0,0,0
26201,0,0,0
395224,0,0,0
6006,0,0,0
227418,0,0,0
141926,0,0,0
70282,0,0,0
300155,0,0,0
90110,0,0,0
274501,0,0,0
241557,0,0,0
81738,0,0,0
46435,0,0,0
123673,0,0,0
130415,0,0,0
329333,0,0,0
385184,0,0,0
10049,0,0,0
232176,0,0,0
35368,0,0,0
21632,0,0,0
99112,0,0,0
184392,0,0,0
47853,0,0,0
228074,0,0,0
315286,0,0,0
16498,0,0,0
45334,0,0,0
281462,0,0,0
150227,0,0,0
330206,0,0,0
24519,0,0,0
156073,0,0,0
346221,0,0,0
401667,0,0,0
63325,0,0,0
202297,0,0,0
357056,0,0,0
342850,0,0,0
219879,0,0,0
115735,0,0,0
121203,0,0,0
315687,0,0,0
302317,0,0,0
256913,0,0,0
394882,0,0,0
91630,0,0,0
244374,0,0,0
62029,0,0,0
64190,0,0,0
130704,0,0,0
390617,0,0,0
200298,0,0,0
207599,0,0,0
291880,0,0,0
78337,0,0,0
188417,0,0,0
233211,0,0,0
126410,0,0,0
5138,0,0,0
255931,0,0,0
197523,0,0,0
327725,0,0,0
325132,0,0,0
232205,0,0,0
156184,0,0,0
240140,0,0,0
255719,0,0,0
393930,0,0,0
399789,0,0,0
137065,0,0,0
65913,0,0,0
220835,0,0,0
322324,0,0,0
362252,0,0,0
402333,0,0,0
229828,0,0,0
387636,0,0,0
339266,0,0,0
136327,0,0,0
160391,0,0,0
233555,0,0,0
304642,0,0,0
293114,0,0,0
185265,0,0,0
188199,0,0,0
27168,0,0,0
212629,0,0,0
16701,0,0,0
274172,0,0,0
14276,0,0,0
131469,0,0,0
112138,0,0,0
100214,0,0,0
243686,0,0,0
143825,0,0,0
272937,0,0,0
170245,0,0,0
182526,0,0,0
286435,0,0,0
110255,0,0,0
51353,0,0,0
71581,0,0,0
279518,0,0,0
140967,0,0,0
347419,0,0,0
114672,0,0,0
282999,0,0,0
192293,0,0,0
267831,0,0,0
92959,0,0,0
372923,0,0,0
66413,0,0,0
402989,0,0,0
181371,0,0,0
372723,0,0,0
249753,0,0,0
222590,0,0,0
123735,0,0,0
137976,0,0,0
163213,0,0,0
273292,0,0,0
128377,0,0,0
381268,0,0,0
53744,0,0,0
406806,0,0,0
253329,0,0,0
246585,0,0,0
22672,0,0,0
380266,0,0,0
174983,0,0,0
51218,0,0,0
33461,0,0,0
114552,0,0,0
63832,0,0,0
17611,0,0,0
335610,0,0,0
243425,0,0,0
22926,0,0,0
322885,0,0,0
185778,0,0,0
313243,0,0,0
400115,0,0,0
190230,0,0,0
27204,0,0,0
177705,0,0,0
157866,0,0,0
278749,0,0,0
199942,0,0,0
284488,0,0,0
209570,0,0,0
237003,0,0,0
28931,0,0,0
390469,0,0,0
302591,0,0,0
243645,0,0,0
133723,0,0,0
20356,0,0,0
21838,0,0,0
76408,0,0,0
97214,0,0,0
339780,0,0,0
375487,0,0,0
373188,0,0,0
322998,0,0,0
240234,0,0,0
38858,0,0,0
255580,0,0,0
187612,0,0,0
334715,0,0,0
85941,0,0,0
338394,0,0,0
68490,0,0,0
261193,0,0,0
787,0,0,0
220722,0,0,0
403422,0,0,0
397281,0,0,0
58568,0,0,0
298286,0,0,0
292395,0,0,0
28530,0,0,0
397069,0,0,0
173934,0,0,0
397711,0,0,0
388715,0,0,0
254961,0,0,0
65860,0,0,0
36398,0,0,0
392592,0,0,0
388243,0,0,0
202300,0,0,0
259950,0,0,0
162006,0,0,0
300589,0,0,0
400246,0,0,0
72283,0,0,0
106789,0,0,0
143495,0,0,0
293547,0,0,0
100198,0,0,0
73279,0,0,0
4729,0,0,0
382002,0,0,0
153622,0,0,0
131428,0,0,0
31527,0,0,0
174199,0,0,0
181988,0,0,0
41101,0,0,0
179581,0,0,0
234176,0,0,0
5402,0,0,0
54030,0,0,0
297930,0,0,0
37915,0,0,0
285817,0,0,0
50846,0,0,0
79020,0,0,0
200354,0,0,0
373457,0,0,0
97809,0,0,0
279134,0,0,0
87105,0,0,0
4436,0,0,0
106445,0,0,0
225915,0,0,0
16807,0,0,0
138798,0,0,0
208325,0,0,0
72012,0,0,0
348741,0,0,0
106734,0,0,0
406553,0,0,0
272457,0,0,0
261267,0,0,0
109799,0,0,0
150939,0,0,0
203848,0,0,0
213988,0,0,0
152193,0,0,0
368389,0,0,0
284443,0,0,0
20891,0,0,0
250699,0,0,0
307808,0,0,0
98714,0,0,0
307080,0,0,0
396207,0,0,0
8807,0,0,0
85991,0,0,0
77040,0,0,0
380925,0,0,0
154183,0,0,0
405279,0,0,0
212802,0,0,0
253046,0,0,0
23977,0,0,0
56895,0,0,0
160274,0,0,0
247849,0,0,0
134329,0,0,0
203777,0,0,0
109018,0,0,0
405581,0,0,0
349587,0,0,0
243010,0,0,0
362017,0,0,0
378630,0,0,0
316101,0,0,0
105319,0,0,0
368292,0,0,0
347082,0,0,0
361601,0,0,0
218595,0,0,0
248281,0,0,0
84035,0,0,0
38298,0,0,0
222190,0,0,0
29186,0,0,0
367696,0,0,0
384451,0,0,0
174703,0,0,0
149628,0,0,0
98267,0,0,0
276096,0,0,0
92553,0,0,0
65952,0,0,0
378831,0,0,0
282434,0,0,0
335451,0,0,0
4220,0,0,0
228874,0,0,0
17616,0,0,0
268492,0,0,0
6293,0,0,0
349929,0,0,0
405060,0,0,0
246654,0,0,0
128806,0,0,0
34172,0,0,0
258769,0,0,0
48200,0,0,0
352631,0,0,0
371043,0,0,0
49060,0,0,0
191010,0,0,0
249407,0,0,0
334064,0,0,0
120975,0,0,0
361724,0,0,0
112923,0,0,0
393589,0,0,0
384031,0,0,0
156470,0,0,0
339645,0,0,0
279500,0,0,0
232157,0,0,0
94092,0,0,0
125537,0,0,0
320484,0,0,0
338855,0,0,0
198637,0,0,0
247878,0,0,0
59698,0,0,0
358809,0,0,0
364013,0,0,0
239711,0,0,0
307122,0,0,0
299233,0,0,0
130896,0,0,0
327458,0,0,0
138588,0,0,0
143112,0,0,0
366902,0,0,0
74522,0,0,0
144733,0,0,0
11496,0,0,0
367480,0,0,0
92291,0,0,0
67949,0,0,0
307802,0,0,0
282604,0,0,0
143468,0,0,0
90117,0,0,0
56483,0,0,0
22920,0,0,0
359684,0,0,0
106767,0,0,0
107535,0,0,0
54369,0,0,0
351236,0,0,0
401505,0,0,0
163699,0,0,0
178822,0,0,0
158589,0,0,0
73809,0,0,0
142574,0,0,0
41615,0,0,0
11925,0,0,0
330608,0,0,0
153394,0,0,0
127560,0,0,0
139282,0,0,0
140318,0,0,0
70412,0,0,0
311571,0,0,0
271650,0,0,0
231869,0,0,0
13613,0,0,0
337625,0,0,0
138122,0,0,0
45983,0,0,0
232527,0,0,0
116243,0,0,0
269804,0,0,0
30665,0,0,0
85050,0,0,0
63667,0,0,0
304484,0,0,0
399632,0,0,0
195534,0,0,0
234545,0,0,0
411445,0,0,0
39194,0,0,0
22110,0,0,0
126305,0,0,0
355213,0,0,0
337669,0,0,0
124539,0,0,0
13571,0,0,0
285134,0,0,0
249888,0,0,0
82491,0,0,0
374001,0,0,0
277991,0,0,0
135870,0,0,0
148340,0,0,0
184003,0,0,0
272691,0,0,0
89571,0,0,0
96199,0,0,0
22715,0,0,0
186921,0,0,0
148425,0,0,0
272807,0,0,0
25700,0,0,0
215940,0,0,0
51822,0,0,0
319098,0,0,0
308708,0,0,0
389862,0,0,0
120039,0,0,0
312775,0,0,0
86624,0,0,0
195097,0,0,0
54127,0,0,0
163615,0,0,0
401477,0,0,0
100152,0,0,0
26528,0,0,0
144660,0,0,0
256329,0,0,0
287831,0,0,0
396451,0,0,0
392321,0,0,0
335996,0,0,0
271481,0,0,0
186727,0,0,0
342916,0,0,0
185566,0,0,0
407039,0,0,0
292923,0,0,0
254450,0,0,0
167851,0,0,0
36986,0,0,0
95986,0,0,0
180342,0,0,0
351491,0,0,0
128680,0,0,0
235133,0,0,0
14287,0,0,0
266701,0,0,0
33055,0,0,0
367824,0,0,0
306349,0,0,0
111626,0,0,0
27537,0,0,0
197202,0,0,0
95631,0,0,0
319385,0,0,0
228005,0,0,0
113126,0,0,0
190244,0,0,0
212750,0,0,0
66178,0,0,0
181579,0,0,0
162946,0,0,0
310141,0,0,0
275520,0,0,0
256055,0,0,0
222782,0,0,0
307637,0,0,0
253423,0,0,0
407787,0,0,0
122411,0,0,0
223173,0,0,0
79924,0,0,0
273901,0,0,0
29986,0,0,0
386641,0,0,0
399364,0,0,0
342027,0,0,0
149315,0,0,0
179114,0,0,0
199733,0,0,0
227388,0,0,0
177557,0,0,0
347731,0,0,0
271644,0,0,0
310461,0,0,0
200046,0,0,0
155274,0,0,0
410601,0,0,0
86558,0,0,0
40928,0,0,0
158050,0,0,0
256391,0,0,0
272033,0,0,0
40836,0,0,0
228155,0,0,0
4257,0,0,0
321476,0,0,0
141877,0,0,0
208223,0,0,0
402061,0,0,0
166237,0,0,0
132840,0,0,0
257567,0,0,0
151623,0,0,0
2637,0,0,0
79163,0,0,0
17177,0,0,0
6547,0,0,0
137172,0,0,0
127845,0,0,0
182017,0,0,0
206137,0,0,0
75183,0,0,0
31559,0,0,0
220825,0,0,0
174197,0,0,0
68468,0,0,0
294093,0,0,0
127049,0,0,0
191912,0,0,0
60292,0,0,0
222288,0,0,0
340184,0,0,0
282092,0,0,0
191936,0,0,0
45071,0,0,0
383026,0,0,0
240919,0,0,0
183471,0,0,0
393741,0,0,0
338754,0,0,0
278942,0,0,0
110594,0,0,0
374129,0,0,0
362973,0,0,0
385672,0,0,0
283257,0,0,0
297449,0,0,0
389892,0,0,0
109704,0,0,0
159151,0,0,0
93592,0,0,0
176110,0,0,0
378410,0,0,0
169038,0,0,0
165697,0,0,0
229870,0,0,0
233515,0,0,0
101995,0,0,0
151694,0,0,0
395649,0,0,0
368263,0,0,0
394854,0,0,0
291525,0,0,0
159435,0,0,0
210686,0,0,0
326681,0,0,0
70386,0,0,0
221867,0,0,0
160442,0,0,0
341998,0,0,0
287965,0,0,0
244667,0,0,0
346799,0,0,0
245480,0,0,0
172954,0,0,0
111880,0,0,0
405186,0,0,0
341279,0,0,0
26554,0,0,0
11621,0,0,0
145111,0,0,0
56071,0,0,0
82761,0,0,0
221889,0,0,0
254009,0,0,0
343000,0,0,0
248010,0,0,0
88732,0,0,0
353885,0,0,0
226570,0,0,0
219689,0,0,0
331221,0,0,0
225049,0,0,0
93537,0,0,0
268226,0,0,0
194703,0,0,0
218193,0,0,0
300739,0,0,0
315927,0,0,0
294849,0,0,0
398220,0,0,0
234117,0,0,0
54598,0,0,0
127281,0,0,0
37116,0,0,0
214848,0,0,0
35068,0,0,0
349742,0,0,0
386371,0,0,0
68640,0,0,0
166702,0,0,0
293752,0,0,0
246508,0,0,0
229303,0,0,0
156945,0,0,0
107983,0,0,0
330145,0,0,0
231175,0,0,0
151428,0,0,0
84698,0,0,0
41773,0,0,0
378181,0,0,0
18978,0,0,0
90782,0,0,0
305053,0,0,0
101312,0,0,0
314871,0,0,0
157659,0,0,0
407695,0,0,0
52622,0,0,0
24886,0,0,0
320060,0,0,0
345863,0,0,0
21779,0,0,0
390769,0,0,0
378706,0,0,0
339578,0,0,0
235036,0,0,0
237956,0,0,0
205215,0,0,0
231282,0,0,0
88662,0,0,0
231295,0,0,0
390378,0,0,0
99591,0,0,0
405700,0,0,0
13174,0,0,0
70404,0,0,0
379590,0,0,0
210541,0,0,0
284734,0,0,0
210949,0,0,0
130295,0,0,0
61137,0,0,0
60094,0,0,0
74452,0,0,0
102802,0,0,0
242526,0,0,0
149891,0,0,0
269437,0,0,0
319164,0,0,0
195950,0,0,0
291653,0,0,0
104579,0,0,0
126114,0,0,0
110917,0,0,0
275349,0,0,0
286936,0,0,0
301830,0,0,0
324019,0,0,0
166432,0,0,0
395324,0,0,0
101132,0,0,0
196887,0,0,0
276639,0,0,0
235593,0,0,0
310174,0,0,0
329800,0,0,0
295306,0,0,0
155340,0,0,0
125975,0,0,0
87778,0,0,0
215055,0,0,0
400388,0,0,0
214368,0,0,0
305569,0,0,0
368441,0,0,0
27253,0,0,0
37340,0,0,0
173278,0,0,0
254808,0,0,0
312905,0,0,0
211140,0,0,0
32701,0,0,0
25568,0,0,0
92372,0,0,0
239445,0,0,0
367201,0,0,0
165652,0,0,0
311688,0,0,0
250815,0,0,0
183502,0,0,0
400101,0,0,0
24452,0,0,0
393593,0,0,0
121958,0,0,0
125817,0,0,0
218170,0,0,0
228432,0,0,0
336379,0,0,0
60051,0,0,0
348747,0,0,0
342634,0,0,0
167391,0,0,0
135392,0,0,0
203671,0,0,0
225078,0,0,0
390551,0,0,0
305942,0,0,0
50327,0,0,0
97369,0,0,0
364482,0,0,0
64655,0,0,0
339021,0,0,0
206959,0,0,0
170921,0,0,0
228069,0,0,0
227692,0,0,0
135711,0,0,0
87522,0,0,0
226966,0,0,0
371383,0,0,0
157996,0,0,0
59379,0,0,0
363005,0,0,0
339995,0,0,0
66271,0,0,0
279907,0,0,0
29422,0,0,0
169328,0,0,0
69067,0,0,0
249798,0,0,0
54828,0,0,0
74064,0,0,0
9400,0,0,0
34934,0,0,0
110546,0,0,0
401369,0,0,0
157180,0,0,0
297028,0,0,0
179153,0,0,0
295462,0,0,0
247694,0,0,0
375891,0,0,0
335501,0,0,0
229390,0,0,0
216757,0,0,0
244584,0,0,0
31138,0,0,0
314629,0,0,0
60096,0,0,0
327176,0,0,0
149011,0,0,0
51891,0,0,0
238856,0,0,0
12936,0,0,0
232841,0,0,0
55169,0,0,0
383129,0,0,0
86021,0,0,0
393725,0,0,0
91923,0,0,0
86703,0,0,0
165191,0,0,0
124963,0,0,0
404795,0,0,0
185254,0,0,0
164393,0,0,0
140300,0,0,0
66099,0,0,0
22997,0,0,0
47796,0,0,0
20234,0,0,0
304533,0,0,0
12632,0,0,0
16717,0,0,0
205147,0,0,0
212376,0,0,0
8461,0,0,0
212565,0,0,0
247681,0,0,0
62342,0,0,0
113221,0,0,0
257129,0,0,0
290230,0,0,0
174851,0,0,0
233135,0,0,0
22742,0,0,0
227151,0,0,0
94369,0,0,0
51707,0,0,0
1598,0,0,0
226828,0,0,0
260065,0,0,0
128154,0,0,0
86403,0,0,0
156881,0,0,0
208535,0,0,0
68288,0,0,0
159228,0,0,0
210636,0,0,0
381408,0,0,0
69172,0,0,0
164572,0,0,0
395996,0,0,0
288936,0,0,0
162457,0,0,0
86481,0,0,0
339393,0,0,0
277227,0,0,0
344963,0,0,0
118398,0,0,0
352239,0,0,0
333425,0,0,0
209388,0,0,0
2522,0,0,0
87977,0,0,0
271709,0,0,0
47378,0,0,0
382082,0,0,0
361302,0,0,0
88648,0,0,0
48063,0,0,0
300858,0,0,0
156621,0,0,0
295956,0,0,0
365505,0,0,0
331967,0,0,0
2483,0,0,0
165335,0,0,0
155371,0,0,0
179739,0,0,0
1555,0,0,0
213502,0,0,0
131838,0,0,0
383342,0,0,0
376446,0,0,0
69212,0,0,0
70674,0,0,0
273717,0,0,0
169932,0,0,0
363425,0,0,0
249826,0,0,0
107377,0,0,0
318735,0,0,0
124193,0,0,0
40742,0,0,0
240978,0,0,0
21117,0,0,0
143771,0,0,0
119459,0,0,0
160653,0,0,0
52591,0,0,0
352998,0,0,0
306416,0,0,0
58075,0,0,0
69419,0,0,0
57809,0,0,0
161645,0,0,0
186488,0,0,0
349215,0,0,0
335038,0,0,0
103020,0,0,0
85938,0,0,0
133012,0,0,0
71020,0,0,0
247553,0,0,0
294717,0,0,0
23680,0,0,0
197765,0,0,0
282825,0,0,0
33703,0,0,0
335467,0,0,0
218097,0,0,0
365463,0,0,0
353815,0,0,0
144292,0,0,0
179886,0,0,0
46723,0,0,0
96803,0,0,0
366235,0,0,0
76283,0,0,0
296008,0,0,0
123536,0,0,0
46972,0,0,0
267207,0,0,0
92206,0,0,0
180297,0,0,0
175546,0,0,0
110213,0,0,0
20867,0,0,0
22870,0,0,0
83386,0,0,0
276640,0,0,0
264542,0,0,0
54904,0,0,0
265045,0,0,0
109464,0,0,0
164661,0,0,0
273194,0,0,0
142168,0,0,0
315589,0,0,0
210623,0,0,0
287036,0,0,0
27159,0,0,0
4332,0,0,0
248325,0,0,0
270415,0,0,0
409758,0,0,0
134260,0,0,0
410901,0,0,0
300760,0,0,0
40794,0,0,0
298831,0,0,0
308744,0,0,0
25240,0,0,0
141023,0,0,0
193316,0,0,0
185044,0,0,0
52709,0,0,0
217075,0,0,0
241974,0,0,0
243330,0,0,0
359463,0,0,0
381747,0,0,0
134950,0,0,0
295245,0,0,0
48292,0,0,0
272550,0,0,0
381254,0,0,0
303663,0,0,0
33537,0,0,0
58660,0,0,0
286879,0,0,0
349637,0,0,0
1621,0,0,0
276609,0,0,0
227262,0,0,0
392814,0,0,0
279787,0,0,0
98110,0,0,0
197284,0,0,0
270815,0,0,0
281464,0,0,0
404539,0,0,0
262627,0,0,0
63091,0,0,0
72216,0,0,0
17112,0,0,0
47155,0,0,0
370381,0,0,0
82750,0,0,0
363290,0,0,0
370601,0,0,0
138855,0,0,0
51338,0,0,0
207796,0,0,0
258327,0,0,0
137343,0,0,0
305697,0,0,0
205912,0,0,0
252719,0,0,0
159271,0,0,0
15867,0,0,0
242121,0,0,0
171713,0,0,0
88435,0,0,0
85175,0,0,0
176781,0,0,0
37342,0,0,0
184324,0,0,0
75372,0,0,0
398608,0,0,0
223302,0,0,0
34683,0,0,0
27087,0,0,0
59750,0,0,0
61258,0,0,0
394102,0,0,0
83746,0,0,0
310891,0,0,0
51359,0,0,0
334733,0,0,0
377370,0,0,0
1086,0,0,0
146638,0,0,0
138172,0,0,0
63605,0,0,0
232197,0,0,0
248145,0,0,0
369734,0,0,0
127452,0,0,0
43753,0,0,0
138024,0,0,0
138118,0,0,0
158083,0,0,0
338775,0,0,0
42862,0,0,0
171493,0,0,0
240855,0,0,0
396865,0,0,0
47474,0,0,0
212632,0,0,0
14873,0,0,0
235546,0,0,0
370730,0,0,0
287010,0,0,0
126553,0,0,0
95526,0,0,0
12091,0,0,0
164797,0,0,0
22004,0,0,0
199241,0,0,0
114932,0,0,0
44970,0,0,0
253259,0,0,0
306113,0,0,0
252611,0,0,0
355444,0,0,0
396179,0,0,0
125419,0,0,0
91389,0,0,0
7217,0,0,0
155394,0,0,0
241712,0,0,0
322170,0,0,0
159070,0,0,0
170189,0,0,0
407522,0,0,0
90421,0,0,0
67934,0,0,0
267328,0,0,0
362250,0,0,0
373117,0,0,0
189127,0,0,0
406996,0,0,0
357215,0,0,0
254397,0,0,0
143346,0,0,0
378209,0,0,0
5665,0,0,0
335817,0,0,0
351757,0,0,0
285668,0,0,0
272225,0,0,0
108566,0,0,0
16808,0,0,0
293580,0,0,0
367928,0,0,0
66678,0,0,0
79742,0,0,0
277365,0,0,0
226450,0,0,0
299014,0,0,0
203546,0,0,0
186698,0,0,0
221587,0,0,0
295919,0,0,0
13917,0,0,0
133101,0,0,0
52212,0,0,0
398205,0,0,0
110513,0,0,0
359060,0,0,0
63610,0,0,0
249906,0,0,0
136503,0,0,0
77479,0,0,0
230699,0,0,0
342297,0,0,0
197189,0,0,0
27940,0,0,0
224764,0,0,0
208518,0,0,0
113855,0,0,0
173951,0,0,0
379804,0,0,0
33268,0,0,0
245911,0,0,0
302686,0,0,0
144004,0,0,0
160352,0,0,0
206638,0,0,0
256156,0,0,0
180108,0,0,0
113137,0,0,0
258696,0,0,0
399314,0,0,0
127346,0,0,0
159852,0,0,0
172939,0,0,0
250259,0,0,0
280828,0,0,0
221957,0,0,0
327361,0,0,0
375570,0,0,0
258104,0,0,0
399747,0,0,0
335837,0,0,0
240258,0,0,0
93386,0,0,0
250836,0,0,0
2144,0,0,0
381977,0,0,0
310861,0,0,0
90939,0,0,0
241241,0,0,0
105181,0,0,0
235807,0,0,0
329506,0,0,0
402100,0,0,0
259073,0,0,0
348977,0,0,0
294805,0,0,0
268896,0,0,0
82267,0,0,0
215781,0,0,0
175062,0,0,0
286400,0,0,0
365062,0,0,0
393314,0,0,0
212010,0,0,0
191071,0,0,0
313663,0,0,0
281195,0,0,0
246148,0,0,0
89096,0,0,0
222889,0,0,0
403756,0,0,0
298041,0,0,0
41647,0,0,0
377198,0,0,0
281585,0,0,0
318397,0,0,0
321267,0,0,0
269216,0,0,0
225993,0,0,0
358022,0,0,0
392105,0,0,0
165541,0,0,0
345531,0,0,0
368023,0,0,0
120134,0,0,0
181864,0,0,0
346119,0,0,0
188579,0,0,0
16169,0,0,0
299413,0,0,0
378581,0,0,0
185022,0,0,0
19956,0,0,0
300965,0,0,0
227936,0,0,0
102227,0,0,0
94681,0,0,0
336324,0,0,0
197668,0,0,0
174317,0,0,0
261090,0,0,0
214540,0,0,0
387672,0,0,0
197899,0,0,0
300944,0,0,0
409732,0,0,0
175695,0,0,0
49871,0,0,0
183929,0,0,0
130652,0,0,0
144957,0,0,0
257672,0,0,0
104633,0,0,0
119040,0,0,0
290053,0,0,0
166924,0,0,0
280190,0,0,0
212151,0,0,0
60430,0,0,0
163493,0,0,0
230933,0,0,0
344183,0,0,0
55777,0,0,0
95657,0,0,0
332195,0,0,0
240039,0,0,0
343845,0,0,0
330711,0,0,0
348541,0,0,0
381468,0,0,0
198831,0,0,0
37789,0,0,0
6081,0,0,0
186717,0,0,0
156416,0,0,0
78332,0,0,0
138523,0,0,0
340115,0,0,0
94978,0,0,0
174890,0,0,0
405728,0,0,0
56070,0,0,0
69382,0,0,0
209506,0,0,0
240996,0,0,0
309523,0,0,0
43864,0,0,0
407384,0,0,0
274736,0,0,0
286659,0,0,0
292311,0,0,0
78364,0,0,0
182312,0,0,0
7337,0,0,0
133963,0,0,0
95861,0,0,0
184745,0,0,0
302303,0,0,0
188398,0,0,0
75618,0,0,0
68758,0,0,0
185278,0,0,0
269588,0,0,0
28406,0,0,0
230302,0,0,0
264123,0,0,0
76883,0,0,0
224989,0,0,0
307773,0,0,0
79107,0,0,0
286935,0,0,0
152745,0,0,0
85812,0,0,0
128131,0,0,0
85047,0,0,0
270572,0,0,0
200525,0,0,0
33809,0,0,0
280384,0,0,0
241547,0,0,0
112965,0,0,0
75473,0,0,0
217741,0,0,0
313397,0,0,0
191198,0,0,0
126617,0,0,0
365312,0,0,0
334328,0,0,0
19523,0,0,0
121414,0,0,0
90583,0,0,0
292038,0,0,0
232433,0,0,0
15952,0,0,0
206037,0,0,0
208724,0,0,0
6531,0,0,0
208941,0,0,0
38541,0,0,0
11448,0,0,0
61256,0,0,0
93724,0,0,0
40674,0,0,0
120515,0,0,0
97008,0,0,0
200361,0,0,0
338756,0,0,0
226568,0,0,0
331673,0,0,0
334948,0,0,0
395775,0,0,0
252830,0,0,0
76782,0,0,0
45346,0,0,0
96456,0,0,0
59282,0,0,0
179323,0,0,0
251285,0,0,0
357493,0,0,0
316943,0,0,0
242439,0,0,0
240165,0,0,0
260623,0,0,0
310781,0,0,0
69426,0,0,0
406326,0,0,0
368094,0,0,0
266905,0,0,0
187814,0,0,0
42872,0,0,0
314554,0,0,0
8290,0,0,0
387705,0,0,0
263518,0,0,0
13379,0,0,0
372376,0,0,0
48315,0,0,0
278185,0,0,0
384726,0,0,0
364022,0,0,0
226512,0,0,0
399691,0,0,0
81677,0,0,0
374575,0,0,0
249444,0,0,0
288640,0,0,0
212067,0,0,0
180605,0,0,0
317577,0,0,0
81922,0,0,0
302414,0,0,0
62461,0,0,0
185677,0,0,0
149373,0,0,0
366192,0,0,0
147272,0,0,0
364085,0,0,0
274104,0,0,0
333438,0,0,0
365758,0,0,0
406963,0,0,0
143692,0,0,0
293227,0,0,0
131026,0,0,0
187585,0,0,0
274328,0,0,0
332159,0,0,0
56584,0,0,0
35699,0,0,0
19281,0,0,0
380545,0,0,0
303554,0,0,0
344203,0,0,0
207087,0,0,0
352132,0,0,0
151646,0,0,0
62,0,0,0
214547,0,0,0
262324,0,0,0
90938,0,0,0
293499,0,0,0
122649,0,0,0
213129,0,0,0
318486,0,0,0
182462,0,0,0
73472,0,0,0
235462,0,0,0
343254,0,0,0
192028,0,0,0
233510,0,0,0
247033,0,0,0
80491,0,0,0
301954,0,0,0
313594,0,0,0
338661,0,0,0
189921,0,0,0
399139,0,0,0
165258,0,0,0
408093,0,0,0
128878,0,0,0
119050,0,0,0
288495,0,0,0
313899,0,0,0
80019,0,0,0
166170,0,0,0
102865,0,0,0
243847,0,0,0
389306,0,0,0
110652,0,0,0
83481,0,0,0
308013,0,0,0
193784,0,0,0
11668,0,0,0
397256,0,0,0
211455,0,0,0
28794,0,0,0
217082,0,0,0
177362,0,0,0
49734,0,0,0
97046,0,0,0
29490,0,0,0
22408,0,0,0
404984,0,0,0
333935,0,0,0
304324,0,0,0
94158,0,0,0
355029,0,0,0
106838,0,0,0
359136,0,0,0
179408,0,0,0
406799,0,0,0
349333,0,0,0
68933,0,0,0
367286,0,0,0
11474,0,0,0
332982,0,0,0
198937,0,0,0
378145,0,0,0
99070,0,0,0
266283,0,0,0
55191,0,0,0
213567,0,0,0
132013,0,0,0
185560,0,0,0
92788,0,0,0
21839,0,0,0
263385,0,0,0
9654,0,0,0
190892,0,0,0
208707,0,0,0
116131,0,0,0
271726,0,0,0
342218,0,0,0
44511,0,0,0
32516,0,0,0
162448,0,0,0
81365,0,0,0
336279,0,0,0
133173,0,0,0
101111,0,0,0
119927,0,0,0
308122,0,0,0
405785,0,0,0
335071,0,0,0
404423,0,0,0
29806,0,0,0
329108,0,0,0
270077,0,0,0
286009,0,0,0
373746,0,0,0
137181,0,0,0
4444,0,0,0
316366,0,0,0
239650,0,0,0
341470,0,0,0
284303,0,0,0
191935,0,0,0
338151,0,0,0
114115,0,0,0
91807,0,0,0
81771,0,0,0
4179,0,0,0
285274,0,0,0
176356,0,0,0
409299,0,0,0
92478,0,0,0
21625,0,0,0
308242,0,0,0
9226,0,0,0
85408,0,0,0
252738,0,0,0
48013,0,0,0
297192,0,0,0
201043,0,0,0
215805,0,0,0
78522,0,0,0
333146,0,0,0
235806,0,0,0
347869,0,0,0
104265,0,0,0
393700,0,0,0
144812,0,0,0
240619,0,0,0
391560,0,0,0
328900,0,0,0
109911,0,0,0
167328,0,0,0
82867,0,0,0
316702,0,0,0
87799,0,0,0
153194,0,0,0
61909,0,0,0
116397,0,0,0
62744,0,0,0
219845,0,0,0
20176,0,0,0
68582,0,0,0
215415,0,0,0
166459,0,0,0
389265,0,0,0
173019,0,0,0
369049,0,0,0
249297,0,0,0
315327,0,0,0
339984,0,0,0
245759,0,0,0
6691,0,0,0
77937,0,0,0
181901,0,0,0
366049,0,0,0
255699,0,0,0
384043,0,0,0
101826,0,0,0
404959,0,0,0
133055,0,0,0
294160,0,0,0
299257,0,0,0
130684,0,0,0
262707,0,0,0
254366,0,0,0
152593,0,0,0
328142,0,0,0
183584,0,0,0
300123,0,0,0
178431,0,0,0
92507,0,0,0
297284,0,0,0
312445,0,0,0
57182,0,0,0
58069,0,0,0
3596,0,0,0
138277,0,0,0
212659,0,0,0
381320,0,0,0
193215,0,0,0
362011,0,0,0
368744,0,0,0
117832,0,0,0
124182,0,0,0
375109,0,0,0
310524,0,0,0
320786,0,0,0
288486,0,0,0
129564,0,0,0
175540,0,0,0
250764,0,0,0
98849,0,0,0
82712,0,0,0
372184,0,0,0
82897,0,0,0
401430,0,0,0
362359,0,0,0
229095,0,0,0
95690,0,0,0
364863,0,0,0
203685,0,0,0
190165,0,0,0
225212,0,0,0
10092,0,0,0
249430,0,0,0
349891,0,0,0
143525,0,0,0
265520,0,0,0
126260,0,0,0
140576,0,0,0
9481,0,0,0
170306,0,0,0
157779,0,0,0
3356,0,0,0
393365,0,0,0
335200,0,0,0
97840,0,0,0
337814,0,0,0
318828,0,0,0
306372,0,0,0
347348,0,0,0
38447,0,0,0
348440,0,0,0
166028,0,0,0
332273,0,0,0
395046,0,0,0
60649,0,0,0
131371,0,0,0
370818,0,0,0
314840,0,0,0
332870,0,0,0
152497,0,0,0
330026,0,0,0
279175,0,0,0
359082,0,0,0
85256,0,0,0
344531,0,0,0
400813,0,0,0
121550,0,0,0
294703,0,0,0
403382,0,0,0
69698,0,0,0
146803,0,0,0
265693,0,0,0
46755,0,0,0
79597,0,0,0
275065,0,0,0
180315,0,0,0
53812,0,0,0
303886,0,0,0
197324,0,0,0
278432,0,0,0
84982,0,0,0
375953,0,0,0
186357,0,0,0
7279,0,0,0
89989,0,0,0
267225,0,0,0
124605,0,0,0
14207,0,0,0
355593,0,0,0
226507,0,0,0
32771,0,0,0
183964,0,0,0
188021,0,0,0
29905,0,0,0
299749,0,0,0
291522,0,0,0
382825,0,0,0
242989,0,0,0
122239,0,0,0
52534,0,0,0
145837,0,0,0
212908,0,0,0
6715,0,0,0
60508,0,0,0
53367,0,0,0
404514,0,0,0
234678,0,0,0
146632,0,0,0
262554,0,0,0
367649,0,0,0
249473,0,0,0
229829,0,0,0
41937,0,0,0
23075,0,0,0
235088,0,0,0
71786,0,0,0
226796,0,0,0
155876,0,0,0
193936,0,0,0
119014,0,0,0
192943,0,0,0
184403,0,0,0
14753,0,0,0
254524,0,0,0
265371,0,0,0
234343,0,0,0
171534,0,0,0
100894,0,0,0
32854,0,0,0
83899,0,0,0
362389,0,0,0
106647,0,0,0
351657,0,0,0
41651,0,0,0
345350,0,0,0
11979,0,0,0
198595,0,0,0
403482,0,0,0
138358,0,0,0
323577,0,0,0
31032,0,0,0
275954,0,0,0
241503,0,0,0
145066,0,0,0
109669,0,0,0
39467,0,0,0
244339,0,0,0
370731,0,0,0
370526,0,0,0
49942,0,0,0
405047,0,0,0
174462,0,0,0
265931,0,0,0
249226,0,0,0
334758,0,0,0
334364,0,0,0
320055,0,0,0
125929,0,0,0
347476,0,0,0
345683,0,0,0
252241,0,0,0
153221,0,0,0
374473,0,0,0
408924,0,0,0
314123,0,0,0
161000,0,0,0
364117,0,0,0
348076,0,0,0
120127,0,0,0
389129,0,0,0
186081,0,0,0
274293,0,0,0
178333,0,0,0
307575,0,0,0
181175,0,0,0
169541,0,0,0
384464,0,0,0
178915,0,0,0
44098,0,0,0
399778,0,0,0
315512,0,0,0
334054,0,0,0
205295,0,0,0
79069,0,0,0
284855,0,0,0
19265,0,0,0
277653,0,0,0
9446,0,0,0
199842,0,0,0
301683,0,0,0
198505,0,0,0
216806,0,0,0
225446,0,0,0
56248,0,0,0
303628,0,0,0
401079,0,0,0
385393,0,0,0
397782,0,0,0
387462,0,0,0
331812,0,0,0
12445,0,0,0
315940,0,0,0
18387,0,0,0
344050,0,0,0
385484,0,0,0
91688,0,0,0
230661,0,0,0
98360,0,0,0
240593,0,0,0
34902,0,0,0
386361,0,0,0
69082,0,0,0
28147,0,0,0
228611,0,0,0
148516,0,0,0
70766,0,0,0
257625,0,0,0
266177,0,0,0
267421,0,0,0
79255,0,0,0
76456,0,0,0
75513,0,0,0
28595,0,0,0
156129,0,0,0
44169,0,0,0
18236,0,0,0
216586,0,0,0
242135,0,0,0
116396,0,0,0
309373,0,0,0
3704,0,0,0
374000,0,0,0
35061,0,0,0
5440,0,0,0
111017,0,0,0
240195,0,0,0
72739,0,0,0
225480,0,0,0
192724,0,0,0
254852,0,0,0
401882,0,0,0
275718,0,0,0
313256,0,0,0
282834,0,0,0
138155,0,0,0
77290,0,0,0
375948,0,0,0
367167,0,0,0
178148,0,0,0
407619,0,0,0
126129,0,0,0
117625,0,0,0
63104,0,0,0
19632,0,0,0
405792,0,0,0
199560,0,0,0
301567,0,0,0
262170,0,0,0
197549,0,0,0
55876,0,0,0
87422,0,0,0
388843,0,0,0
157368,0,0,0
190935,0,0,0
128266,0,0,0
246838,0,0,0
41282,0,0,0
175220,0,0,0
263097,0,0,0
402829,0,0,0
83838,0,0,0
264705,0,0,0
343312,0,0,0
81870,0,0,0
400001,0,0,0
385611,0,0,0
288285,0,0,0
256111,0,0,0
271230,0,0,0
279083,0,0,0
361650,0,0,0
84070,0,0,0
346245,0,0,0
166276,0,0,0
243820,0,0,0
49710,0,0,0
130901,0,0,0
257306,0,0,0
330523,0,0,0
66512,0,0,0
257175,0,0,0
164794,0,0,0
156530,0,0,0
373016,0,0,0
369752,0,0,0
26894,0,0,0
93374,0,0,0
41829,0,0,0
44164,0,0,0
410405,0,0,0
134192,0,0,0
57987,0,0,0
95083,0,0,0
199671,0,0,0
283314,0,0,0
156183,0,0,0
402597,0,0,0
22817,0,0,0
77909,0,0,0
238862,0,0,0
107132,0,0,0
84560,0,0,0
197684,0,0,0
341795,0,0,0
184372,0,0,0
3576,0,0,0
66643,0,0,0
19317,0,0,0
265472,0,0,0
399929,0,0,0
307069,0,0,0
351366,0,0,0
104985,0,0,0
150801,0,0,0
254391,0,0,0
40546,0,0,0
349893,0,0,0
95192,0,0,0
50980,0,0,0
51393,0,0,0
164161,0,0,0
25269,0,0,0
275876,0,0,0
218068,0,0,0
136995,0,0,0
33906,0,0,0
379944,0,0,0
356445,0,0,0
293623,0,0,0
329926,0,0,0
2728,0,0,0
194004,0,0,0
145174,0,0,0
321567,0,0,0
156084,0,0,0
15716,0,0,0
196471,0,0,0
347334,0,0,0
71638,0,0,0
225809,0,0,0
268273,0,0,0
22751,0,0,0
390048,0,0,0
76968,0,0,0
225680,0,0,0
61092,0,0,0
340615,0,0,0
107056,0,0,0
110107,0,0,0
324620,0,0,0
216635,0,0,0
30345,0,0,0
58159,0,0,0
399545,0,0,0
140082,0,0,0
239211,0,0,0
294308,0,0,0
282085,0,0,0
203226,0,0,0
371806,0,0,0
403915,0,0,0
368126,0,0,0
279464,0,0,0
100861,0,0,0
342895,0,0,0
104226,0,0,0
250958,0,0,0
99876,0,0,0
39344,0,0,0
78535,0,0,0
297177,0,0,0
391773,0,0,0
22943,0,0,0
391261,0,0,0
225663,0,0,0
260883,0,0,0
385619,0,0,0
401747,0,0,0
44884,0,0,0
162582,0,0,0
141749,0,0,0
141577,0,0,0
341210,0,0,0
102158,0,0,0
264811,0,0,0
320131,0,0,0
263397,0,0,0
400542,0,0,0
309971,0,0,0
36408,0,0,0
112453,0,0,0
341791,0,0,0
139081,0,0,0
197093,0,0,0
117646,0,0,0
102057,0,0,0
21189,0,0,0
380117,0,0,0
8183,0,0,0
385127,0,0,0
270326,0,0,0
155372,0,0,0
103934,0,0,0
158187,0,0,0
373644,0,0,0
304380,0,0,0
49525,0,0,0
6430,0,0,0
59742,0,0,0
22271,0,0,0
382447,0,0,0
27497,0,0,0
7362,0,0,0
301616,0,0,0
201572,0,0,0
246001,0,0,0
314890,0,0,0
58321,0,0,0
199516,0,0,0
371829,0,0,0
334650,0,0,0
403466,0,0,0
221010,0,0,0
377617,0,0,0
262864,0,0,0
34319,0,0,0
244697,0,0,0
14013,0,0,0
50007,0,0,0
344022,0,0,0
252002,0,0,0
9552,0,0,0
43851,0,0,0
238609,0,0,0
91734,0,0,0
243539,0,0,0
25702,0,0,0
382064,0,0,0
251998,0,0,0
357415,0,0,0
382116,0,0,0
295084,0,0,0
95344,0,0,0
189405,0,0,0
179080,0,0,0
78764,0,0,0
365567,0,0,0
40126,0,0,0
171380,0,0,0
203791,0,0,0
336902,0,0,0
128139,0,0,0
103481,0,0,0
248449,0,0,0
394187,0,0,0
926,0,0,0
128351,0,0,0
26916,0,0,0
184117,0,0,0
44105,0,0,0
324131,0,0,0
19552,0,0,0
379783,0,0,0
377379,0,0,0
5313,0,0,0
386513,0,0,0
242687,0,0,0
62222,0,0,0
343900,0,0,0
274960,0,0,0
213964,0,0,0
82259,0,0,0
21211,0,0,0
125769,0,0,0
342466,0,0,0
298832,0,0,0
313353,0,0,0
339093,0,0,0
250865,0,0,0
77480,0,0,0
364437,0,0,0
403332,0,0,0
380323,0,0,0
250225,0,0,0
318297,0,0,0
408466,0,0,0
354990,0,0,0
270589,0,0,0
162459,0,0,0
393037,0,0,0
330695,0,0,0
208178,0,0,0
99575,0,0,0
285177,0,0,0
221020,0,0,0
2124,0,0,0
137508,0,0,0
104554,0,0,0
97711,0,0,0
11785,0,0,0
208326,0,0,0
407354,0,0,0
11193,0,0,0
365142,0,0,0
128571,0,0,0
367861,0,0,0
297006,0,0,0
105578,0,0,0
58651,0,0,0
361389,0,0,0
244297,0,0,0
158033,0,0,0
387891,0,0,0
215221,0,0,0
178527,0,0,0
375424,0,0,0
392532,0,0,0
70159,0,0,0
375083,0,0,0
222171,0,0,0
350888,0,0,0
290181,0,0,0
97756,0,0,0
249792,0,0,0
127417,0,0,0
151255,0,0,0
127516,0,0,0
303760,0,0,0
48546,0,0,0
216914,0,0,0
32194,0,0,0
212013,0,0,0
178871,0,0,0
96369,0,0,0
405477,0,0,0
366526,0,0,0
280296,0,0,0
191074,0,0,0
307061,0,0,0
209944,0,0,0
53078,0,0,0
148148,0,0,0
403212,0,0,0
29676,0,0,0
43158,0,0,0
162350,0,0,0
320125,0,0,0
288881,0,0,0
312591,0,0,0
85325,0,0,0
371176,0,0,0
118151,0,0,0
218163,0,0,0
127436,0,0,0
87308,0,0,0
162360,0,0,0
163158,0,0,0
343596,0,0,0
355301,0,0,0
244614,0,0,0
5124,0,0,0
6781,0,0,0
390396,0,0,0
320770,0,0,0
102084,0,0,0
67859,0,0,0
69613,0,0,0
31819,0,0,0
322904,0,0,0
152525,0,0,0
395452,0,0,0
274942,0,0,0
60737,0,0,0
180426,0,0,0
329411,0,0,0
326382,0,0,0
404141,0,0,0
206274,0,0,0
201168,0,0,0
211252,0,0,0
278485,0,0,0
39042,0,0,0
49140,0,0,0
375830,0,0,0
326296,0,0,0
337136,0,0,0
271434,0,0,0
237355,0,0,0
9770,0,0,0
24564,0,0,0
138549,0,0,0
130355,0,0,0
131013,0,0,0
69888,0,0,0
268143,0,0,0
250422,0,0,0
172999,0,0,0
400636,0,0,0
295370,0,0,0
341584,0,0,0
319198,0,0,0
241697,0,0,0
382420,0,0,0
238571,0,0,0
233900,0,0,0
282955,0,0,0
202142,0,0,0
174635,0,0,0
174704,0,0,0
95562,0,0,0
327224,0,0,0
160090,0,0,0
392905,0,0,0
118096,0,0,0
397129,0,0,0
108676,0,0,0
6466,0,0,0
174120,0,0,0
372190,0,0,0
368529,0,0,0
293482,0,0,0
62621,0,0,0
347931,0,0,0
388113,0,0,0
332596,0,0,0
271840,0,0,0
209596,0,0,0
182435,0,0,0
15647,0,0,0
94660,0,0,0
52387,0,0,0
15815,0,0,0
89690,0,0,0
293228,0,0,0
19339,0,0,0
366414,0,0,0
237452,0,0,0
190301,0,0,0
221943,0,0,0
194302,0,0,0
7702,0,0,0
17088,0,0,0
152964,0,0,0
73288,0,0,0
301732,0,0,0
265721,0,0,0
331753,0,0,0
393861,0,0,0
143608,0,0,0
291919,0,0,0
124897,0,0,0
94300,0,0,0
187381,0,0,0
217887,0,0,0
179134,0,0,0
310641,0,0,0
213663,0,0,0
160184,0,0,0
264648,0,0,0
307660,0,0,0
381854,0,0,0
132718,0,0,0
395993,0,0,0
143544,0,0,0
396120,0,0,0
90570,0,0,0
122799,0,0,0
60361,0,0,0
80332,0,0,0
70039,0,0,0
14869,0,0,0
82104,0,0,0
36948,0,0,0
41156,0,0,0
143261,0,0,0
194825,0,0,0
39046,0,0,0
63457,0,0,0
71872,0,0,0
301041,0,0,0
323602,0,0,0
38705,0,0,0
310437,0,0,0
17096,0,0,0
371325,0,0,0
62637,0,0,0
408254,0,0,0
107942,0,0,0
307225,0,0,0
202978,0,0,0
115092,0,0,0
288112,0,0,0
27829,0,0,0
71582,0,0,0
188549,0,0,0
313767,0,0,0
345722,0,0,0
219034,0,0,0
360299,0,0,0
147555,0,0,0
137318,0,0,0
210317,0,0,0
270066,0,0,0
88556,0,0,0
34685,0,0,0
377265,0,0,0
165224,0,0,0
85936,0,0,0
297247,0,0,0
90949,0,0,0
295869,0,0,0
46214,0,0,0
159759,0,0,0
179964,0,0,0
312656,0,0,0
372778,0,0,0
275479,0,0,0
24242,0,0,0
348579,0,0,0
410441,0,0,0
256967,0,0,0
403337,0,0,0
191097,0,0,0
394721,0,0,0
99120,0,0,0
131998,0,0,0
346527,0,0,0
241496,0,0,0
238011,0,0,0
158674,0,0,0
145752,0,0,0
229939,0,0,0
36420,0,0,0
270222,0,0,0
31744,0,0,0
278157,0,0,0
301733,0,0,0
278305,0,0,0
16892,0,0,0
154655,0,0,0
371639,0,0,0
319487,0,0,0
30410,0,0,0
81031,0,0,0
161830,0,0,0
280267,0,0,0
292029,0,0,0
375982,0,0,0
141908,0,0,0
211887,0,0,0
198480,0,0,0
399032,0,0,0
57561,0,0,0
29112,0,0,0
65740,0,0,0
46086,0,0,0
26429,0,0,0
370143,0,0,0
239453,0,0,0
57646,0,0,0
185643,0,0,0
109017,0,0,0
75436,0,0,0
110137,0,0,0
309028,0,0,0
146820,0,0,0
245227,0,0,0
89434,0,0,0
96266,0,0,0
53204,0,0,0
55281,0,0,0
329548,0,0,0
256835,0,0,0
182909,0,0,0
100781,0,0,0
282065,0,0,0
226336,0,0,0
163818,0,0,0
90924,0,0,0
386144,0,0,0
408750,0,0,0
41152,0,0,0
123704,0,0,0
90533,0,0,0
103653,0,0,0
383633,0,0,0
409591,0,0,0
369191,0,0,0
57061,0,0,0
5865,0,0,0
365748,0,0,0
325359,0,0,0
64564,0,0,0
80437,0,0,0
381658,0,0,0
259517,0,0,0
200477,0,0,0
221255,0,0,0
60888,0,0,0
62881,0,0,0
10434,0,0,0
192201,0,0,0
216760,0,0,0
362679,0,0,0
171947,0,0,0
287332,0,0,0
213526,0,0,0
63143,0,0,0
105380,0,0,0
151853,0,0,0
257192,0,0,0
132299,0,0,0
107844,0,0,0
107632,0,0,0
233479,0,0,0
158092,0,0,0
247938,0,0,0
110719,0,0,0
224363,0,0,0
264300,0,0,0
130716,0,0,0
161896,0,0,0
168722,0,0,0
309521,0,0,0
242676,0,0,0
115045,0,0,0
327898,0,0,0
123097,0,0,0
331855,0,0,0
30940,0,0,0
366472,0,0,0
274566,0,0,0
347748,0,0,0
225929,0,0,0
379224,0,0,0
179276,0,0,0
12753,0,0,0
161614,0,0,0
379273,0,0,0
154184,0,0,0
133394,0,0,0
107746,0,0,0
343693,0,0,0
339574,0,0,0
371470,0,0,0
110706,0,0,0
336259,0,0,0
273366,0,0,0
125414,0,0,0
259781,0,0,0
247583,0,0,0
188551,0,0,0
130377,0,0,0
284361,0,0,0
234533,0,0,0
261328,0,0,0
409099,0,0,0
219527,0,0,0
17402,0,0,0
17508,0,0,0
69041,0,0,0
220509,0,0,0
293703,0,0,0
60881,0,0,0
183579,0,0,0
202089,0,0,0
52071,0,0,0
127599,0,0,0
220596,0,0,0
75774,0,0,0
111408,0,0,0
50951,0,0,0
68848,0,0,0
237262,0,0,0
190754,0,0,0
97497,0,0,0
264081,0,0,0
127573,0,0,0
201709,0,0,0
52699,0,0,0
374265,0,0,0
316290,0,0,0
320208,0,0,0
249929,0,0,0
171717,0,0,0
133656,0,0,0
312324,0,0,0
394467,0,0,0
81853,0,0,0
145850,0,0,0
231904,0,0,0
173040,0,0,0
135667,0,0,0
1225,0,0,0
153637,0,0,0
111820,0,0,0
161991,0,0,0
110811,0,0,0
200939,0,0,0
287972,0,0,0
341871,0,0,0
376728,0,0,0
15620,0,0,0
234754,0,0,0
341774,0,0,0
308907,0,0,0
304911,0,0,0
217507,0,0,0
247453,0,0,0
192032,0,0,0
67367,0,0,0
114323,0,0,0
229737,0,0,0
321325,0,0,0
266203,0,0,0
118528,0,0,0
392295,0,0,0
55644,0,0,0
134501,0,0,0
243970,0,0,0
321803,0,0,0
74791,0,0,0
193054,0,0,0
365908,0,0,0
276613,0,0,0
191393,0,0,0
183867,0,0,0
315816,0,0,0
276135,0,0,0
4775,0,0,0
277193,0,0,0
75281,0,0,0
228234,0,0,0
73443,0,0,0
130373,0,0,0
344861,0,0,0
27711,0,0,0
283353,0,0,0
22192,0,0,0
78206,0,0,0
279841,0,0,0
188107,0,0,0
27214,0,0,0
78051,0,0,0
126366,0,0,0
306017,0,0,0
337638,0,0,0
151363,0,0,0
59780,0,0,0
206418,0,0,0
403853,0,0,0
161602,0,0,0
209131,0,0,0
214967,0,0,0
77482,0,0,0
159763,0,0,0
296147,0,0,0
50339,0,0,0
338968,0,0,0
367314,0,0,0
262998,0,0,0
360334,0,0,0
293099,0,0,0
302699,0,0,0
265347,0,0,0
215917,0,0,0
267917,0,0,0
4154,0,0,0
205483,0,0,0
222660,0,0,0
342394,0,0,0
61831,0,0,0
147428,0,0,0
388260,0,0,0
391812,0,0,0
342649,0,0,0
371109,0,0,0
141902,0,0,0
350285,0,0,0
197772,0,0,0
280413,0,0,0
189236,0,0,0
295313,0,0,0
34457,0,0,0
231757,0,0,0
255421,0,0,0
328761,0,0,0
271098,0,0,0
217953,0,0,0
311778,0,0,0
140884,0,0,0
279087,0,0,0
378061,0,0,0
163827,0,0,0
201752,0,0,0
386315,0,0,0
27516,0,0,0
392896,0,0,0
107321,0,0,0
136919,0,0,0
271504,0,0,0
360351,0,0,0
14785,0,0,0
5635,0,0,0
354851,0,0,0
291701,0,0,0
245300,0,0,0
360344,0,0,0
221776,0,0,0
316595,0,0,0
267522,0,0,0
172998,0,0,0
371485,0,0,0
302733,0,0,0
239861,0,0,0
143154,0,0,0
321211,0,0,0
77790,0,0,0
144398,0,0,0
121321,0,0,0
331203,0,0,0
282610,0,0,0
343827,0,0,0
238051,0,0,0
162389,0,0,0
354826,0,0,0
235636,0,0,0
372315,0,0,0
20197,0,0,0
348758,0,0,0
238276,0,0,0
21421,0,0,0
27963,0,0,0
150339,0,0,0
373808,0,0,0
272380,0,0,0
179858,0,0,0
33984,0,0,0
186874,0,0,0
203052,0,0,0
364312,0,0,0
97338,0,0,0
54961,0,0,0
219580,0,0,0
88867,0,0,0
365596,0,0,0
131173,0,0,0
311312,0,0,0
143307,0,0,0
117684,0,0,0
377116,0,0,0
290085,0,0,0
147665,0,0,0
296624,0,0,0
78034,0,0,0
237622,0,0,0
46597,0,0,0
301913,0,0,0
249992,0,0,0
147523,0,0,0
138840,0,0,0
387508,0,0,0
44814,0,0,0
375486,0,0,0
200454,0,0,0
116756,0,0,0
362666,0,0,0
70837,0,0,0
243165,0,0,0
305554,0,0,0
192693,0,0,0
175130,0,0,0
193014,0,0,0
337056,0,0,0
203381,0,0,0
336117,0,0,0
64268,0,0,0
221991,0,0,0
410676,0,0,0
331054,0,0,0
36633,0,0,0
354075,0,0,0
301995,0,0,0
330997,0,0,0
165195,0,0,0
261796,0,0,0
345903,0,0,0
383714,0,0,0
41126,0,0,0
270143,0,0,0
136446,0,0,0
137494,0,0,0
119008,0,0,0
94805,0,0,0
392541,0,0,0
170386,0,0,0
113601,0,0,0
311590,0,0,0
101408,0,0,0
388448,0,0,0
325702,0,0,0
101319,0,0,0
390372,0,0,0
302602,0,0,0
16059,0,0,0
97013,0,0,0
37875,0,0,0
294825,0,0,0
260096,0,0,0
385235,0,0,0
388422,0,0,0
179662,0,0,0
331504,0,0,0
156220,0,0,0
407772,0,0,0
99568,0,0,0
205874,0,0,0
139591,0,0,0
347783,0,0,0
159840,0,0,0
147492,0,0,0
124006,0,0,0
79490,0,0,0
155352,0,0,0
348299,0,0,0
71101,0,0,0
30975,0,0,0
402496,0,0,0
66351,0,0,0
396671,0,0,0
301960,0,0,0
144037,0,0,0
298885,0,0,0
109068,0,0,0
144753,0,0,0
4758,0,0,0
255446,0,0,0
121271,0,0,0
78130,0,0,0
338176,0,0,0
13024,0,0,0
4032,0,0,0
82292,0,0,0
78873,0,0,0
273282,0,0,0
136800,0,0,0
94600,0,0,0
378270,0,0,0
60064,0,0,0
310554,0,0,0
352527,0,0,0
203957,0,0,0
45256,0,0,0
54400,0,0,0
162159,0,0,0
41942,0,0,0
7726,0,0,0
93629,0,0,0
137383,0,0,0
390495,0,0,0
5346,0,0,0
46417,0,0,0
311813,0,0,0
309757,0,0,0
16024,0,0,0
195881,0,0,0
20790,0,0,0
273484,0,0,0
111873,0,0,0
224627,0,0,0
125780,0,0,0
163711,0,0,0
318007,0,0,0
27342,0,0,0
62467,0,0,0
344194,0,0,0
88913,0,0,0
135011,0,0,0
128663,0,0,0
27303,0,0,0
297424,0,0,0
100109,0,0,0
400697,0,0,0
393869,0,0,0
37777,0,0,0
33103,0,0,0
199488,0,0,0
315457,0,0,0
16173,0,0,0
43334,0,0,0
310951,0,0,0
77010,0,0,0
250200,0,0,0
288199,0,0,0
128681,0,0,0
80740,0,0,0
370027,0,0,0
207128,0,0,0
94612,0,0,0
341428,0,0,0
213768,0,0,0
299755,0,0,0
200260,0,0,0
387233,0,0,0
340703,0,0,0
66088,0,0,0
183868,0,0,0
225519,0,0,0
263754,0,0,0
350307,0,0,0
373308,0,0,0
392919,0,0,0
187921,0,0,0
50525,0,0,0
214472,0,0,0
186542,0,0,0
251547,0,0,0
189130,0,0,0
205503,0,0,0
232709,0,0,0
360552,0,0,0
120061,0,0,0
209531,0,0,0
138082,0,0,0
366217,0,0,0
27009,0,0,0
75137,0,0,0
225528,0,0,0
194783,0,0,0
58630,0,0,0
188040,0,0,0
282607,0,0,0
385029,0,0,0
329490,0,0,0
377530,0,0,0
303422,0,0,0
343420,0,0,0
356788,0,0,0
402367,0,0,0
267319,0,0,0
132819,0,0,0
130352,0,0,0
192670,0,0,0
7268,0,0,0
260372,0,0,0
353434,0,0,0
175743,0,0,0
396272,0,0,0
251575,0,0,0
380033,0,0,0
370081,0,0,0
3411,0,0,0
237131,0,0,0
227138,0,0,0
117261,0,0,0
206372,0,0,0
9960,0,0,0
302464,0,0,0
349821,0,0,0
390868,0,0,0
32385,0,0,0
340418,0,0,0
187198,0,0,0
98597,0,0,0
60588,0,0,0
2583,0,0,0
154144,0,0,0
37324,0,0,0
243236,0,0,0
50157,0,0,0
327142,0,0,0
109744,0,0,0
231035,0,0,0
14791,0,0,0
183385,0,0,0
395520,0,0,0
89391,0,0,0
372789,0,0,0
119338,0,0,0
12186,0,0,0
310008,0,0,0
378015,0,0,0
46721,0,0,0
232831,0,0,0
346709,0,0,0
324769,0,0,0
373177,0,0,0
149508,0,0,0
225511,0,0,0
199199,0,0,0
219865,0,0,0
145536,0,0,0
337246,0,0,0
131039,0,0,0
309315,0,0,0
337232,0,0,0
401586,0,0,0
5470,0,0,0
46226,0,0,0
30682,0,0,0
281895,0,0,0
356038,0,0,0
337414,0,0,0
362206,0,0,0
61604,0,0,0
163198,0,0,0
321326,0,0,0
36773,0,0,0
345180,0,0,0
28230,0,0,0
191769,0,0,0
170825,0,0,0
206024,0,0,0
272753,0,0,0
164889,0,0,0
238510,0,0,0
175579,0,0,0
401269,0,0,0
6985,0,0,0
311327,0,0,0
250005,0,0,0
411310,0,0,0
382381,0,0,0
302348,0,0,0
223855,0,0,0
388264,0,0,0
316087,0,0,0
299219,0,0,0
320310,0,0,0
348187,0,0,0
55925,0,0,0
324934,0,0,0
135129,0,0,0
28486,0,0,0
81068,0,0,0
167535,0,0,0
77091,0,0,0
116682,0,0,0
145013,0,0,0
287280,0,0,0
319671,0,0,0
227271,0,0,0
367071,0,0,0
10575,0,0,0
323013,0,0,0
364125,0,0,0
311064,0,0,0
387761,0,0,0
115221,0,0,0
49196,0,0,0
50150,0,0,0
46238,0,0,0
391941,0,0,0
410141,0,0,0
379983,0,0,0
216421,0,0,0
389717,0,0,0
80362,0,0,0
106563,0,0,0
148175,0,0,0
229378,0,0,0
171515,0,0,0
379143,0,0,0
372288,0,0,0
267507,0,0,0
228402,0,0,0
225632,0,0,0
221111,0,0,0
105638,0,0,0
177310,0,0,0
6695,0,0,0
71173,0,0,0
180758,0,0,0
278269,0,0,0
63364,0,0,0
194721,0,0,0
287247,0,0,0
299276,0,0,0
118887,0,0,0
411368,0,0,0
345984,0,0,0
182680,0,0,0
393081,0,0,0
129329,0,0,0
355284,0,0,0
230462,0,0,0
169162,0,0,0
55902,0,0,0
319176,0,0,0
333187,0,0,0
243829,0,0,0
222671,0,0,0
169080,0,0,0
217068,0,0,0
228286,0,0,0
289465,0,0,0
234989,0,0,0
288320,0,0,0
206820,0,0,0
233367,0,0,0
311112,0,0,0
143065,0,0,0
276783,0,0,0
171588,0,0,0
81982,0,0,0
318913,0,0,0
349144,0,0,0
151570,0,0,0
45504,0,0,0
151975,0,0,0
393166,0,0,0
92622,0,0,0
236166,0,0,0
213186,0,0,0
241008,0,0,0
195265,0,0,0
147094,0,0,0
270449,0,0,0
21495,0,0,0
79758,0,0,0
187682,0,0,0
150094,0,0,0
40973,0,0,0
188109,0,0,0
138056,0,0,0
286464,0,0,0
388281,0,0,0
37510,0,0,0
351822,0,0,0
144166,0,0,0
106973,0,0,0
95621,0,0,0
25328,0,0,0
83047,0,0,0
29985,0,0,0
306756,0,0,0
137624,0,0,0
252365,0,0,0
39312,0,0,0
281876,0,0,0
380429,0,0,0
200166,0,0,0
40784,0,0,0
352336,0,0,0
166847,0,0,0
362032,0,0,0
167705,0,0,0
132945,0,0,0
119925,0,0,0
190717,0,0,0
134735,0,0,0
215332,0,0,0
303935,0,0,0
17303,0,0,0
99407,0,0,0
295105,0,0,0
126769,0,0,0
237529,0,0,0
132303,0,0,0
170266,0,0,0
372052,0,0,0
402438,0,0,0
77293,0,0,0
292107,0,0,0
47091,0,0,0
194922,0,0,0
1909,0,0,0
101625,0,0,0
74993,0,0,0
277026,0,0,0
36531,0,0,0
264217,0,0,0
100885,0,0,0
70869,0,0,0
265424,0,0,0
87742,0,0,0
132745,0,0,0
143190,0,0,0
95738,0,0,0
93249,0,0,0
247382,0,0,0
11873,0,0,0
219136,0,0,0
14758,0,0,0
135255,0,0,0
349207,0,0,0
191592,0,0,0
4323,0,0,0
328225,0,0,0
149439,0,0,0
365636,0,0,0
57487,0,0,0
280206,0,0,0
178700,0,0,0
46511,0,0,0
98221,0,0,0
188555,0,0,0
402942,0,0,0
169700,0,0,0
258975,0,0,0
45551,0,0,0
8377,0,0,0
319077,0,0,0
111489,0,0,0
355424,0,0,0
410582,0,0,0
274382,0,0,0
241053,0,0,0
95489,0,0,0
370766,0,0,0
43164,0,0,0
179236,0,0,0
396496,0,0,0
118594,0,0,0
250018,0,0,0
65937,0,0,0
223756,0,0,0
88979,0,0,0
300524,0,0,0
3829,0,0,0
254235,0,0,0
99188,0,0,0
191586,0,0,0
56800,0,0,0
385967,0,0,0
118807,0,0,0
409326,0,0,0
231986,0,0,0
64210,0,0,0
55992,0,0,0
364271,0,0,0
229217,0,0,0
214336,0,0,0
314184,0,0,0
78385,0,0,0
297521,0,0,0
385423,0,0,0
314845,0,0,0
318800,0,0,0
410486,0,0,0
245338,0,0,0
207180,0,0,0
23500,0,0,0
307636,0,0,0
162857,0,0,0
205369,0,0,0
276834,0,0,0
227933,0,0,0
24047,0,0,0
195311,0,0,0
283096,0,0,0
231729,0,0,0
251836,0,0,0
122112,0,0,0
160228,0,0,0
2215,0,0,0
197978,0,0,0
32670,0,0,0
191031,0,0,0
176574,0,0,0
27510,0,0,0
84682,0,0,0
166576,0,0,0
39823,0,0,0
88615,0,0,0
84559,0,0,0
162827,0,0,0
190261,0,0,0
254588,0,0,0
344864,0,0,0
309736,0,0,0
16505,0,0,0
378758,0,0,0
332243,0,0,0
43653,0,0,0
124933,0,0,0
24650,0,0,0
295436,0,0,0
341739,0,0,0
394098,0,0,0
160223,0,0,0
120526,0,0,0
314185,0,0,0
303974,0,0,0
202648,0,0,0
224303,0,0,0
189252,0,0,0
409269,0,0,0
228417,0,0,0
166544,0,0,0
167845,0,0,0
235049,0,0,0
117387,0,0,0
15691,0,0,0
410220,0,0,0
26218,0,0,0
159063,0,0,0
6374,0,0,0
287524,0,0,0
305563,0,0,0
203215,0,0,0
205524,0,0,0
112772,0,0,0
142087,0,0,0
208401,0,0,0
212286,0,0,0
208673,0,0,0
260425,0,0,0
100808,0,0,0
152127,0,0,0
189675,0,0,0
338944,0,0,0
273773,0,0,0
302823,0,0,0
265235,0,0,0
61993,0,0,0
55546,0,0,0
270302,0,0,0
120428,0,0,0
63494,0,0,0
193473,0,0,0
278083,0,0,0
330859,0,0,0
245021,0,0,0
29336,0,0,0
213008,0,0,0
9321,0,0,0
237783,0,0,0
221030,0,0,0
321083,0,0,0
155600,0,0,0
292155,0,0,0
5733,0,0,0
62283,0,0,0
368412,0,0,0
382488,0,0,0
78222,0,0,0
171483,0,0,0
156461,0,0,0
327321,0,0,0
13176,0,0,0
158075,0,0,0
80952,0,0,0
374181,0,0,0
239195,0,0,0
127254,0,0,0
176083,0,0,0
396885,0,0,0
32282,0,0,0
271849,0,0,0
14612,0,0,0
75445,0,0,0
380707,0,0,0
73478,0,0,0
315403,0,0,0
381034,0,0,0
346575,0,0,0
386678,0,0,0
73624,0,0,0
137679,0,0,0
60549,0,0,0
66310,0,0,0
22324,0,0,0
401263,0,0,0
989,0,0,0
51038,0,0,0
32983,0,0,0
114624,0,0,0
81140,0,0,0
13857,0,0,0
101329,0,0,0
316529,0,0,0
390708,0,0,0
248068,0,0,0
70073,0,0,0
248979,0,0,0
110530,0,0,0
25293,0,0,0
150976,0,0,0
375229,0,0,0
20902,0,0,0
83675,0,0,0
406581,0,0,0
322964,0,0,0
234243,0,0,0
111392,0,0,0
405121,0,0,0
403269,0,0,0
316064,0,0,0
285755,0,0,0
41789,0,0,0
181663,0,0,0
135196,0,0,0
381134,0,0,0
37858,0,0,0
63173,0,0,0
60728,0,0,0
254767,0,0,0
374926,0,0,0
266018,0,0,0
307030,0,0,0
66363,0,0,0
44765,0,0,0
56077,0,0,0
156793,0,0,0
263670,0,0,0
244286,0,0,0
41575,0,0,0
52442,0,0,0
254086,0,0,0
164569,0,0,0
41243,0,0,0
325259,0,0,0
201322,0,0,0
189350,0,0,0
406832,0,0,0
185458,0,0,0
136855,0,0,0
298837,0,0,0
403143,0,0,0
98499,0,0,0
282302,0,0,0
253655,0,0,0
2075,0,0,0
214407,0,0,0
99135,0,0,0
377019,0,0,0
286430,0,0,0
71449,0,0,0
92239,0,0,0
184367,0,0,0
239689,0,0,0
33666,0,0,0
145823,0,0,0
326575,0,0,0
156929,0,0,0
212872,0,0,0
15189,0,0,0
40361,0,0,0
269092,0,0,0
107688,0,0,0
357227,0,0,0
97386,0,0,0
80842,0,0,0
409058,0,0,0
94192,0,0,0
121208,0,0,0
101388,0,0,0
570,0,0,0
239588,0,0,0
179984,0,0,0
328589,0,0,0
83883,0,0,0
358740,0,0,0
218991,0,0,0
318923,0,0,0
63503,0,0,0
118452,0,0,0
189858,0,0,0
337843,0,0,0
384097,0,0,0
186845,0,0,0
118800,0,0,0
214427,0,0,0
11070,0,0,0
138620,0,0,0
53891,0,0,0
310409,0,0,0
150402,0,0,0
167634,0,0,0
54954,0,0,0
72213,0,0,0
154756,0,0,0
113716,0,0,0
396507,0,0,0
84454,0,0,0
47755,0,0,0
98872,0,0,0
341728,0,0,0
239399,0,0,0
50427,0,0,0
400156,0,0,0
64428,0,0,0
277880,0,0,0
153360,0,0,0
113092,0,0,0
66953,0,0,0
52471,0,0,0
171703,0,0,0
139536,0,0,0
189623,0,0,0
221009,0,0,0
279732,0,0,0
308950,0,0,0
276100,0,0,0
101286,0,0,0
110295,0,0,0
44706,0,0,0
381881,0,0,0
232136,0,0,0
339783,0,0,0
216595,0,0,0
71263,0,0,0
33595,0,0,0
362063,0,0,0
282562,0,0,0
229143,0,0,0
330088,0,0,0
260112,0,0,0
313099,0,0,0
404375,0,0,0
169527,0,0,0
134066,0,0,0
256202,0,0,0
371106,0,0,0
42432,0,0,0
162442,0,0,0
78841,0,0,0
248067,0,0,0
36646,0,0,0
194989,0,0,0
274029,0,0,0
76868,0,0,0
216604,0,0,0
363639,0,0,0
26399,0,0,0
339672,0,0,0
76182,0,0,0
55682,0,0,0
273973,0,0,0
214533,0,0,0
7283,0,0,0
318436,0,0,0
169448,0,0,0
384015,0,0,0
271997,0,0,0
133320,0,0,0
247353,0,0,0
195022,0,0,0
335798,0,0,0
6562,0,0,0
129261,0,0,0
184738,0,0,0
349456,0,0,0
296831,0,0,0
254965,0,0,0
320933,0,0,0
795,0,0,0
64139,0,0,0
389504,0,0,0
295556,0,0,0
6100,0,0,0
4225,0,0,0
214949,0,0,0
225171,0,0,0
391054,0,0,0
215200,0,0,0
189930,0,0,0
222712,0,0,0
512,0,0,0
342605,0,0,0
120947,0,0,0
184139,0,0,0
86679,0,0,0
309251,0,0,0
7380,0,0,0
346505,0,0,0
35467,0,0,0
279781,0,0,0
74122,0,0,0
285248,0,0,0
391459,0,0,0
33259,0,0,0
166458,0,0,0
101774,0,0,0
266925,0,0,0
235134,0,0,0
43363,0,0,0
95216,0,0,0
334055,0,0,0
232692,0,0,0
276682,0,0,0
49773,0,0,0
233933,0,0,0
323574,0,0,0
68585,0,0,0
31380,0,0,0
396335,0,0,0
255624,0,0,0
324421,0,0,0
273784,0,0,0
16310,0,0,0
353487,0,0,0
394826,0,0,0
172965,0,0,0
13348,0,0,0
376651,0,0,0
291784,0,0,0
309023,0,0,0
377342,0,0,0
305796,0,0,0
312165,0,0,0
258459,0,0,0
181542,0,0,0
253784,0,0,0
64622,0,0,0
208964,0,0,0
104225,0,0,0
268537,0,0,0
78413,0,0,0
366768,0,0,0
210731,0,0,0
336263,0,0,0
24870,0,0,0
174080,0,0,0
373405,0,0,0
123555,0,0,0
342550,0,0,0
33641,0,0,0
150538,0,0,0
267794,0,0,0
122016,0,0,0
384371,0,0,0
289987,0,0,0
338197,0,0,0
178013,0,0,0
303170,0,0,0
249258,0,0,0
363010,0,0,0
264651,0,0,0
241952,0,0,0
347628,0,0,0
149317,0,0,0
253804,0,0,0
295127,0,0,0
147671,0,0,0
254652,0,0,0
17233,0,0,0
125185,0,0,0
67854,0,0,0
363054,0,0,0
80871,0,0,0
117535,0,0,0
342401,0,0,0
278452,0,0,0
244639,0,0,0
250728,0,0,0
84869,0,0,0
105074,0,0,0
3885,0,0,0
3678,0,0,0
398814,0,0,0
345506,0,0,0
45234,0,0,0
19092,0,0,0
115289,0,0,0
257999,0,0,0
92125,0,0,0
47979,0,0,0
211789,0,0,0
138048,0,0,0
371619,0,0,0
60671,0,0,0
114249,0,0,0
137278,0,0,0
299787,0,0,0
410560,0,0,0
145037,0,0,0
309582,0,0,0
40396,0,0,0
102952,0,0,0
149828,0,0,0
61377,0,0,0
149025,0,0,0
148693,0,0,0
63300,0,0,0
228822,0,0,0
256952,0,0,0
243380,0,0,0
241024,0,0,0
338477,0,0,0
391019,0,0,0
349717,0,0,0
262473,0,0,0
164620,0,0,0
231965,0,0,0
112444,0,0,0
153364,0,0,0
271060,0,0,0
325734,0,0,0
30041,0,0,0
59665,0,0,0
210614,0,0,0
163453,0,0,0
192913,0,0,0
334933,0,0,0
20858,0,0,0
284686,0,0,0
243371,0,0,0
305360,0,0,0
172219,0,0,0
158232,0,0,0
122304,0,0,0
174535,0,0,0
99983,0,0,0
324480,0,0,0
16657,0,0,0
238741,0,0,0
182555,0,0,0
339960,0,0,0
211786,0,0,0
352163,0,0,0
73579,0,0,0
252860,0,0,0
316422,0,0,0
397244,0,0,0
81817,0,0,0
230616,0,0,0
223520,0,0,0
20590,0,0,0
226251,0,0,0
76791,0,0,0
345667,0,0,0
226617,0,0,0
282968,0,0,0
125167,0,0,0
213458,0,0,0
107472,0,0,0
257328,0,0,0
245965,0,0,0
71115,0,0,0
148783,0,0,0
212203,0,0,0
234731,0,0,0
138102,0,0,0
167740,0,0,0
329518,0,0,0
192312,0,0,0
32649,0,0,0
178837,0,0,0
370444,0,0,0
31979,0,0,0
163441,0,0,0
256443,0,0,0
210773,0,0,0
217196,0,0,0
282090,0,0,0
352549,0,0,0
225806,0,0,0
236605,0,0,0
231163,0,0,0
259562,0,0,0
135495,0,0,0
146351,0,0,0
134210,0,0,0
278001,0,0,0
403880,0,0,0
369494,0,0,0
224599,0,0,0
398656,0,0,0
90023,0,0,0
194057,0,0,0
229777,0,0,0
30555,0,0,0
389042,0,0,0
167259,0,0,0
270022,0,0,0
157031,0,0,0
255197,0,0,0
291397,0,0,0
270287,0,0,0
387647,0,0,0
140172,0,0,0
241646,0,0,0
319652,0,0,0
209997,0,0,0
202081,0,0,0
370154,0,0,0
42437,0,0,0
20923,0,0,0
301799,0,0,0
267512,0,0,0
193428,0,0,0
394941,0,0,0
100061,0,0,0
136145,0,0,0
325181,0,0,0
337868,0,0,0
145668,0,0,0
245496,0,0,0
266806,0,0,0
157832,0,0,0
272388,0,0,0
46348,0,0,0
217752,0,0,0
93939,0,0,0
27316,0,0,0
197480,0,0,0
201856,0,0,0
66177,0,0,0
181184,0,0,0
344978,0,0,0
310364,0,0,0
75962,0,0,0
211212,0,0,0
340731,0,0,0
163233,0,0,0
358578,0,0,0
104819,0,0,0
262210,0,0,0
224787,0,0,0
76346,0,0,0
221366,0,0,0
249039,0,0,0
72055,0,0,0
269131,0,0,0
241086,0,0,0
106189,0,0,0
170917,0,0,0
337182,0,0,0
145495,0,0,0
328262,0,0,0
404232,0,0,0
43026,0,0,0
408192,0,0,0
349555,0,0,0
1145,0,0,0
266663,0,0,0
385876,0,0,0
141824,0,0,0
243967,0,0,0
146209,0,0,0
129689,0,0,0
155836,0,0,0
41616,0,0,0
39067,0,0,0
137126,0,0,0
121566,0,0,0
162465,0,0,0
394706,0,0,0
143483,0,0,0
58717,0,0,0
165674,0,0,0
351214,0,0,0
312377,0,0,0
4933,0,0,0
147498,0,0,0
176848,0,0,0
20748,0,0,0
225586,0,0,0
252008,0,0,0
70931,0,0,0
67915,0,0,0
181535,0,0,0
123591,0,0,0
77205,0,0,0
41627,0,0,0
191517,0,0,0
162508,0,0,0
79773,0,0,0
411259,0,0,0
407827,0,0,0
157599,0,0,0
122607,0,0,0
215234,0,0,0
229804,0,0,0
45171,0,0,0
53251,0,0,0
113246,0,0,0
170516,0,0,0
81950,0,0,0
316642,0,0,0
284534,0,0,0
40540,0,0,0
180209,0,0,0
245220,0,0,0
14979,0,0,0
72893,0,0,0
375236,0,0,0
364689,0,0,0
109205,0,0,0
350819,0,0,0
291806,0,0,0
116975,0,0,0
194809,0,0,0
178601,0,0,0
348451,0,0,0
73234,0,0,0
270991,0,0,0
250513,0,0,0
107040,0,0,0
410607,0,0,0
338581,0,0,0
172105,0,0,0
159131,0,0,0
279494,0,0,0
383248,0,0,0
354729,0,0,0
372468,0,0,0
95873,0,0,0
102755,0,0,0
401306,0,0,0
198777,0,0,0
90152,0,0,0
161169,0,0,0
55391,0,0,0
124240,0,0,0
80255,0,0,0
316189,0,0,0
119310,0,0,0
149853,0,0,0
81025,0,0,0
335653,0,0,0
202758,0,0,0
210776,0,0,0
320240,0,0,0
188741,0,0,0
271339,0,0,0
80676,0,0,0
84074,0,0,0
398629,0,0,0
65305,0,0,0
217037,0,0,0
268663,0,0,0
208691,0,0,0
36462,0,0,0
75867,0,0,0
316848,0,0,0
349684,0,0,0
382291,0,0,0
116810,0,0,0
346894,0,0,0
226103,0,0,0
20664,0,0,0
267597,0,0,0
329823,0,0,0
4872,0,0,0
193137,0,0,0
85043,0,0,0
259931,0,0,0
291417,0,0,0
154483,0,0,0
11554,0,0,0
197831,0,0,0
66860,0,0,0
276456,0,0,0
376926,0,0,0
386898,0,0,0
362945,0,0,0
398176,0,0,0
183632,0,0,0
168289,0,0,0
73999,0,0,0
214197,0,0,0
237337,0,0,0
317128,0,0,0
343520,0,0,0
47419,0,0,0
251986,0,0,0
318784,0,0,0
365904,0,0,0
31862,0,0,0
40303,0,0,0
49743,0,0,0
266600,0,0,0
272331,0,0,0
311431,0,0,0
91247,0,0,0
370685,0,0,0
87747,0,0,0
265889,0,0,0
14229,0,0,0
84031,0,0,0
397277,0,0,0
112031,0,0,0
61352,0,0,0
362258,0,0,0
114157,0,0,0
128,0,0,0
99172,0,0,0
351598,0,0,0
242509,0,0,0
130876,0,0,0
216222,0,0,0
306565,0,0,0
85701,0,0,0
120196,0,0,0
339388,0,0,0
196453,0,0,0
379476,0,0,0
176403,0,0,0
401590,0,0,0
122857,0,0,0
409996,0,0,0
382778,0,0,0
3563,0,0,0
260392,0,0,0
406929,0,0,0
67305,0,0,0
355980,0,0,0
148593,0,0,0
81800,0,0,0
11061,0,0,0
245040,0,0,0
97094,0,0,0
9350,0,0,0
116684,0,0,0
72264,0,0,0
151727,0,0,0
304254,0,0,0
69797,0,0,0
249791,0,0,0
160356,0,0,0
402739,0,0,0
167068,0,0,0
115523,0,0,0
60082,0,0,0
176207,0,0,0
406842,0,0,0
329325,0,0,0
191656,0,0,0
125418,0,0,0
265193,0,0,0
205615,0,0,0
256468,0,0,0
400660,0,0,0
403643,0,0,0
191573,0,0,0
270647,0,0,0
75638,0,0,0
295803,0,0,0
122962,0,0,0
81126,0,0,0
103229,0,0,0
156634,0,0,0
235834,0,0,0
243318,0,0,0
96272,0,0,0
81425,0,0,0
307483,0,0,0
350128,0,0,0
155381,0,0,0
186697,0,0,0
150501,0,0,0
205797,0,0,0
167542,0,0,0
222052,0,0,0
295517,0,0,0
143655,0,0,0
132054,0,0,0
352192,0,0,0
114109,0,0,0
51720,0,0,0
229065,0,0,0
298816,0,0,0
349067,0,0,0
310332,0,0,0
305933,0,0,0
272034,0,0,0
187315,0,0,0
7470,0,0,0
361373,0,0,0
349628,0,0,0
250878,0,0,0
198254,0,0,0
327075,0,0,0
271255,0,0,0
307920,0,0,0
93615,0,0,0
24930,0,0,0
356931,0,0,0
77947,0,0,0
318586,0,0,0
42767,0,0,0
242837,0,0,0
308978,0,0,0
22848,0,0,0
330264,0,0,0
126403,0,0,0
39466,0,0,0
217482,0,0,0
349208,0,0,0
388099,0,0,0
410251,0,0,0
299613,0,0,0
179142,0,0,0
158792,0,0,0
343095,0,0,0
162958,0,0,0
81948,0,0,0
166577,0,0,0
395894,0,0,0
410426,0,0,0
254951,0,0,0
67894,0,0,0
327966,0,0,0
92587,0,0,0
320896,0,0,0
194390,0,0,0
115209,0,0,0
108259,0,0,0
326908,0,0,0
104518,0,0,0
21991,0,0,0
178399,0,0,0
140766,0,0,0
77922,0,0,0
40664,0,0,0
396129,0,0,0
215209,0,0,0
55959,0,0,0
256943,0,0,0
183147,0,0,0
350298,0,0,0
230002,0,0,0
262971,0,0,0
372452,0,0,0
112683,0,0,0
287946,0,0,0
1036,0,0,0
203456,0,0,0
138933,0,0,0
330574,0,0,0
389550,0,0,0
284767,0,0,0
184001,0,0,0
217064,0,0,0
295988,0,0,0
135878,0,0,0
282539,0,0,0
92357,0,0,0
106161,0,0,0
371354,0,0,0
364326,0,0,0
197442,0,0,0
341207,0,0,0
281709,0,0,0
289542,0,0,0
275686,0,0,0
320729,0,0,0
40706,0,0,0
345362,0,0,0
23770,0,0,0
397827,0,0,0
210511,0,0,0
52240,0,0,0
407320,0,0,0
210379,0,0,0
130484,0,0,0
402858,0,0,0
267005,0,0,0
258949,0,0,0
142456,0,0,0
196334,0,0,0
338082,0,0,0
82994,0,0,0
203815,0,0,0
147201,0,0,0
130884,0,0,0
194666,0,0,0
179296,0,0,0
354936,0,0,0
272824,0,0,0
111857,0,0,0
133716,0,0,0
340694,0,0,0
177251,0,0,0
391443,0,0,0
283582,0,0,0
7751,0,0,0
103480,0,0,0
74227,0,0,0
255202,0,0,0
188739,0,0,0
149663,0,0,0
144080,0,0,0
362536,0,0,0
223024,0,0,0
15540,0,0,0
270202,0,0,0
14827,0,0,0
315823,0,0,0
52061,0,0,0
48121,0,0,0
202803,0,0,0
120129,0,0,0
319239,0,0,0
335075,0,0,0
267837,0,0,0
125176,0,0,0
346617,0,0,0
225636,0,0,0
183477,0,0,0
337155,0,0,0
250103,0,0,0
136928,0,0,0
348927,0,0,0
156840,0,0,0
250214,0,0,0
60775,0,0,0
150272,0,0,0
83239,0,0,0
229863,0,0,0
251895,0,0,0
221257,0,0,0
9997,0,0,0
317866,0,0,0
203121,0,0,0
75798,0,0,0
231983,0,0,0
213842,0,0,0
76085,0,0,0
335631,0,0,0
96773,0,0,0
359669,0,0,0
365324,0,0,0
217203,0,0,0
408228,0,0,0
167846,0,0,0
252088,0,0,0
348815,0,0,0
230665,0,0,0
296836,0,0,0
12550,0,0,0
118586,0,0,0
328938,0,0,0
277967,0,0,0
98772,0,0,0
163738,0,0,0
348021,0,0,0
261942,0,0,0
299496,0,0,0
315086,0,0,0
81753,0,0,0
46599,0,0,0
102810,0,0,0
396995,0,0,0
139961,0,0,0
137641,0,0,0
296595,0,0,0
19230,0,0,0
330434,0,0,0
17004,0,0,0
323441,0,0,0
59935,0,0,0
5590,0,0,0
76729,0,0,0
354257,0,0,0
70607,0,0,0
304336,0,0,0
103224,0,0,0
408520,0,0,0
317195,0,0,0
309783,0,0,0
12865,0,0,0
370267,0,0,0
66224,0,0,0
120487,0,0,0
366668,0,0,0
205731,0,0,0
87655,0,0,0
153631,0,0,0
204846,0,0,0
366743,0,0,0
157479,0,0,0
93231,0,0,0
252707,0,0,0
212621,0,0,0
334206,0,0,0
235755,0,0,0
387828,0,0,0
212490,0,0,0
375521,0,0,0
363276,0,0,0
124962,0,0,0
303457,0,0,0
187657,0,0,0
307852,0,0,0
248789,0,0,0
354813,0,0,0
378033,0,0,0
364792,0,0,0
204998,0,0,0
6619,0,0,0
347691,0,0,0
75174,0,0,0
143077,0,0,0
306176,0,0,0
122937,0,0,0
395832,0,0,0
26551,0,0,0
364635,0,0,0
15876,0,0,0
126510,0,0,0
395650,0,0,0
260133,0,0,0
173285,0,0,0
316965,0,0,0
149175,0,0,0
218265,0,0,0
40299,0,0,0
401435,0,0,0
243476,0,0,0
44314,0,0,0
327998,0,0,0
387487,0,0,0
296404,0,0,0
89182,0,0,0
116823,0,0,0
300311,0,0,0
408789,0,0,0
189115,0,0,0
285914,0,0,0
233097,0,0,0
148457,0,0,0
384073,0,0,0
186978,0,0,0
380455,0,0,0
380191,0,0,0
39634,0,0,0
271905,0,0,0
380037,0,0,0
366912,0,0,0
230262,0,0,0
373123,0,0,0
277259,0,0,0
318307,0,0,0
277770,0,0,0
120951,0,0,0
349326,0,0,0
48178,0,0,0
103591,0,0,0
95868,0,0,0
114150,0,0,0
150003,0,0,0
385651,0,0,0
59685,0,0,0
353285,0,0,0
203107,0,0,0
160240,0,0,0
266601,0,0,0
394016,0,0,0
119956,0,0,0
129943,0,0,0
173908,0,0,0
250744,0,0,0
210883,0,0,0
353303,0,0,0
350416,0,0,0
370341,0,0,0
18835,0,0,0
391405,0,0,0
165333,0,0,0
264141,0,0,0
228604,0,0,0
394099,0,0,0
157785,0,0,0
334437,0,0,0
137663,0,0,0
395718,0,0,0
323035,0,0,0
89965,0,0,0
362251,0,0,0
195341,0,0,0
355983,0,0,0
359777,0,0,0
246813,0,0,0
140215,0,0,0
359837,0,0,0
259732,0,0,0
276127,0,0,0
12858,0,0,0
401570,0,0,0
209246,0,0,0
28390,0,0,0
360007,0,0,0
348203,0,0,0
105511,0,0,0
199360,0,0,0
9401,0,0,0
398422,0,0,0
27540,0,0,0
81844,0,0,0
187185,0,0,0
105707,0,0,0
353255,0,0,0
185825,0,0,0
228943,0,0,0
78402,0,0,0
69205,0,0,0
5658,0,0,0
113761,0,0,0
124453,0,0,0
73798,0,0,0
255126,0,0,0
66061,0,0,0
205289,0,0,0
368310,0,0,0
242572,0,0,0
198996,0,0,0
11918,0,0,0
317320,0,0,0
371863,0,0,0
105375,0,0,0
254327,0,0,0
330061,0,0,0
54262,0,0,0
373062,0,0,0
263661,0,0,0
146083,0,0,0
103289,0,0,0
362821,0,0,0
116778,0,0,0
383578,0,0,0
276741,0,0,0
370428,0,0,0
374988,0,0,0
176955,0,0,0
216047,0,0,0
315831,0,0,0
336169,0,0,0
85264,0,0,0
149006,0,0,0
122340,0,0,0
349413,0,0,0
337692,0,0,0
277462,0,0,0
85132,0,0,0
108026,0,0,0
262741,0,0,0
57482,0,0,0
397625,0,0,0
186548,0,0,0
284822,0,0,0
345850,0,0,0
144751,0,0,0
115256,0,0,0
262392,0,0,0
325611,0,0,0
39392,0,0,0
69129,0,0,0
261545,0,0,0
212957,0,0,0
243864,0,0,0
275552,0,0,0
9597,0,0,0
224763,0,0,0
310550,0,0,0
296647,0,0,0
272492,0,0,0
201617,0,0,0
101443,0,0,0
245066,0,0,0
226124,0,0,0
393967,0,0,0
180449,0,0,0
47061,0,0,0
169782,0,0,0
87238,0,0,0
103380,0,0,0
149177,0,0,0
384517,0,0,0
323500,0,0,0
63126,0,0,0
294440,0,0,0
27669,0,0,0
179342,0,0,0
315153,0,0,0
14752,0,0,0
103263,0,0,0
263649,0,0,0
182471,0,0,0
199217,0,0,0
297664,0,0,0
357130,0,0,0
360595,0,0,0
222554,0,0,0
103211,0,0,0
53978,0,0,0
51997,0,0,0
149900,0,0,0
150809,0,0,0
404193,0,0,0
163418,0,0,0
68088,0,0,0
319570,0,0,0
95287,0,0,0
132264,0,0,0
53100,0,0,0
114210,0,0,0
169399,0,0,0
261788,0,0,0
131639,0,0,0
355954,0,0,0
93489,0,0,0
142130,0,0,0
139800,0,0,0
186432,0,0,0
191115,0,0,0
71868,0,0,0
166596,0,0,0
305188,0,0,0
230231,0,0,0
26398,0,0,0
392237,0,0,0
257130,0,0,0
57473,0,0,0
196704,0,0,0
163974,0,0,0
300619,0,0,0
324276,0,0,0
293177,0,0,0
192127,0,0,0
242678,0,0,0
28074,0,0,0
268268,0,0,0
114428,0,0,0
342622,0,0,0
72808,0,0,0
170532,0,0,0
153420,0,0,0
88508,0,0,0
359389,0,0,0
65831,0,0,0
338258,0,0,0
28293,0,0,0
178213,0,0,0
344543,0,0,0
171661,0,0,0
14956,0,0,0
26583,0,0,0
232183,0,0,0
350445,0,0,0
408855,0,0,0
388990,0,0,0
357984,0,0,0
224700,0,0,0
322225,0,0,0
216412,0,0,0
301713,0,0,0
266768,0,0,0
123062,0,0,0
82450,0,0,0
249584,0,0,0
267489,0,0,0
197409,0,0,0
96983,0,0,0
201692,0,0,0
179961,0,0,0
394681,0,0,0
353923,0,0,0
132632,0,0,0
101093,0,0,0
174514,0,0,0
358431,0,0,0
393958,0,0,0
279185,0,0,0
40233,0,0,0
244310,0,0,0
127100,0,0,0
103015,0,0,0
401139,0,0,0
274402,0,0,0
371051,0,0,0
311180,0,0,0
282360,0,0,0
31951,0,0,0
104572,0,0,0
39140,0,0,0
266182,0,0,0
381912,0,0,0
274321,0,0,0
354263,0,0,0
400849,0,0,0
374407,0,0,0
326430,0,0,0
198101,0,0,0
66524,0,0,0
125114,0,0,0
121752,0,0,0
140062,0,0,0
4797,0,0,0
345576,0,0,0
192239,0,0,0
80113,0,0,0
162743,0,0,0
172183,0,0,0
339271,0,0,0
201813,0,0,0
222777,0,0,0
346685,0,0,0
357431,0,0,0
374007,0,0,0
32254,0,0,0
314160,0,0,0
22142,0,0,0
218014,0,0,0
301232,0,0,0
211758,0,0,0
282613,0,0,0
14363,0,0,0
168447,0,0,0
6450,0,0,0
348611,0,0,0
78923,0,0,0
196681,0,0,0
273538,0,0,0
190567,0,0,0
363426,0,0,0
48660,0,0,0
95390,0,0,0
13023,0,0,0
176241,0,0,0
77063,0,0,0
135660,0,0,0
328663,0,0,0
37481,0,0,0
4056,0,0,0
24787,0,0,0
358934,0,0,0
65962,0,0,0
177389,0,0,0
345585,0,0,0
117035,0,0,0
240384,0,0,0
256909,0,0,0
105845,0,0,0
213358,0,0,0
364611,0,0,0
243437,0,0,0
303654,0,0,0
6164,0,0,0
353793,0,0,0
146606,0,0,0
173266,0,0,0
259316,0,0,0
238646,0,0,0
386230,0,0,0
384510,0,0,0
261723,0,0,0
240487,0,0,0
81086,0,0,0
303299,0,0,0
251754,0,0,0
280237,0,0,0
312755,0,0,0
45947,0,0,0
1040,0,0,0
143381,0,0,0
111765,0,0,0
372768,0,0,0
396741,0,0,0
395086,0,0,0
43837,0,0,0
288131,0,0,0
108261,0,0,0
23602,0,0,0
301972,0,0,0
43633,0,0,0
189052,0,0,0
214649,0,0,0
237678,0,0,0
359951,0,0,0
39924,0,0,0
148310,0,0,0
34301,0,0,0
10169,0,0,0
58482,0,0,0
266221,0,0,0
100207,0,0,0
66645,0,0,0
365303,0,0,0
9019,0,0,0
13290,0,0,0
113514,0,0,0
245172,0,0,0
108496,0,0,0
22393,0,0,0
142730,0,0,0
168105,0,0,0
122032,0,0,0
190088,0,0,0
83850,0,0,0
407355,0,0,0
105867,0,0,0
148149,0,0,0
180374,0,0,0
60090,0,0,0
256852,0,0,0
114709,0,0,0
373168,0,0,0
284089,0,0,0
300167,0,0,0
59846,0,0,0
170905,0,0,0
77881,0,0,0
305815,0,0,0
261768,0,0,0
23204,0,0,0
55069,0,0,0
323556,0,0,0
372998,0,0,0
243218,0,0,0
333830,0,0,0
285937,0,0,0
310391,0,0,0
26032,0,0,0
205178,0,0,0
260587,0,0,0
180252,0,0,0
351810,0,0,0
340455,0,0,0
2074,0,0,0
356910,0,0,0
26328,0,0,0
376652,0,0,0
81968,0,0,0
234641,0,0,0
155748,0,0,0
31574,0,0,0
253164,0,0,0
183469,0,0,0
347775,0,0,0
195846,0,0,0
279955,0,0,0
275997,0,0,0
104681,0,0,0
219512,0,0,0
374311,0,0,0
321805,0,0,0
17851,0,0,0
242802,0,0,0
233948,0,0,0
380235,0,0,0
330812,0,0,0
256470,0,0,0
169026,0,0,0
102356,0,0,0
122165,0,0,0
173609,0,0,0
214829,0,0,0
203618,0,0,0
301027,0,0,0
173890,0,0,0
250820,0,0,0
184555,0,0,0
181551,0,0,0
24009,0,0,0
392186,0,0,0
201250,0,0,0
219582,0,0,0
133557,0,0,0
93743,0,0,0
36231,0,0,0
141864,0,0,0
142997,0,0,0
40169,0,0,0
147917,0,0,0
115339,0,0,0
214874,0,0,0
298363,0,0,0
336109,0,0,0
299149,0,0,0
360844,0,0,0
152675,0,0,0
152552,0,0,0
40582,0,0,0
330887,0,0,0
307147,0,0,0
85313,0,0,0
132505,0,0,0
94958,0,0,0
352985,0,0,0
180062,0,0,0
122824,0,0,0
140664,0,0,0
33894,0,0,0
232708,0,0,0
386330,0,0,0
40338,0,0,0
155057,0,0,0
244460,0,0,0
358242,0,0,0
155019,0,0,0
64211,0,0,0
11735,0,0,0
104927,0,0,0
191971,0,0,0
287330,0,0,0
383993,0,0,0
117238,0,0,0
291302,0,0,0
253871,0,0,0
246105,0,0,0
188508,0,0,0
66458,0,0,0
409322,0,0,0
314709,0,0,0
73086,0,0,0
48682,0,0,0
361545,0,0,0
121961,0,0,0
230426,0,0,0
126995,0,0,0
200126,0,0,0
317018,0,0,0
172532,0,0,0
204436,0,0,0
401418,0,0,0
312036,0,0,0
404760,0,0,0
370042,0,0,0
77827,0,0,0
351448,0,0,0
232110,0,0,0
231532,0,0,0
17353,0,0,0
357234,0,0,0
126946,0,0,0
90858,0,0,0
184735,0,0,0
236904,0,0,0
187789,0,0,0
97868,0,0,0
238327,0,0,0
139884,0,0,0
135337,0,0,0
382161,0,0,0
53747,0,0,0
7204,0,0,0
106933,0,0,0
233607,0,0,0
353574,0,0,0
72988,0,0,0
58680,0,0,0
248796,0,0,0
74194,0,0,0
371217,0,0,0
238109,0,0,0
314866,0,0,0
372843,0,0,0
63734,0,0,0
359728,0,0,0
222327,0,0,0
138374,0,0,0
235669,0,0,0
49414,0,0,0
1062,0,0,0
195345,0,0,0
5705,0,0,0
323434,0,0,0
158841,0,0,0
246198,0,0,0
57217,0,0,0
147610,0,0,0
295834,0,0,0
140710,0,0,0
119155,0,0,0
377213,0,0,0
375334,0,0,0
306068,0,0,0
42448,0,0,0
221598,0,0,0
258317,0,0,0
211462,0,0,0
148068,0,0,0
208818,0,0,0
262538,0,0,0
295255,0,0,0
291129,0,0,0
263828,0,0,0
44455,0,0,0
39692,0,0,0
325989,0,0,0
403153,0,0,0
347598,0,0,0
231591,0,0,0
251411,0,0,0
334896,0,0,0
140288,0,0,0
66908,0,0,0
186538,0,0,0
139494,0,0,0
69050,0,0,0
234101,0,0,0
400417,0,0,0
43413,0,0,0
14279,0,0,0
246631,0,0,0
383128,0,0,0
66736,0,0,0
144612,0,0,0
92700,0,0,0
262532,0,0,0
40265,0,0,0
139940,0,0,0
31988,0,0,0
250250,0,0,0
176006,0,0,0
178481,0,0,0
235272,0,0,0
225533,0,0,0
369218,0,0,0
32221,0,0,0
114226,0,0,0
385598,0,0,0
58990,0,0,0
206379,0,0,0
289297,0,0,0
59353,0,0,0
405760,0,0,0
93091,0,0,0
401218,0,0,0
49999,0,0,0
257731,0,0,0
343425,0,0,0
157082,0,0,0
48323,0,0,0
288683,0,0,0
322374,0,0,0
56538,0,0,0
31933,0,0,0
129656,0,0,0
117275,0,0,0
408048,0,0,0
168098,0,0,0
199576,0,0,0
87275,0,0,0
109154,0,0,0
49069,0,0,0
7768,0,0,0
309370,0,0,0
184920,0,0,0
160347,0,0,0
331508,0,0,0
150326,0,0,0
12425,0,0,0
37565,0,0,0
197104,0,0,0
210374,0,0,0
294652,0,0,0
114497,0,0,0
210260,0,0,0
322414,0,0,0
394112,0,0,0
287813,0,0,0
160808,0,0,0
164171,0,0,0
129530,0,0,0
258665,0,0,0
169036,0,0,0
15489,0,0,0
326321,0,0,0
141611,0,0,0
318037,0,0,0
193094,0,0,0
234194,0,0,0
174995,0,0,0
1409,0,0,0
374415,0,0,0
126981,0,0,0
33912,0,0,0
254766,0,0,0
113279,0,0,0
109530,0,0,0
341013,0,0,0
217290,0,0,0
20150,0,0,0
156344,0,0,0
221881,0,0,0
208978,0,0,0
31362,0,0,0
36766,0,0,0
108161,0,0,0
127817,0,0,0
299783,0,0,0
346483,0,0,0
379678,0,0,0
181262,0,0,0
156303,0,0,0
289823,0,0,0
141856,0,0,0
98137,0,0,0
268356,0,0,0
394904,0,0,0
152806,0,0,0
265748,0,0,0
176702,0,0,0
6578,0,0,0
121467,0,0,0
202988,0,0,0
273711,0,0,0
237126,0,0,0
181036,0,0,0
123281,0,0,0
306486,0,0,0
105301,0,0,0
146131,0,0,0
254975,0,0,0
278068,0,0,0
66245,0,0,0
208854,0,0,0
7791,0,0,0
73769,0,0,0
392018,0,0,0
176126,0,0,0
154329,0,0,0
297096,0,0,0
226551,0,0,0
107406,0,0,0
331720,0,0,0
180271,0,0,0
295178,0,0,0
326728,0,0,0
81072,0,0,0
35130,0,0,0
336914,0,0,0
288815,0,0,0
331513,0,0,0
69456,0,0,0
145180,0,0,0
185610,0,0,0
141516,0,0,0
213049,0,0,0
134190,0,0,0
292222,0,0,0
84732,0,0,0
273595,0,0,0
231495,0,0,0
208340,0,0,0
139425,0,0,0
248038,0,0,0
353701,0,0,0
273492,0,0,0
192797,0,0,0
219787,0,0,0
313208,0,0,0
405332,0,0,0
313908,0,0,0
79826,0,0,0
196552,0,0,0
204989,0,0,0
10118,0,0,0
107712,0,0,0
2783,0,0,0
262870,0,0,0
153582,0,0,0
232640,0,0,0
375307,0,0,0
204588,0,0,0
225178,0,0,0
178789,0,0,0
293421,0,0,0
85542,0,0,0
338922,0,0,0
335790,0,0,0
197610,0,0,0
180771,0,0,0
199827,0,0,0
228393,0,0,0
174453,0,0,0
162605,0,0,0
263582,0,0,0
329441,0,0,0
184487,0,0,0
382174,0,0,0
382249,0,0,0
400310,0,0,0
28475,0,0,0
220242,0,0,0
403157,0,0,0
291204,0,0,0
50392,0,0,0
144425,0,0,0
54260,0,0,0
382458,0,0,0
9610,0,0,0
244925,0,0,0
245251,0,0,0
150655,0,0,0
299124,0,0,0
372812,0,0,0
7121,0,0,0
329008,0,0,0
96307,0,0,0
305080,0,0,0
44983,0,0,0
136554,0,0,0
43283,0,0,0
12353,0,0,0
88683,0,0,0
181452,0,0,0
238036,0,0,0
175038,0,0,0
312748,0,0,0
132322,0,0,0
138908,0,0,0
169483,0,0,0
243485,0,0,0
121204,0,0,0
134998,0,0,0
4162,0,0,0
18717,0,0,0
17813,0,0,0
320401,0,0,0
300750,0,0,0
211606,0,0,0
346556,0,0,0
196418,0,0,0
314678,0,0,0
50420,0,0,0
9155,0,0,0
65573,0,0,0
296105,0,0,0
275353,0,0,0
126049,0,0,0
397924,0,0,0
98570,0,0,0
385869,0,0,0
66376,0,0,0
212377,0,0,0
215082,0,0,0
388483,0,0,0
308785,0,0,0
315584,0,0,0
194459,0,0,0
21397,0,0,0
108841,0,0,0
322735,0,0,0
409469,0,0,0
327111,0,0,0
38996,0,0,0
79670,0,0,0
280916,0,0,0
171510,0,0,0
265549,0,0,0
75785,0,0,0
378690,0,0,0
241032,0,0,0
299309,0,0,0
34386,0,0,0
112779,0,0,0
313517,0,0,0
153432,0,0,0
225964,0,0,0
247317,0,0,0
78039,0,0,0
305634,0,0,0
166391,0,0,0
163462,0,0,0
15155,0,0,0
239674,0,0,0
299131,0,0,0
359694,0,0,0
273408,0,0,0
278567,0,0,0
328459,0,0,0
1356,0,0,0
163304,0,0,0
168268,0,0,0
158188,0,0,0
319714,0,0,0
41517,0,0,0
62750,0,0,0
360056,0,0,0
225188,0,0,0
19318,0,0,0
57143,0,0,0
38153,0,0,0
223780,0,0,0
215587,0,0,0
278009,0,0,0
375542,0,0,0
201921,0,0,0
53025,0,0,0
321743,0,0,0
265403,0,0,0
12671,0,0,0
38294,0,0,0
340903,0,0,0
98118,0,0,0
277156,0,0,0
19274,0,0,0
366544,0,0,0
282654,0,0,0
130516,0,0,0
317879,0,0,0
200668,0,0,0
268392,0,0,0
238833,0,0,0
252460,0,0,0
294431,0,0,0
57052,0,0,0
238270,0,0,0
196333,0,0,0
116456,0,0,0
404697,0,0,0
376486,0,0,0
397991,0,0,0
288311,0,0,0
196799,0,0,0
194579,0,0,0
72956,0,0,0
135054,0,0,0
136755,0,0,0
373330,0,0,0
381479,0,0,0
301042,0,0,0
178322,0,0,0
352627,0,0,0
68261,0,0,0
265787,0,0,0
196105,0,0,0
105752,0,0,0
193586,0,0,0
199749,0,0,0
325913,0,0,0
364447,0,0,0
254264,0,0,0
22262,0,0,0
293104,0,0,0
157380,0,0,0
391203,0,0,0
318407,0,0,0
93163,0,0,0
109679,0,0,0
171873,0,0,0
78153,0,0,0
106906,0,0,0
259331,0,0,0
61409,0,0,0
172306,0,0,0
288240,0,0,0
230891,0,0,0
316556,0,0,0
90132,0,0,0
358174,0,0,0
267732,0,0,0
81298,0,0,0
196215,0,0,0
135597,0,0,0
332528,0,0,0
45262,0,0,0
379841,0,0,0
171875,0,0,0
26711,0,0,0
341169,0,0,0
308341,0,0,0
372559,0,0,0
377612,0,0,0
278726,0,0,0
284935,0,0,0
66511,0,0,0
237246,0,0,0
263662,0,0,0
179831,0,0,0
85949,0,0,0
257817,0,0,0
204182,0,0,0
389519,0,0,0
122603,0,0,0
114464,0,0,0
16930,0,0,0
67686,0,0,0
61135,0,0,0
22346,0,0,0
555,0,0,0
274135,0,0,0
125365,0,0,0
106438,0,0,0
405771,0,0,0
34345,0,0,0
267619,0,0,0
373172,0,0,0
179996,0,0,0
29860,0,0,0
373894,0,0,0
246612,0,0,0
231024,0,0,0
72005,0,0,0
162347,0,0,0
332220,0,0,0
391301,0,0,0
390395,0,0,0
113136,0,0,0
28955,0,0,0
263514,0,0,0
168302,0,0,0
218403,0,0,0
349762,0,0,0
330135,0,0,0
218085,0,0,0
367930,0,0,0
180788,0,0,0
290522,0,0,0
200635,0,0,0
129777,0,0,0
87123,0,0,0
139521,0,0,0
195367,0,0,0
235221,0,0,0
19686,0,0,0
340464,0,0,0
295702,0,0,0
218788,0,0,0
325715,0,0,0
264841,0,0,0
294524,0,0,0
267754,0,0,0
111994,0,0,0
172227,0,0,0
125800,0,0,0
278504,0,0,0
185012,0,0,0
192414,0,0,0
5616,0,0,0
189289,0,0,0
226495,0,0,0
122512,0,0,0
274505,0,0,0
75888,0,0,0
142289,0,0,0
130539,0,0,0
92882,0,0,0
103034,0,0,0
362239,0,0,0
395482,0,0,0
298203,0,0,0
222851,0,0,0
66202,0,0,0
100133,0,0,0
221374,0,0,0
43924,0,0,0
396070,0,0,0
149156,0,0,0
124578,0,0,0
58400,0,0,0
85176,0,0,0
53460,0,0,0
85358,0,0,0
405800,0,0,0
210819,0,0,0
261749,0,0,0
240949,0,0,0
241566,0,0,0
400980,0,0,0
184603,0,0,0
36750,0,0,0
376440,0,0,0
151829,0,0,0
366229,0,0,0
55210,0,0,0
93857,0,0,0
111767,0,0,0
325036,0,0,0
152086,0,0,0
343348,0,0,0
272077,0,0,0
203150,0,0,0
184907,0,0,0
168017,0,0,0
95233,0,0,0
248882,0,0,0
99942,0,0,0
37575,0,0,0
390335,0,0,0
189681,0,0,0
28928,0,0,0
387715,0,0,0
257346,0,0,0
201889,0,0,0
129804,0,0,0
149475,0,0,0
393991,0,0,0
291930,0,0,0
206931,0,0,0
249700,0,0,0
119383,0,0,0
29826,0,0,0
233620,0,0,0
39917,0,0,0
217153,0,0,0
69286,0,0,0
337772,0,0,0
285694,0,0,0
349389,0,0,0
59604,0,0,0
178560,0,0,0
222934,0,0,0
25421,0,0,0
302929,0,0,0
332344,0,0,0
387676,0,0,0
368695,0,0,0
274358,0,0,0
177860,0,0,0
341392,0,0,0
338974,0,0,0
350101,0,0,0
109509,0,0,0
280110,0,0,0
48945,0,0,0
385650,0,0,0
214553,0,0,0
327978,0,0,0
59176,0,0,0
229320,0,0,0
396866,0,0,0
262954,0,0,0
225157,0,0,0
19455,0,0,0
311434,0,0,0
296425,0,0,0
242589,0,0,0
67884,0,0,0
276425,0,0,0
276043,0,0,0
385609,0,0,0
299099,0,0,0
89341,0,0,0
239379,0,0,0
96638,0,0,0
388730,0,0,0
28618,0,0,0
152863,0,0,0
94951,0,0,0
9764,0,0,0
246959,0,0,0
397984,0,0,0
355671,0,0,0
152997,0,0,0
105326,0,0,0
306050,0,0,0
96726,0,0,0
305195,0,0,0
57980,0,0,0
24835,0,0,0
55456,0,0,0
111524,0,0,0
181342,0,0,0
244835,0,0,0
268165,0,0,0
406078,0,0,0
95051,0,0,0
178037,0,0,0
200541,0,0,0
255750,0,0,0
177576,0,0,0
252832,0,0,0
356996,0,0,0
250112,0,0,0
309552,0,0,0
27634,0,0,0
132455,0,0,0
274852,0,0,0
110414,0,0,0
50116,0,0,0
264010,0,0,0
177871,0,0,0
20007,0,0,0
250296,0,0,0
203073,0,0,0
259156,0,0,0
400547,0,0,0
283407,0,0,0
373593,0,0,0
367962,0,0,0
398239,0,0,0
3414,0,0,0
243500,0,0,0
189337,0,0,0
245210,0,0,0
132878,0,0,0
193264,0,0,0
178616,0,0,0
392798,0,0,0
402081,0,0,0
113692,0,0,0
272541,0,0,0
310631,0,0,0
228588,0,0,0
344549,0,0,0
399430,0,0,0
288015,0,0,0
48944,0,0,0
347110,0,0,0
406328,0,0,0
66712,0,0,0
374138,0,0,0
235317,0,0,0
291898,0,0,0
152110,0,0,0
134270,0,0,0
135051,0,0,0
157993,0,0,0
68234,0,0,0
263014,0,0,0
114583,0,0,0
342735,0,0,0
397444,0,0,0
110585,0,0,0
62024,0,0,0
174844,0,0,0
217589,0,0,0
178986,0,0,0
146753,0,0,0
394224,0,0,0
329839,0,0,0
315873,0,0,0
128937,0,0,0
126534,0,0,0
168753,0,0,0
61038,0,0,0
811,0,0,0
350911,0,0,0
384896,0,0,0
362370,0,0,0
133691,0,0,0
214167,0,0,0
61014,0,0,0
409792,0,0,0
356844,0,0,0
339806,0,0,0
383432,0,0,0
68408,0,0,0
278058,0,0,0
265029,0,0,0
279170,0,0,0
4614,0,0,0
128248,0,0,0
301840,0,0,0
383320,0,0,0
93370,0,0,0
262122,0,0,0
329430,0,0,0
119673,0,0,0
181182,0,0,0
349833,0,0,0
80174,0,0,0
206303,0,0,0
403859,0,0,0
21477,0,0,0
407429,0,0,0
153737,0,0,0
270335,0,0,0
400135,0,0,0
51796,0,0,0
307447,0,0,0
96829,0,0,0
8232,0,0,0
247234,0,0,0
109367,0,0,0
243831,0,0,0
169684,0,0,0
17086,0,0,0
307842,0,0,0
196373,0,0,0
68296,0,0,0
338795,0,0,0
357985,0,0,0
24110,0,0,0
315240,0,0,0
124470,0,0,0
268823,0,0,0
298303,0,0,0
292355,0,0,0
323497,0,0,0
88390,0,0,0
89630,0,0,0
226564,0,0,0
12733,0,0,0
210955,0,0,0
174887,0,0,0
11748,0,0,0
356158,0,0,0
298637,0,0,0
316286,0,0,0
323765,0,0,0
216013,0,0,0
127374,0,0,0
32478,0,0,0
319584,0,0,0
178033,0,0,0
402232,0,0,0
341115,0,0,0
249554,0,0,0
246215,0,0,0
36770,0,0,0
277883,0,0,0
288785,0,0,0
132039,0,0,0
118230,0,0,0
379743,0,0,0
299359,0,0,0
106355,0,0,0
247001,0,0,0
267200,0,0,0
149942,0,0,0
244156,0,0,0
171446,0,0,0
275214,0,0,0
203349,0,0,0
400783,0,0,0
3254,0,0,0
378361,0,0,0
115025,0,0,0
366330,0,0,0
369532,0,0,0
200725,0,0,0
231516,0,0,0
409079,0,0,0
240245,0,0,0
78127,0,0,0
199164,0,0,0
194158,0,0,0
340403,0,0,0
297391,0,0,0
44921,0,0,0
115787,0,0,0
290795,0,0,0
245696,0,0,0
105056,0,0,0
140308,0,0,0
246958,0,0,0
98997,0,0,0
336328,0,0,0
103240,0,0,0
374607,0,0,0
299660,0,0,0
196625,0,0,0
194986,0,0,0
173295,0,0,0
209020,0,0,0
343762,0,0,0
131334,0,0,0
281671,0,0,0
148197,0,0,0
285035,0,0,0
199107,0,0,0
131707,0,0,0
374340,0,0,0
235756,0,0,0
106148,0,0,0
34202,0,0,0
300505,0,0,0
103834,0,0,0
154488,0,0,0
177785,0,0,0
75039,0,0,0
28659,0,0,0
265632,0,0,0
372409,0,0,0
24074,0,0,0
213510,0,0,0
51434,0,0,0
380589,0,0,0
405469,0,0,0
386501,0,0,0
112308,0,0,0
97654,0,0,0
326420,0,0,0
214777,0,0,0
398035,0,0,0
126001,0,0,0
172432,0,0,0
300919,0,0,0
321145,0,0,0
329454,0,0,0
66333,0,0,0
311246,0,0,0
7040,0,0,0
117580,0,0,0
111779,0,0,0
264078,0,0,0
402463,0,0,0
17529,0,0,0
149136,0,0,0
220752,0,0,0
183198,0,0,0
393686,0,0,0
15027,0,0,0
44707,0,0,0
285373,0,0,0
292807,0,0,0
404243,0,0,0
408570,0,0,0
383438,0,0,0
66221,0,0,0
396783,0,0,0
82959,0,0,0
245000,0,0,0
67283,0,0,0
395406,0,0,0
260892,0,0,0
108701,0,0,0
206647,0,0,0
110736,0,0,0
106310,0,0,0
174849,0,0,0
234809,0,0,0
219518,0,0,0
139989,0,0,0
19953,0,0,0
164342,0,0,0
237160,0,0,0
136036,0,0,0
237602,0,0,0
256167,0,0,0
405871,0,0,0
64144,0,0,0
204239,0,0,0
151565,0,0,0
182317,0,0,0
251573,0,0,0
377145,0,0,0
282371,0,0,0
46531,0,0,0
326346,0,0,0
37501,0,0,0
277013,0,0,0
232681,0,0,0
97184,0,0,0
198141,0,0,0
64844,0,0,0
400091,0,0,0
162747,0,0,0
102306,0,0,0
358830,0,0,0
194192,0,0,0
92970,0,0,0
262903,0,0,0
227033,0,0,0
371492,0,0,0
275382,0,0,0
219908,0,0,0
220628,0,0,0
308147,0,0,0
256272,0,0,0
386439,0,0,0
192623,0,0,0
357071,0,0,0
353116,0,0,0
37683,0,0,0
84749,0,0,0
110708,0,0,0
22996,0,0,0
259522,0,0,0
256002,0,0,0
148252,0,0,0
102183,0,0,0
40906,0,0,0
221127,0,0,0
217873,0,0,0
68166,0,0,0
270233,0,0,0
168604,0,0,0
47777,0,0,0
234370,0,0,0
214693,0,0,0
396465,0,0,0
218447,0,0,0
20909,0,0,0
322711,0,0,0
207684,0,0,0
243175,0,0,0
220181,0,0,0
274334,0,0,0
9487,0,0,0
276878,0,0,0
102758,0,0,0
41099,0,0,0
77454,0,0,0
197800,0,0,0
295504,0,0,0
270177,0,0,0
179707,0,0,0
157367,0,0,0
116394,0,0,0
303944,0,0,0
215399,0,0,0
121359,0,0,0
237897,0,0,0
59892,0,0,0
320710,0,0,0
187489,0,0,0
228960,0,0,0
285743,0,0,0
309912,0,0,0
7814,0,0,0
147110,0,0,0
29510,0,0,0
326445,0,0,0
97120,0,0,0
115906,0,0,0
145662,0,0,0
383866,0,0,0
380870,0,0,0
178633,0,0,0
50505,0,0,0
372492,0,0,0
200591,0,0,0
399510,0,0,0
96434,0,0,0
75844,0,0,0
63776,0,0,0
254252,0,0,0
406534,0,0,0
397154,0,0,0
318390,0,0,0
161833,0,0,0
101712,0,0,0
279049,0,0,0
293570,0,0,0
205405,0,0,0
266028,0,0,0
21411,0,0,0
30739,0,0,0
304756,0,0,0
317509,0,0,0
307418,0,0,0
152972,0,0,0
307239,0,0,0
300915,0,0,0
11595,0,0,0
151796,0,0,0
289466,0,0,0
256322,0,0,0
264765,0,0,0
55430,0,0,0
392988,0,0,0
225781,0,0,0
236920,0,0,0
152777,0,0,0
301575,0,0,0
373490,0,0,0
26858,0,0,0
215843,0,0,0
193767,0,0,0
120356,0,0,0
313548,0,0,0
125639,0,0,0
263849,0,0,0
397802,0,0,0
111542,0,0,0
87857,0,0,0
388515,0,0,0
152483,0,0,0
264086,0,0,0
176067,0,0,0
375111,0,0,0
295835,0,0,0
178054,0,0,0
387521,0,0,0
344504,0,0,0
161039,0,0,0
351272,0,0,0
111281,0,0,0
382244,0,0,0
279358,0,0,0
58333,0,0,0
348637,0,0,0
2530,0,0,0
197724,0,0,0
245388,0,0,0
38891,0,0,0
170233,0,0,0
396592,0,0,0
231213,0,0,0
237722,0,0,0
335072,0,0,0
306070,0,0,0
946,0,0,0
238347,0,0,0
240275,0,0,0
22294,0,0,0
254081,0,0,0
391908,0,0,0
17301,0,0,0
249229,0,0,0
311304,0,0,0
253180,0,0,0
57330,0,0,0
228239,0,0,0
58800,0,0,0
245772,0,0,0
245139,0,0,0
31458,0,0,0
28516,0,0,0
225971,0,0,0
230960,0,0,0
182675,0,0,0
240734,0,0,0
95721,0,0,0
170605,0,0,0
64682,0,0,0
215807,0,0,0
116412,0,0,0
189218,0,0,0
262639,0,0,0
18345,0,0,0
150896,0,0,0
235793,0,0,0
282481,0,0,0
166460,0,0,0
289411,0,0,0
55838,0,0,0
115021,0,0,0
257732,0,0,0
398390,0,0,0
406497,0,0,0
104942,0,0,0
284604,0,0,0
271679,0,0,0
11754,0,0,0
35878,0,0,0
34745,0,0,0
192696,0,0,0
316801,0,0,0
410332,0,0,0
324177,0,0,0
288151,0,0,0
345033,0,0,0
156735,0,0,0
120280,0,0,0
402848,0,0,0
318130,0,0,0
241673,0,0,0
345158,0,0,0
300657,0,0,0
360843,0,0,0
78291,0,0,0
8300,0,0,0
398174,0,0,0
119784,0,0,0
165272,0,0,0
277353,0,0,0
103427,0,0,0
356982,0,0,0
169200,0,0,0
266687,0,0,0
278972,0,0,0
11911,0,0,0
410363,0,0,0
128163,0,0,0
145727,0,0,0
74689,0,0,0
397041,0,0,0
110989,0,0,0
316473,0,0,0
57718,0,0,0
103361,0,0,0
128212,0,0,0
302599,0,0,0
385472,0,0,0
219719,0,0,0
273978,0,0,0
192587,0,0,0
44576,0,0,0
134411,0,0,0
9522,0,0,0
202563,0,0,0
19942,0,0,0
355807,0,0,0
296480,0,0,0
108993,0,0,0
40083,0,0,0
267636,0,0,0
164061,0,0,0
40844,0,0,0
10587,0,0,0
155797,0,0,0
273596,0,0,0
172360,0,0,0
262992,0,0,0
38581,0,0,0
236782,0,0,0
16652,0,0,0
165874,0,0,0
681,0,0,0
252252,0,0,0
185686,0,0,0
151039,0,0,0
282445,0,0,0
16461,0,0,0
31129,0,0,0
312703,0,0,0
390925,0,0,0
55933,0,0,0
140891,0,0,0
192401,0,0,0
206092,0,0,0
217248,0,0,0
386900,0,0,0
227699,0,0,0
323218,0,0,0
157043,0,0,0
411210,0,0,0
376536,0,0,0
136796,0,0,0
355495,0,0,0
178707,0,0,0
24703,0,0,0
357588,0,0,0
377987,0,0,0
47613,0,0,0
237102,0,0,0
259529,0,0,0
9883,0,0,0
409849,0,0,0
124482,0,0,0
244199,0,0,0
392556,0,0,0
128711,0,0,0
79495,0,0,0
337982,0,0,0
125652,0,0,0
323801,0,0,0
397485,0,0,0
78555,0,0,0
87702,0,0,0
344524,0,0,0
334875,0,0,0
14451,0,0,0
401389,0,0,0
146935,0,0,0
231777,0,0,0
223778,0,0,0
307268,0,0,0
28953,0,0,0
92671,0,0,0
164696,0,0,0
202588,0,0,0
158100,0,0,0
31516,0,0,0
304193,0,0,0
87170,0,0,0
322796,0,0,0
374040,0,0,0
223245,0,0,0
41788,0,0,0
391435,0,0,0
89793,0,0,0
34530,0,0,0
82306,0,0,0
60999,0,0,0
79587,0,0,0
403452,0,0,0
277191,0,0,0
112404,0,0,0
331814,0,0,0
93703,0,0,0
195231,0,0,0
93713,0,0,0
265456,0,0,0
194702,0,0,0
327002,0,0,0
153802,0,0,0
301479,0,0,0
217667,0,0,0
14090,0,0,0
63562,0,0,0
115128,0,0,0
50194,0,0,0
321498,0,0,0
16849,0,0,0
38671,0,0,0
36197,0,0,0
374530,0,0,0
397236,0,0,0
234019,0,0,0
193236,0,0,0
185005,0,0,0
193969,0,0,0
98419,0,0,0
330205,0,0,0
224746,0,0,0
130010,0,0,0
6844,0,0,0
167994,0,0,0
148979,0,0,0
213009,0,0,0
371236,0,0,0
114963,0,0,0
115384,0,0,0
50954,0,0,0
291038,0,0,0
211359,0,0,0
351605,0,0,0
278035,0,0,0
368307,0,0,0
277758,0,0,0
94594,0,0,0
410304,0,0,0
100185,0,0,0
328483,0,0,0
213670,0,0,0
329018,0,0,0
286374,0,0,0
136057,0,0,0
253007,0,0,0
10426,0,0,0
343047,0,0,0
376959,0,0,0
87919,0,0,0
276876,0,0,0
266842,0,0,0
153710,0,0,0
92167,0,0,0
182668,0,0,0
125434,0,0,0
375844,0,0,0
122842,0,0,0
342358,0,0,0
65170,0,0,0
374037,0,0,0
92683,0,0,0
384162,0,0,0
295477,0,0,0
352827,0,0,0
43722,0,0,0
205308,0,0,0
182103,0,0,0
302208,0,0,0
293511,0,0,0
406081,0,0,0
404004,0,0,0
220189,0,0,0
102337,0,0,0
283723,0,0,0
121357,0,0,0
139877,0,0,0
185806,0,0,0
276377,0,0,0
80404,0,0,0
334534,0,0,0
45179,0,0,0
377025,0,0,0
174970,0,0,0
35586,0,0,0
140334,0,0,0
379130,0,0,0
190985,0,0,0
322352,0,0,0
363249,0,0,0
316480,0,0,0
25231,0,0,0
197934,0,0,0
246937,0,0,0
73283,0,0,0
308728,0,0,0
229179,0,0,0
212274,0,0,0
69850,0,0,0
260031,0,0,0
26788,0,0,0
141669,0,0,0
62422,0,0,0
359648,0,0,0
65125,0,0,0
136617,0,0,0
276140,0,0,0
276604,0,0,0
57509,0,0,0
274718,0,0,0
337802,0,0,0
194023,0,0,0
178068,0,0,0
78409,0,0,0
225923,0,0,0
210792,0,0,0
369634,0,0,0
386122,0,0,0
408791,0,0,0
71563,0,0,0
253348,0,0,0
75811,0,0,0
228824,0,0,0
369225,0,0,0
54089,0,0,0
332143,0,0,0
94925,0,0,0
401571,0,0,0
4203,0,0,0
160593,0,0,0
385162,0,0,0
26854,0,0,0
340240,0,0,0
253830,0,0,0
215183,0,0,0
196865,0,0,0
169422,0,0,0
160904,0,0,0
154929,0,0,0
212730,0,0,0
113831,0,0,0
311967,0,0,0
396235,0,0,0
313676,0,0,0
84672,0,0,0
39137,0,0,0
210736,0,0,0
257095,0,0,0
22341,0,0,0
406490,0,0,0
194337,0,0,0
332265,0,0,0
299421,0,0,0
75381,0,0,0
378748,0,0,0
377695,0,0,0
20978,0,0,0
305763,0,0,0
352321,0,0,0
55790,0,0,0
304590,0,0,0
247686,0,0,0
307468,0,0,0
362065,0,0,0
80784,0,0,0
390651,0,0,0
282952,0,0,0
212331,0,0,0
368885,0,0,0
242583,0,0,0
70506,0,0,0
316841,0,0,0
27976,0,0,0
152601,0,0,0
343207,0,0,0
116567,0,0,0
218901,0,0,0
357509,0,0,0
36372,0,0,0
349826,0,0,0
309985,0,0,0
287049,0,0,0
289937,0,0,0
294417,0,0,0
399353,0,0,0
139227,0,0,0
10930,0,0,0
165234,0,0,0
352768,0,0,0
337132,0,0,0
86016,0,0,0
100722,0,0,0
111520,0,0,0
401702,0,0,0
106463,0,0,0
102820,0,0,0
262820,0,0,0
370248,0,0,0
94306,0,0,0
286624,0,0,0
343833,0,0,0
6556,0,0,0
353192,0,0,0
35054,0,0,0
15938,0,0,0
297773,0,0,0
165549,0,0,0
263584,0,0,0
92168,0,0,0
185633,0,0,0
112288,0,0,0
272053,0,0,0
284823,0,0,0
380657,0,0,0
104612,0,0,0
363709,0,0,0
262862,0,0,0
323282,0,0,0
267531,0,0,0
397679,0,0,0
191344,0,0,0
45286,0,0,0
244580,0,0,0
227299,0,0,0
380995,0,0,0
103232,0,0,0
172009,0,0,0
100831,0,0,0
66688,0,0,0
177246,0,0,0
1010,0,0,0
349377,0,0,0
235162,0,0,0
94045,0,0,0
157981,0,0,0
19054,0,0,0
278647,0,0,0
170351,0,0,0
125025,0,0,0
226248,0,0,0
245845,0,0,0
367734,0,0,0
337459,0,0,0
124538,0,0,0
209189,0,0,0
101195,0,0,0
367051,0,0,0
163447,0,0,0
369772,0,0,0
154052,0,0,0
209438,0,0,0
119848,0,0,0
281059,0,0,0
172048,0,0,0
365288,0,0,0
132543,0,0,0
104512,0,0,0
184223,0,0,0
276655,0,0,0
318072,0,0,0
159655,0,0,0
314580,0,0,0
221586,0,0,0
359449,0,0,0
26012,0,0,0
219686,0,0,0
202412,0,0,0
90135,0,0,0
17953,0,0,0
34838,0,0,0
127578,0,0,0
318318,0,0,0
272101,0,0,0
309958,0,0,0
263910,0,0,0
170575,0,0,0
103271,0,0,0
229201,0,0,0
152456,0,0,0
299562,0,0,0
292758,0,0,0
169634,0,0,0
97408,0,0,0
382922,0,0,0
90813,0,0,0
258451,0,0,0
385786,0,0,0
345869,0,0,0
40529,0,0,0
225319,0,0,0
250690,0,0,0
200451,0,0,0
353803,0,0,0
12147,0,0,0
348346,0,0,0
252268,0,0,0
214343,0,0,0
115224,0,0,0
305988,0,0,0
11837,0,0,0
323825,0,0,0
79559,0,0,0
119086,0,0,0
18012,0,0,0
6386,0,0,0
96771,0,0,0
37384,0,0,0
344344,0,0,0
161633,0,0,0
222165,0,0,0
90154,0,0,0
190704,0,0,0
322890,0,0,0
387015,0,0,0
288812,0,0,0
372209,0,0,0
317352,0,0,0
209486,0,0,0
320926,0,0,0
311646,0,0,0
112070,0,0,0
337380,0,0,0
30396,0,0,0
328324,0,0,0
3559,0,0,0
135856,0,0,0
298388,0,0,0
362736,0,0,0
268247,0,0,0
167049,0,0,0
121943,0,0,0
149781,0,0,0
57064,0,0,0
257316,0,0,0
23567,0,0,0
268814,0,0,0
203574,0,0,0
367771,0,0,0
95127,0,0,0
60420,0,0,0
372153,0,0,0
405216,0,0,0
82745,0,0,0
37718,0,0,0
211708,0,0,0
358731,0,0,0
327770,0,0,0
242016,0,0,0
198925,0,0,0
95041,0,0,0
374979,0,0,0
200022,0,0,0
114318,0,0,0
92401,0,0,0
364262,0,0,0
277170,0,0,0
407339,0,0,0
236297,0,0,0
316108,0,0,0
52024,0,0,0
14408,0,0,0
40730,0,0,0
47415,0,0,0
306864,0,0,0
343276,0,0,0
188085,0,0,0
79592,0,0,0
247476,0,0,0
254497,0,0,0
116672,0,0,0
315943,0,0,0
130657,0,0,0
389839,0,0,0
144218,0,0,0
4495,0,0,0
107108,0,0,0
274568,0,0,0
4791,0,0,0
301982,0,0,0
234602,0,0,0
225095,0,0,0
371528,0,0,0
28138,0,0,0
355529,0,0,0
224295,0,0,0
130494,0,0,0
267453,0,0,0
192624,0,0,0
273134,0,0,0
31126,0,0,0
161958,0,0,0
145818,0,0,0
102746,0,0,0
15835,0,0,0
376521,0,0,0
82177,0,0,0
281092,0,0,0
138925,0,0,0
115047,0,0,0
271236,0,0,0
223161,0,0,0
315473,0,0,0
366684,0,0,0
65392,0,0,0
91275,0,0,0
85086,0,0,0
176758,0,0,0
179001,0,0,0
22637,0,0,0
24864,0,0,0
212229,0,0,0
240831,0,0,0
246461,0,0,0
276030,0,0,0
256592,0,0,0
158184,0,0,0
227968,0,0,0
63304,0,0,0
100576,0,0,0
203202,0,0,0
143741,0,0,0
49219,0,0,0
396758,0,0,0
112009,0,0,0
169136,0,0,0
170742,0,0,0
144263,0,0,0
367023,0,0,0
390149,0,0,0
191988,0,0,0
43009,0,0,0
40335,0,0,0
375005,0,0,0
202075,0,0,0
374795,0,0,0
158511,0,0,0
354758,0,0,0
169716,0,0,0
14495,0,0,0
207092,0,0,0
288578,0,0,0
288088,0,0,0
317075,0,0,0
362314,0,0,0
359892,0,0,0
408784,0,0,0
51390,0,0,0
218774,0,0,0
175916,0,0,0
92510,0,0,0
341072,0,0,0
171449,0,0,0
29919,0,0,0
294861,0,0,0
134762,0,0,0
405163,0,0,0
357091,0,0,0
232010,0,0,0
298411,0,0,0
136530,0,0,0
355248,0,0,0
327282,0,0,0
125345,0,0,0
231121,0,0,0
206515,0,0,0
188965,0,0,0
350442,0,0,0
284157,0,0,0
333323,0,0,0
236249,0,0,0
134928,0,0,0
69161,0,0,0
44701,0,0,0
338370,0,0,0
459,0,0,0
344060,0,0,0
111843,0,0,0
124841,0,0,0
322573,0,0,0
126117,0,0,0
222222,0,0,0
391057,0,0,0
5404,0,0,0
140604,0,0,0
230275,0,0,0
4169,0,0,0
284677,0,0,0
154486,0,0,0
56383,0,0,0
393812,0,0,0
78367,0,0,0
332782,0,0,0
49091,0,0,0
265182,0,0,0
78766,0,0,0
408349,0,0,0
340143,0,0,0
89572,0,0,0
246052,0,0,0
17176,0,0,0
62600,0,0,0
145166,0,0,0
17203,0,0,0
341942,0,0,0
343673,0,0,0
195721,0,0,0
23347,0,0,0
307381,0,0,0
220736,0,0,0
163359,0,0,0
11986,0,0,0
383222,0,0,0
329736,0,0,0
29434,0,0,0
267326,0,0,0
212633,0,0,0
56278,0,0,0
273552,0,0,0
369791,0,0,0
307781,0,0,0
57303,0,0,0
94643,0,0,0
168029,0,0,0
374968,0,0,0
332184,0,0,0
265578,0,0,0
23367,0,0,0
406186,0,0,0
395581,0,0,0
357974,0,0,0
391720,0,0,0
406823,0,0,0
102560,0,0,0
147747,0,0,0
176032,0,0,0
55273,0,0,0
387199,0,0,0
2338,0,0,0
84700,0,0,0
315192,0,0,0
202864,0,0,0
310663,0,0,0
139893,0,0,0
12231,0,0,0
280859,0,0,0
302954,0,0,0
334785,0,0,0
374423,0,0,0
343793,0,0,0
89335,0,0,0
26104,0,0,0
108206,0,0,0
332942,0,0,0
198226,0,0,0
68130,0,0,0
233960,0,0,0
386002,0,0,0
46313,0,0,0
74032,0,0,0
236217,0,0,0
150012,0,0,0
17832,0,0,0
170643,0,0,0
301224,0,0,0
51670,0,0,0
66543,0,0,0
1469,0,0,0
196695,0,0,0
204326,0,0,0
127783,0,0,0
25299,0,0,0
196733,0,0,0
5724,0,0,0
147612,0,0,0
94506,0,0,0
294010,0,0,0
125500,0,0,0
83433,0,0,0
104830,0,0,0
336889,0,0,0
206061,0,0,0
134821,0,0,0
374352,0,0,0
77301,0,0,0
63238,0,0,0
256449,0,0,0
86994,0,0,0
227760,0,0,0
43248,0,0,0
334734,0,0,0
378436,0,0,0
69662,0,0,0
401988,0,0,0
228974,0,0,0
326680,0,0,0
77701,0,0,0
264355,0,0,0
249682,0,0,0
307735,0,0,0
250351,0,0,0
114148,0,0,0
149199,0,0,0
77468,0,0,0
55171,0,0,0
338801,0,0,0
273849,0,0,0
1523,0,0,0
135092,0,0,0
38864,0,0,0
205479,0,0,0
239863,0,0,0
340993,0,0,0
206357,0,0,0
109391,0,0,0
56454,0,0,0
192016,0,0,0
42245,0,0,0
102497,0,0,0
54872,0,0,0
373142,0,0,0
95825,0,0,0
29474,0,0,0
399136,0,0,0
262675,0,0,0
362786,0,0,0
384369,0,0,0
18146,0,0,0
285521,0,0,0
261079,0,0,0
199364,0,0,0
133600,0,0,0
73499,0,0,0
232533,0,0,0
113052,0,0,0
331297,0,0,0
68625,0,0,0
264992,0,0,0
45062,0,0,0
292727,0,0,0
56013,0,0,0
146963,0,0,0
150471,0,0,0
346549,0,0,0
79112,0,0,0
2902,0,0,0
367340,0,0,0
120541,0,0,0
116987,0,0,0
187981,0,0,0
399223,0,0,0
188656,0,0,0
145930,0,0,0
215363,0,0,0
234474,0,0,0
38569,0,0,0
175761,0,0,0
65555,0,0,0
63804,0,0,0
251530,0,0,0
25973,0,0,0
60760,0,0,0
233326,0,0,0
55903,0,0,0
45000,0,0,0
396368,0,0,0
384459,0,0,0
100616,0,0,0
282713,0,0,0
131957,0,0,0
108929,0,0,0
152251,0,0,0
287265,0,0,0
162122,0,0,0
35080,0,0,0
219080,0,0,0
163473,0,0,0
308404,0,0,0
365714,0,0,0
182300,0,0,0
161562,0,0,0
5754,0,0,0
303065,0,0,0
267940,0,0,0
172182,0,0,0
131242,0,0,0
307890,0,0,0
322316,0,0,0
378587,0,0,0
94754,0,0,0
275844,0,0,0
179159,0,0,0
209050,0,0,0
307556,0,0,0
22466,0,0,0
191526,0,0,0
126840,0,0,0
203729,0,0,0
393698,0,0,0
116620,0,0,0
312802,0,0,0
122552,0,0,0
33699,0,0,0
113063,0,0,0
39008,0,0,0
288343,0,0,0
195727,0,0,0
247286,0,0,0
148567,0,0,0
271315,0,0,0
166111,0,0,0
18693,0,0,0
382818,0,0,0
117518,0,0,0
336615,0,0,0
408115,0,0,0
318103,0,0,0
188535,0,0,0
192428,0,0,0
256523,0,0,0
78539,0,0,0
314898,0,0,0
278081,0,0,0
365726,0,0,0
355473,0,0,0
101173,0,0,0
328892,0,0,0
261582,0,0,0
50500,0,0,0
285062,0,0,0
113961,0,0,0
319142,0,0,0
263932,0,0,0
140134,0,0,0
161929,0,0,0
357160,0,0,0
205240,0,0,0
326877,0,0,0
90568,0,0,0
296222,0,0,0
86058,0,0,0
119241,0,0,0
256751,0,0,0
54014,0,0,0
31116,0,0,0
241224,0,0,0
40947,0,0,0
111563,0,0,0
245765,0,0,0
86138,0,0,0
33037,0,0,0
201428,0,0,0
246060,0,0,0
62724,0,0,0
159353,0,0,0
220341,0,0,0
130339,0,0,0
251845,0,0,0
81923,0,0,0
289545,0,0,0
207861,0,0,0
236683,0,0,0
45690,0,0,0
229571,0,0,0
172195,0,0,0
288804,0,0,0
87478,0,0,0
122745,0,0,0
32141,0,0,0
107385,0,0,0
44993,0,0,0
393471,0,0,0
102962,0,0,0
243712,0,0,0
363492,0,0,0
241663,0,0,0
325582,0,0,0
97949,0,0,0
385977,0,0,0
330427,0,0,0
26651,0,0,0
124889,0,0,0
94684,0,0,0
201826,0,0,0
158231,0,0,0
222570,0,0,0
354646,0,0,0
151637,0,0,0
381553,0,0,0
333045,0,0,0
293003,0,0,0
377452,0,0,0
186466,0,0,0
170283,0,0,0
357148,0,0,0
197043,0,0,0
145422,0,0,0
129626,0,0,0
220099,0,0,0
85151,0,0,0
54156,0,0,0
171984,0,0,0
191709,0,0,0
217120,0,0,0
133856,0,0,0
318100,0,0,0
210549,0,0,0
101847,0,0,0
334600,0,0,0
181248,0,0,0
199680,0,0,0
342910,0,0,0
244496,0,0,0
311520,0,0,0
56094,0,0,0
87270,0,0,0
196808,0,0,0
49521,0,0,0
248198,0,0,0
260339,0,0,0
8326,0,0,0
43964,0,0,0
396657,0,0,0
95680,0,0,0
187419,0,0,0
6754,0,0,0
64993,0,0,0
335942,0,0,0
8888,0,0,0
114774,0,0,0
101513,0,0,0
232443,0,0,0
398080,0,0,0
86536,0,0,0
337567,0,0,0
42836,0,0,0
230045,0,0,0
287653,0,0,0
30313,0,0,0
172899,0,0,0
235540,0,0,0
76457,0,0,0
79836,0,0,0
52933,0,0,0
137467,0,0,0
86444,0,0,0
121187,0,0,0
115979,0,0,0
196299,0,0,0
343505,0,0,0
363559,0,0,0
147225,0,0,0
49877,0,0,0
96169,0,0,0
243160,0,0,0
151165,0,0,0
28542,0,0,0
39271,0,0,0
309435,0,0,0
153040,0,0,0
7203,0,0,0
145069,0,0,0
243447,0,0,0
330841,0,0,0
184261,0,0,0
298886,0,0,0
380051,0,0,0
56784,0,0,0
287622,0,0,0
309245,0,0,0
314249,0,0,0
57218,0,0,0
114058,0,0,0
132098,0,0,0
186586,0,0,0
55597,0,0,0
363266,0,0,0
395109,0,0,0
244204,0,0,0
168246,0,0,0
206845,0,0,0
311587,0,0,0
398286,0,0,0
322200,0,0,0
75242,0,0,0
274491,0,0,0
55056,0,0,0
112370,0,0,0
383645,0,0,0
66279,0,0,0
352040,0,0,0
20724,0,0,0
249744,0,0,0
156426,0,0,0
250016,0,0,0
88237,0,0,0
204646,0,0,0
199699,0,0,0
261673,0,0,0
40009,0,0,0
297292,0,0,0
251060,0,0,0
109622,0,0,0
374303,0,0,0
49303,0,0,0
252179,0,0,0
86936,0,0,0
221647,0,0,0
93083,0,0,0
350167,0,0,0
109881,0,0,0
341391,0,0,0
248091,0,0,0
78219,0,0,0
251555,0,0,0
342002,0,0,0
400493,0,0,0
60648,0,0,0
331738,0,0,0
225692,0,0,0
116532,0,0,0
67087,0,0,0
332619,0,0,0
154309,0,0,0
208062,0,0,0
214306,0,0,0
161510,0,0,0
183419,0,0,0
325505,0,0,0
47462,0,0,0
305690,0,0,0
138774,0,0,0
263590,0,0,0
288895,0,0,0
118124,0,0,0
337243,0,0,0
104244,0,0,0
140770,0,0,0
366617,0,0,0
375270,0,0,0
281135,0,0,0
174528,0,0,0
172514,0,0,0
61717,0,0,0
349221,0,0,0
258289,0,0,0
286225,0,0,0
380678,0,0,0
278122,0,0,0
166889,0,0,0
113913,0,0,0
51877,0,0,0
89399,0,0,0
304384,0,0,0
316961,0,0,0
306562,0,0,0
84673,0,0,0
363510,0,0,0
162837,0,0,0
387417,0,0,0
363684,0,0,0
137824,0,0,0
103618,0,0,0
345828,0,0,0
249093,0,0,0
21983,0,0,0
115329,0,0,0
14173,0,0,0
25096,0,0,0
51375,0,0,0
219057,0,0,0
174797,0,0,0
348770,0,0,0
192600,0,0,0
121722,0,0,0
166470,0,0,0
216303,0,0,0
371319,0,0,0
307977,0,0,0
214514,0,0,0
140637,0,0,0
148605,0,0,0
144198,0,0,0
357996,0,0,0
111514,0,0,0
74653,0,0,0
355608,0,0,0
137118,0,0,0
259807,0,0,0
209735,0,0,0
216309,0,0,0
405263,0,0,0
230656,0,0,0
68074,0,0,0
10765,0,0,0
226870,0,0,0
41014,0,0,0
258249,0,0,0
14518,0,0,0
224624,0,0,0
72505,0,0,0
280203,0,0,0
248138,0,0,0
261725,0,0,0
240098,0,0,0
286177,0,0,0
316528,0,0,0
133330,0,0,0
409845,0,0,0
147011,0,0,0
56911,0,0,0
392385,0,0,0
168842,0,0,0
58141,0,0,0
4886,0,0,0
233218,0,0,0
144900,0,0,0
128786,0,0,0
207552,0,0,0
74135,0,0,0
209760,0,0,0
390505,0,0,0
52219,0,0,0
270406,0,0,0
51950,0,0,0
252188,0,0,0
144240,0,0,0
95237,0,0,0
321752,0,0,0
206220,0,0,0
379226,0,0,0
248566,0,0,0
91514,0,0,0
179980,0,0,0
321178,0,0,0
147971,0,0,0
202985,0,0,0
405184,0,0,0
133436,0,0,0
142023,0,0,0
189388,0,0,0
363213,0,0,0
307226,0,0,0
65992,0,0,0
338595,0,0,0
317830,0,0,0
256963,0,0,0
125645,0,0,0
81861,0,0,0
101037,0,0,0
265268,0,0,0
374760,0,0,0
325327,0,0,0
25280,0,0,0
119913,0,0,0
205516,0,0,0
60777,0,0,0
391188,0,0,0
138040,0,0,0
260427,0,0,0
149154,0,0,0
6564,0,0,0
102902,0,0,0
392070,0,0,0
24348,0,0,0
215606,0,0,0
180902,0,0,0
324292,0,0,0
68250,0,0,0
236898,0,0,0
70053,0,0,0
136322,0,0,0
181756,0,0,0
355140,0,0,0
114723,0,0,0
301122,0,0,0
231043,0,0,0
95971,0,0,0
243434,0,0,0
296752,0,0,0
45038,0,0,0
36300,0,0,0
114441,0,0,0
370174,0,0,0
4979,0,0,0
375143,0,0,0
273121,0,0,0
339774,0,0,0
17948,0,0,0
113040,0,0,0
127774,0,0,0
64124,0,0,0
254386,0,0,0
333657,0,0,0
98447,0,0,0
368697,0,0,0
370774,0,0,0
113611,0,0,0
24145,0,0,0
177509,0,0,0
92833,0,0,0
148251,0,0,0
186693,0,0,0
389155,0,0,0
381483,0,0,0
246701,0,0,0
20900,0,0,0
308497,0,0,0
141981,0,0,0
203522,0,0,0
54951,0,0,0
144540,0,0,0
130419,0,0,0
357944,0,0,0
405726,0,0,0
269953,0,0,0
51815,0,0,0
361356,0,0,0
294445,0,0,0
219540,0,0,0
99878,0,0,0
146135,0,0,0
306029,0,0,0
324209,0,0,0
398175,0,0,0
61333,0,0,0
223329,0,0,0
273778,0,0,0
289551,0,0,0
301748,0,0,0
380045,0,0,0
190160,0,0,0
226318,0,0,0
319195,0,0,0
293868,0,0,0
130952,0,0,0
187298,0,0,0
280573,0,0,0
238951,0,0,0
108595,0,0,0
29013,0,0,0
281908,0,0,0
98928,0,0,0
41823,0,0,0
88185,0,0,0
177630,0,0,0
98870,0,0,0
222624,0,0,0
290317,0,0,0
36354,0,0,0
160590,0,0,0
252956,0,0,0
224400,0,0,0
380278,0,0,0
306136,0,0,0
293493,0,0,0
395879,0,0,0
274028,0,0,0
177182,0,0,0
364672,0,0,0
176675,0,0,0
403481,0,0,0
80397,0,0,0
304356,0,0,0
16246,0,0,0
254719,0,0,0
115206,0,0,0
31565,0,0,0
216860,0,0,0
405846,0,0,0
110903,0,0,0
211015,0,0,0
360300,0,0,0
183280,0,0,0
180076,0,0,0
237830,0,0,0
124437,0,0,0
315587,0,0,0
299728,0,0,0
420,0,0,0
179213,0,0,0
366251,0,0,0
334637,0,0,0
277663,0,0,0
308254,0,0,0
168162,0,0,0
307602,0,0,0
30714,0,0,0
237416,0,0,0
276899,0,0,0
17475,0,0,0
143614,0,0,0
109331,0,0,0
281505,0,0,0
292742,0,0,0
114064,0,0,0
143195,0,0,0
348037,0,0,0
193779,0,0,0
237477,0,0,0
201606,0,0,0
38902,0,0,0
248574,0,0,0
266543,0,0,0
389016,0,0,0
180392,0,0,0
719,0,0,0
294147,0,0,0
320464,0,0,0
220630,0,0,0
386806,0,0,0
201123,0,0,0
109968,0,0,0
143399,0,0,0
276426,0,0,0
106534,0,0,0
158758,0,0,0
278169,0,0,0
401204,0,0,0
344091,0,0,0
41345,0,0,0
302041,0,0,0
63990,0,0,0
335685,0,0,0
153081,0,0,0
238050,0,0,0
323173,0,0,0
54640,0,0,0
223796,0,0,0
278627,0,0,0
84685,0,0,0
392283,0,0,0
287408,0,0,0
239573,0,0,0
315899,0,0,0
406656,0,0,0
29722,0,0,0
367670,0,0,0
91624,0,0,0
155665,0,0,0
98475,0,0,0
389044,0,0,0
323898,0,0,0
129034,0,0,0
116838,0,0,0
48675,0,0,0
186265,0,0,0
251751,0,0,0
348528,0,0,0
47116,0,0,0
15582,0,0,0
259231,0,0,0
52769,0,0,0
34884,0,0,0
110262,0,0,0
302076,0,0,0
257337,0,0,0
200880,0,0,0
376482,0,0,0
44755,0,0,0
38526,0,0,0
87760,0,0,0
21155,0,0,0
200636,0,0,0
156925,0,0,0
348749,0,0,0
271585,0,0,0
397672,0,0,0
391808,0,0,0
65254,0,0,0
325444,0,0,0
343907,0,0,0
73801,0,0,0
59307,0,0,0
78210,0,0,0
99229,0,0,0
332907,0,0,0
196422,0,0,0
365422,0,0,0
256560,0,0,0
141899,0,0,0
403173,0,0,0
139952,0,0,0
142623,0,0,0
155704,0,0,0
330805,0,0,0
256278,0,0,0
107253,0,0,0
36744,0,0,0
239154,0,0,0
116240,0,0,0
44603,0,0,0
384407,0,0,0
74187,0,0,0
102339,0,0,0
239292,0,0,0
12588,0,0,0
311479,0,0,0
200918,0,0,0
25926,0,0,0
140022,0,0,0
133401,0,0,0
199769,0,0,0
359421,0,0,0
247835,0,0,0
306289,0,0,0
397032,0,0,0
287822,0,0,0
144269,0,0,0
397813,0,0,0
63210,0,0,0
113170,0,0,0
209018,0,0,0
10498,0,0,0
206756,0,0,0
358999,0,0,0
77723,0,0,0
55667,0,0,0
197830,0,0,0
304582,0,0,0
370227,0,0,0
314042,0,0,0
247546,0,0,0
268079,0,0,0
206239,0,0,0
15380,0,0,0
207202,0,0,0
126294,0,0,0
212672,0,0,0
351532,0,0,0
185207,0,0,0
103477,0,0,0
244239,0,0,0
37219,0,0,0
149862,0,0,0
8646,0,0,0
100225,0,0,0
133513,0,0,0
264242,0,0,0
76430,0,0,0
20097,0,0,0
29651,0,0,0
305818,0,0,0
344582,0,0,0
123751,0,0,0
100674,0,0,0
305217,0,0,0
112301,0,0,0
167895,0,0,0
36250,0,0,0
70667,0,0,0
378696,0,0,0
228781,0,0,0
282402,0,0,0
21096,0,0,0
371297,0,0,0
258150,0,0,0
329014,0,0,0
188496,0,0,0
233866,0,0,0
109585,0,0,0
222390,0,0,0
347406,0,0,0
386614,0,0,0
12054,0,0,0
358645,0,0,0
85078,0,0,0
366859,0,0,0
37628,0,0,0
223262,0,0,0
105858,0,0,0
35056,0,0,0
331465,0,0,0
149103,0,0,0
56976,0,0,0
93441,0,0,0
199605,0,0,0
337024,0,0,0
396177,0,0,0
18633,0,0,0
150983,0,0,0
368168,0,0,0
293492,0,0,0
331747,0,0,0
37015,0,0,0
359589,0,0,0
251762,0,0,0
350944,0,0,0
168481,0,0,0
205902,0,0,0
136390,0,0,0
353823,0,0,0
45132,0,0,0
349574,0,0,0
277198,0,0,0
15690,0,0,0
301693,0,0,0
182260,0,0,0
321159,0,0,0
7911,0,0,0
153575,0,0,0
61910,0,0,0
202785,0,0,0
49978,0,0,0
8078,0,0,0
62061,0,0,0
380593,0,0,0
383357,0,0,0
318639,0,0,0
332952,0,0,0
130308,0,0,0
26950,0,0,0
75380,0,0,0
269464,0,0,0
193520,0,0,0
339961,0,0,0
313092,0,0,0
71866,0,0,0
210201,0,0,0
229470,0,0,0
392335,0,0,0
202743,0,0,0
83441,0,0,0
204434,0,0,0
260446,0,0,0
265912,0,0,0
40577,0,0,0
105096,0,0,0
77863,0,0,0
84974,0,0,0
135204,0,0,0
154826,0,0,0
281840,0,0,0
365640,0,0,0
204066,0,0,0
203694,0,0,0
168984,0,0,0
288851,0,0,0
252236,0,0,0
112631,0,0,0
50435,0,0,0
218952,0,0,0
246142,0,0,0
181611,0,0,0
77273,0,0,0
31371,0,0,0
310348,0,0,0
350025,0,0,0
409639,0,0,0
88851,0,0,0
319124,0,0,0
64105,0,0,0
234746,0,0,0
273178,0,0,0
223688,0,0,0
5562,0,0,0
36464,0,0,0
306280,0,0,0
186762,0,0,0
271472,0,0,0
257530,0,0,0
183151,0,0,0
320944,0,0,0
300446,0,0,0
82521,0,0,0
106302,0,0,0
336034,0,0,0
320348,0,0,0
65964,0,0,0
254321,0,0,0
128994,0,0,0
318289,0,0,0
404490,0,0,0
10194,0,0,0
158377,0,0,0
19988,0,0,0
197756,0,0,0
70145,0,0,0
124185,0,0,0
54826,0,0,0
226754,0,0,0
121152,0,0,0
354184,0,0,0
160979,0,0,0
83552,0,0,0
383450,0,0,0
21369,0,0,0
106951,0,0,0
96246,0,0,0
358599,0,0,0
83166,0,0,0
187424,0,0,0
95720,0,0,0
335205,0,0,0
400784,0,0,0
30026,0,0,0
267380,0,0,0
333942,0,0,0
29944,0,0,0
248421,0,0,0
15922,0,0,0
227759,0,0,0
59054,0,0,0
92905,0,0,0
304107,0,0,0
73570,0,0,0
250590,0,0,0
134842,0,0,0
304685,0,0,0
221004,0,0,0
102525,0,0,0
331478,0,0,0
103981,0,0,0
111999,0,0,0
318019,0,0,0
18500,0,0,0
380918,0,0,0
156872,0,0,0
355061,0,0,0
363522,0,0,0
160280,0,0,0
182967,0,0,0
290011,0,0,0
349177,0,0,0
79193,0,0,0
79100,0,0,0
168630,0,0,0
85201,0,0,0
154169,0,0,0
55023,0,0,0
16086,0,0,0
208407,0,0,0
285161,0,0,0
146552,0,0,0
286213,0,0,0
29344,0,0,0
245412,0,0,0
130612,0,0,0
332179,0,0,0
104641,0,0,0
82285,0,0,0
391944,0,0,0
202891,0,0,0
342867,0,0,0
190949,0,0,0
67672,0,0,0
91518,0,0,0
163124,0,0,0
293162,0,0,0
177338,0,0,0
271063,0,0,0
407291,0,0,0
259234,0,0,0
250067,0,0,0
13686,0,0,0
324272,0,0,0
331134,0,0,0
115833,0,0,0
270916,0,0,0
146311,0,0,0
321514,0,0,0
278141,0,0,0
117839,0,0,0
194287,0,0,0
391157,0,0,0
360331,0,0,0
24386,0,0,0
317041,0,0,0
236093,0,0,0
398308,0,0,0
41253,0,0,0
370226,0,0,0
41582,0,0,0
81996,0,0,0
290159,0,0,0
236575,0,0,0
113390,0,0,0
107147,0,0,0
168086,0,0,0
198656,0,0,0
181625,0,0,0
179053,0,0,0
268993,0,0,0
373292,0,0,0
210984,0,0,0
201847,0,0,0
384436,0,0,0
3397,0,0,0
111576,0,0,0
332058,0,0,0
21359,0,0,0
164974,0,0,0
51818,0,0,0
18555,0,0,0
409362,0,0,0
313163,0,0,0
106502,0,0,0
63374,0,0,0
211496,0,0,0
269346,0,0,0
379772,0,0,0
405758,0,0,0
174286,0,0,0
405695,0,0,0
188133,0,0,0
119157,0,0,0
266240,0,0,0
274433,0,0,0
223094,0,0,0
185446,0,0,0
148444,0,0,0
182743,0,0,0
304682,0,0,0
273350,0,0,0
139392,0,0,0
337964,0,0,0
33041,0,0,0
243226,0,0,0
26821,0,0,0
118261,0,0,0
187919,0,0,0
232980,0,0,0
334312,0,0,0
8501,0,0,0
378727,0,0,0
228184,0,0,0
105461,0,0,0
359966,0,0,0
327001,0,0,0
251373,0,0,0
169535,0,0,0
397110,0,0,0
274240,0,0,0
2190,0,0,0
374493,0,0,0
175118,0,0,0
351549,0,0,0
404818,0,0,0
101609,0,0,0
6785,0,0,0
177216,0,0,0
370822,0,0,0
19303,0,0,0
74732,0,0,0
112521,0,0,0
19872,0,0,0
212564,0,0,0
358192,0,0,0
219537,0,0,0
40311,0,0,0
268878,0,0,0
7249,0,0,0
69166,0,0,0
137890,0,0,0
71079,0,0,0
360324,0,0,0
399056,0,0,0
354424,0,0,0
135632,0,0,0
290304,0,0,0
263592,0,0,0
305732,0,0,0
189143,0,0,0
8713,0,0,0
333101,0,0,0
178660,0,0,0
104279,0,0,0
397333,0,0,0
289374,0,0,0
212748,0,0,0
264197,0,0,0
266359,0,0,0
84163,0,0,0
167415,0,0,0
232552,0,0,0
96670,0,0,0
76716,0,0,0
287806,0,0,0
111197,0,0,0
160950,0,0,0
24501,0,0,0
334973,0,0,0
337659,0,0,0
388161,0,0,0
41961,0,0,0
324916,0,0,0
93269,0,0,0
275612,0,0,0
66011,0,0,0
378876,0,0,0
113347,0,0,0
410970,0,0,0
222918,0,0,0
167001,0,0,0
271479,0,0,0
201761,0,0,0
310581,0,0,0
222154,0,0,0
24679,0,0,0
240578,0,0,0
313052,0,0,0
292385,0,0,0
246752,0,0,0
106365,0,0,0
16010,0,0,0
228889,0,0,0
4369,0,0,0
192997,0,0,0
332662,0,0,0
163536,0,0,0
174620,0,0,0
298524,0,0,0
377830,0,0,0
275338,0,0,0
133772,0,0,0
62286,0,0,0
148065,0,0,0
388080,0,0,0
264726,0,0,0
317805,0,0,0
116271,0,0,0
40219,0,0,0
296135,0,0,0
266170,0,0,0
178507,0,0,0
464,0,0,0
310007,0,0,0
163130,0,0,0
322705,0,0,0
124740,0,0,0
137628,0,0,0
352412,0,0,0
96433,0,0,0
77666,0,0,0
153740,0,0,0
303426,0,0,0
360783,0,0,0
188680,0,0,0
81551,0,0,0
298429,0,0,0
98285,0,0,0
409870,0,0,0
165036,0,0,0
186171,0,0,0
224164,0,0,0
370207,0,0,0
350253,0,0,0
75668,0,0,0
23156,0,0,0
287897,0,0,0
276620,0,0,0
279825,0,0,0
30834,0,0,0
149450,0,0,0
45233,0,0,0
72922,0,0,0
142146,0,0,0
191288,0,0,0
36046,0,0,0
374362,0,0,0
320988,0,0,0
215046,0,0,0
353932,0,0,0
254233,0,0,0
31587,0,0,0
319053,0,0,0
304776,0,0,0
391832,0,0,0
272022,0,0,0
138931,0,0,0
147019,0,0,0
326798,0,0,0
334252,0,0,0
34466,0,0,0
66120,0,0,0
216211,0,0,0
295843,0,0,0
234332,0,0,0
146020,0,0,0
245565,0,0,0
99683,0,0,0
44654,0,0,0
345273,0,0,0
225779,0,0,0
18368,0,0,0
98962,0,0,0
305627,0,0,0
8055,0,0,0
304347,0,0,0
162512,0,0,0
193881,0,0,0
375714,0,0,0
65118,0,0,0
67081,0,0,0
349957,0,0,0
25150,0,0,0
324757,0,0,0
219981,0,0,0
156814,0,0,0
346255,0,0,0
322110,0,0,0
191984,0,0,0
32917,0,0,0
129824,0,0,0
5155,0,0,0
165544,0,0,0
12816,0,0,0
41834,0,0,0
166646,0,0,0
150661,0,0,0
256652,0,0,0
94759,0,0,0
369989,0,0,0
377860,0,0,0
359596,0,0,0
303011,0,0,0
179536,0,0,0
385832,0,0,0
327589,0,0,0
105727,0,0,0
289625,0,0,0
291826,0,0,0
167288,0,0,0
10554,0,0,0
104570,0,0,0
321541,0,0,0
240719,0,0,0
12831,0,0,0
330535,0,0,0
203682,0,0,0
321623,0,0,0
398378,0,0,0
38543,0,0,0
186397,0,0,0
147830,0,0,0
19157,0,0,0
45920,0,0,0
245396,0,0,0
296827,0,0,0
167000,0,0,0
80128,0,0,0
12988,0,0,0
389146,0,0,0
256873,0,0,0
113565,0,0,0
398676,0,0,0
82480,0,0,0
218292,0,0,0
8688,0,0,0
205198,0,0,0
124705,0,0,0
752,0,0,0
236168,0,0,0
56801,0,0,0
398481,0,0,0
296303,0,0,0
304312,0,0,0
290371,0,0,0
284390,0,0,0
297164,0,0,0
68,0,0,0
177653,0,0,0
308663,0,0,0
383236,0,0,0
389639,0,0,0
197556,0,0,0
318222,0,0,0
218380,0,0,0
205329,0,0,0
133771,0,0,0
272321,0,0,0
64614,0,0,0
67407,0,0,0
19730,0,0,0
148318,0,0,0
29654,0,0,0
87744,0,0,0
86014,0,0,0
46250,0,0,0
33582,0,0,0
131849,0,0,0
337152,0,0,0
142273,0,0,0
29681,0,0,0
41876,0,0,0
212021,0,0,0
246657,0,0,0
97187,0,0,0
368145,0,0,0
183672,0,0,0
23926,0,0,0
320136,0,0,0
187467,0,0,0
8958,0,0,0
180318,0,0,0
213137,0,0,0
142790,0,0,0
260175,0,0,0
406214,0,0,0
247477,0,0,0
77706,0,0,0
222178,0,0,0
161347,0,0,0
38758,0,0,0
344783,0,0,0
284795,0,0,0
213547,0,0,0
330318,0,0,0
139270,0,0,0
394946,0,0,0
42699,0,0,0
399513,0,0,0
237739,0,0,0
360907,0,0,0
33648,0,0,0
371972,0,0,0
95140,0,0,0
265608,0,0,0
218741,0,0,0
403206,0,0,0
51205,0,0,0
218711,0,0,0
74265,0,0,0
22544,0,0,0
102438,0,0,0
142986,0,0,0
214441,0,0,0
153973,0,0,0
261361,0,0,0
212528,0,0,0
311115,0,0,0
232628,0,0,0
311998,0,0,0
307668,0,0,0
60862,0,0,0
110792,0,0,0
33163,0,0,0
367295,0,0,0
368315,0,0,0
373571,0,0,0
75610,0,0,0
63596,0,0,0
320689,0,0,0
367927,0,0,0
148818,0,0,0
307333,0,0,0
90163,0,0,0
406415,0,0,0
89586,0,0,0
4540,0,0,0
72726,0,0,0
203983,0,0,0
388253,0,0,0
70911,0,0,0
191222,0,0,0
324986,0,0,0
49065,0,0,0
329814,0,0,0
202579,0,0,0
371899,0,0,0
202479,0,0,0
394306,0,0,0
185696,0,0,0
319067,0,0,0
146306,0,0,0
289763,0,0,0
114357,0,0,0
192525,0,0,0
264296,0,0,0
85640,0,0,0
135974,0,0,0
232477,0,0,0
33411,0,0,0
242235,0,0,0
216536,0,0,0
315866,0,0,0
404900,0,0,0
113244,0,0,0
228995,0,0,0
19719,0,0,0
31023,0,0,0
235602,0,0,0
75829,0,0,0
54510,0,0,0
1838,0,0,0
65488,0,0,0
289797,0,0,0
7806,0,0,0
195990,0,0,0
124147,0,0,0
241182,0,0,0
80717,0,0,0
306290,0,0,0
53424,0,0,0
69668,0,0,0
116825,0,0,0
129496,0,0,0
27735,0,0,0
141770,0,0,0
138027,0,0,0
411095,0,0,0
68775,0,0,0
349053,0,0,0
192564,0,0,0
183243,0,0,0
291109,0,0,0
15598,0,0,0
274184,0,0,0
329890,0,0,0
316646,0,0,0
392688,0,0,0
378329,0,0,0
171828,0,0,0
379112,0,0,0
236431,0,0,0
57513,0,0,0
330386,0,0,0
299475,0,0,0
326554,0,0,0
368071,0,0,0
182309,0,0,0
183412,0,0,0
223496,0,0,0
250737,0,0,0
222203,0,0,0
336429,0,0,0
325604,0,0,0
101879,0,0,0
376216,0,0,0
330131,0,0,0
12751,0,0,0
126012,0,0,0
234512,0,0,0
337310,0,0,0
162671,0,0,0
288656,0,0,0
229357,0,0,0
209439,0,0,0
368127,0,0,0
256836,0,0,0
269400,0,0,0
202109,0,0,0
325207,0,0,0
368112,0,0,0
37351,0,0,0
159591,0,0,0
239449,0,0,0
236760,0,0,0
374287,0,0,0
312719,0,0,0
90731,0,0,0
302177,0,0,0
346806,0,0,0
99972,0,0,0
285436,0,0,0
2305,0,0,0
346738,0,0,0
236892,0,0,0
106707,0,0,0
338777,0,0,0
340040,0,0,0
336795,0,0,0
173626,0,0,0
109841,0,0,0
112113,0,0,0
294907,0,0,0
21563,0,0,0
311927,0,0,0
309492,0,0,0
316168,0,0,0
205117,0,0,0
313120,0,0,0
239744,0,0,0
295743,0,0,0
53011,0,0,0
206014,0,0,0
96890,0,0,0
54830,0,0,0
73225,0,0,0
14561,0,0,0
408504,0,0,0
199532,0,0,0
196372,0,0,0
248235,0,0,0
384161,0,0,0
297633,0,0,0
284571,0,0,0
347899,0,0,0
187133,0,0,0
24509,0,0,0
165142,0,0,0
27271,0,0,0
13951,0,0,0
231587,0,0,0
374044,0,0,0
257211,0,0,0
320378,0,0,0
251370,0,0,0
266160,0,0,0
75657,0,0,0
320819,0,0,0
341567,0,0,0
185894,0,0,0
307405,0,0,0
63307,0,0,0
94718,0,0,0
298921,0,0,0
106416,0,0,0
99125,0,0,0
363211,0,0,0
351466,0,0,0
240269,0,0,0
286235,0,0,0
289063,0,0,0
227042,0,0,0
375550,0,0,0
356173,0,0,0
100159,0,0,0
204787,0,0,0
38240,0,0,0
214684,0,0,0
109258,0,0,0
187597,0,0,0
31272,0,0,0
38666,0,0,0
16436,0,0,0
300330,0,0,0
111509,0,0,0
384409,0,0,0
279757,0,0,0
190107,0,0,0
346280,0,0,0
207029,0,0,0
273383,0,0,0
280313,0,0,0
295366,0,0,0
182542,0,0,0
168791,0,0,0
140475,0,0,0
330911,0,0,0
43979,0,0,0
72289,0,0,0
345090,0,0,0
44236,0,0,0
352796,0,0,0
52141,0,0,0
355679,0,0,0
62728,0,0,0
7587,0,0,0
75477,0,0,0
394604,0,0,0
338448,0,0,0
174216,0,0,0
91003,0,0,0
53916,0,0,0
358127,0,0,0
398276,0,0,0
350806,0,0,0
410477,0,0,0
10454,0,0,0
243339,0,0,0
410145,0,0,0
24947,0,0,0
397641,0,0,0
219513,0,0,0
264777,0,0,0
198921,0,0,0
208438,0,0,0
263053,0,0,0
273489,0,0,0
383416,0,0,0
280605,0,0,0
178425,0,0,0
359008,0,0,0
341273,0,0,0
32083,0,0,0
171707,0,0,0
121730,0,0,0
112479,0,0,0
174238,0,0,0
85493,0,0,0
406160,0,0,0
36314,0,0,0
339210,0,0,0
52073,0,0,0
396778,0,0,0
351869,0,0,0
24349,0,0,0
278837,0,0,0
38082,0,0,0
23185,0,0,0
90697,0,0,0
199435,0,0,0
21601,0,0,0
244527,0,0,0
369621,0,0,0
105673,0,0,0
259619,0,0,0
376452,0,0,0
390623,0,0,0
231331,0,0,0
85499,0,0,0
409610,0,0,0
219029,0,0,0
100291,0,0,0
109686,0,0,0
55464,0,0,0
94095,0,0,0
374354,0,0,0
289915,0,0,0
107568,0,0,0
25207,0,0,0
161438,0,0,0
341595,0,0,0
25735,0,0,0
239731,0,0,0
56425,0,0,0
152070,0,0,0
130421,0,0,0
33384,0,0,0
112525,0,0,0
164867,0,0,0
340562,0,0,0
324813,0,0,0
285745,0,0,0
15114,0,0,0
313886,0,0,0
237315,0,0,0
30633,0,0,0
253714,0,0,0
49581,0,0,0
47289,0,0,0
178717,0,0,0
90194,0,0,0
191116,0,0,0
104227,0,0,0
71392,0,0,0
405984,0,0,0
302691,0,0,0
300935,0,0,0
123250,0,0,0
254395,0,0,0
335020,0,0,0
135225,0,0,0
56619,0,0,0
396935,0,0,0
101823,0,0,0
239872,0,0,0
314345,0,0,0
353819,0,0,0
313822,0,0,0
209518,0,0,0
363180,0,0,0
193361,0,0,0
86578,0,0,0
108452,0,0,0
410192,0,0,0
149321,0,0,0
290915,0,0,0
379907,0,0,0
73333,0,0,0
327405,0,0,0
364821,0,0,0
160303,0,0,0
69768,0,0,0
340744,0,0,0
291868,0,0,0
283268,0,0,0
296539,0,0,0
149642,0,0,0
26095,0,0,0
140733,0,0,0
167668,0,0,0
246224,0,0,0
247765,0,0,0
17590,0,0,0
349920,0,0,0
149444,0,0,0
221175,0,0,0
362601,0,0,0
335714,0,0,0
53414,0,0,0
5981,0,0,0
359235,0,0,0
339681,0,0,0
173622,0,0,0
351217,0,0,0
45536,0,0,0
398492,0,0,0
390655,0,0,0
24372,0,0,0
98429,0,0,0
95633,0,0,0
122078,0,0,0
169613,0,0,0
407262,0,0,0
225416,0,0,0
373626,0,0,0
67861,0,0,0
350300,0,0,0
284008,0,0,0
47931,0,0,0
202855,0,0,0
155913,0,0,0
178206,0,0,0
285210,0,0,0
275346,0,0,0
46908,0,0,0
409221,0,0,0
293300,0,0,0
99572,0,0,0
397305,0,0,0
265683,0,0,0
342873,0,0,0
393557,0,0,0
321593,0,0,0
269056,0,0,0
203841,0,0,0
103383,0,0,0
16762,0,0,0
171410,0,0,0
343664,0,0,0
299922,0,0,0
276558,0,0,0
326275,0,0,0
158428,0,0,0
140142,0,0,0
13901,0,0,0
219647,0,0,0
93234,0,0,0
11069,0,0,0
325497,0,0,0
409655,0,0,0
339811,0,0,0
217023,0,0,0
240076,0,0,0
363993,0,0,0
247352,0,0,0
148083,0,0,0
266729,0,0,0
275907,0,0,0
333593,0,0,0
163601,0,0,0
57866,0,0,0
93,0,0,0
246724,0,0,0
44251,0,0,0
88794,0,0,0
223018,0,0,0
334591,0,0,0
239523,0,0,0
67777,0,0,0
271986,0,0,0
258681,0,0,0
381970,0,0,0
403684,0,0,0
179180,0,0,0
325709,0,0,0
410598,0,0,0
48532,0,0,0
3507,0,0,0
138811,0,0,0
176239,0,0,0
193126,0,0,0
53200,0,0,0
406424,0,0,0
74490,0,0,0
301593,0,0,0
226331,0,0,0
35216,0,0,0
126773,0,0,0
175788,0,0,0
276421,0,0,0
125142,0,0,0
160185,0,0,0
191433,0,0,0
87360,0,0,0
374277,0,0,0
217974,0,0,0
93257,0,0,0
222046,0,0,0
292004,0,0,0
375407,0,0,0
241572,0,0,0
70383,0,0,0
212511,0,0,0
177563,0,0,0
374500,0,0,0
386253,0,0,0
220706,0,0,0
243587,0,0,0
169692,0,0,0
123179,0,0,0
228519,0,0,0
232904,0,0,0
257738,0,0,0
198890,0,0,0
251093,0,0,0
39712,0,0,0
166900,0,0,0
337796,0,0,0
86880,0,0,0
159743,0,0,0
219930,0,0,0
57639,0,0,0
399836,0,0,0
73633,0,0,0
250766,0,0,0
169567,0,0,0
270198,0,0,0
158722,0,0,0
139467,0,0,0
52998,0,0,0
278286,0,0,0
218098,0,0,0
312408,0,0,0
327952,0,0,0
74818,0,0,0
11521,0,0,0
224704,0,0,0
303980,0,0,0
136544,0,0,0
242341,0,0,0
226384,0,0,0
256573,0,0,0
324781,0,0,0
170613,0,0,0
268560,0,0,0
68377,0,0,0
64517,0,0,0
335644,0,0,0
107079,0,0,0
187273,0,0,0
105420,0,0,0
130919,0,0,0
129560,0,0,0
96058,0,0,0
396303,0,0,0
276819,0,0,0
10585,0,0,0
352270,0,0,0
282389,0,0,0
87750,0,0,0
396035,0,0,0
39492,0,0,0
231617,0,0,0
248034,0,0,0
387087,0,0,0
37850,0,0,0
305233,0,0,0
351809,0,0,0
155112,0,0,0
286643,0,0,0
341219,0,0,0
273897,0,0,0
172467,0,0,0
343961,0,0,0
288206,0,0,0
378553,0,0,0
46090,0,0,0
243300,0,0,0
208315,0,0,0
148262,0,0,0
18530,0,0,0
350262,0,0,0
180619,0,0,0
320668,0,0,0
347327,0,0,0
80188,0,0,0
192778,0,0,0
389485,0,0,0
345909,0,0,0
189265,0,0,0
221254,0,0,0
99408,0,0,0
319442,0,0,0
388835,0,0,0
320236,0,0,0
136828,0,0,0
38676,0,0,0
13465,0,0,0
304038,0,0,0
369702,0,0,0
396791,0,0,0
325235,0,0,0
370302,0,0,0
351202,0,0,0
44547,0,0,0
155452,0,0,0
76114,0,0,0
13835,0,0,0
52354,0,0,0
250983,0,0,0
44572,0,0,0
63700,0,0,0
245170,0,0,0
146274,0,0,0
282793,0,0,0
332198,0,0,0
310981,0,0,0
48788,0,0,0
41020,0,0,0
390147,0,0,0
348078,0,0,0
278376,0,0,0
351350,0,0,0
144083,0,0,0
89734,0,0,0
18515,0,0,0
167924,0,0,0
123466,0,0,0
145748,0,0,0
42050,0,0,0
178426,0,0,0
84544,0,0,0
306411,0,0,0
111496,0,0,0
205233,0,0,0
171431,0,0,0
152489,0,0,0
258529,0,0,0
287432,0,0,0
263830,0,0,0
145508,0,0,0
397466,0,0,0
360062,0,0,0
337201,0,0,0
314387,0,0,0
338621,0,0,0
278646,0,0,0
358283,0,0,0
181216,0,0,0
201064,0,0,0
118113,0,0,0
277996,0,0,0
156696,0,0,0
103218,0,0,0
264276,0,0,0
237858,0,0,0
269336,0,0,0
379382,0,0,0
364231,0,0,0
348271,0,0,0
174033,0,0,0
101110,0,0,0
24048,0,0,0
394384,0,0,0
346922,0,0,0
108554,0,0,0
146143,0,0,0
125663,0,0,0
142335,0,0,0
132044,0,0,0
357358,0,0,0
77516,0,0,0
38134,0,0,0
282965,0,0,0
154739,0,0,0
373949,0,0,0
327737,0,0,0
271864,0,0,0
405824,0,0,0
350362,0,0,0
142609,0,0,0
247912,0,0,0
290351,0,0,0
307760,0,0,0
96797,0,0,0
88810,0,0,0
384953,0,0,0
292749,0,0,0
253742,0,0,0
239250,0,0,0
292591,0,0,0
326897,0,0,0
372642,0,0,0
331788,0,0,0
232577,0,0,0
351400,0,0,0
37611,0,0,0
66423,0,0,0
233769,0,0,0
167459,0,0,0
166711,0,0,0
176076,0,0,0
202123,0,0,0
21955,0,0,0
248753,0,0,0
324574,0,0,0
131328,0,0,0
392775,0,0,0
178920,0,0,0
109702,0,0,0
168194,0,0,0
17286,0,0,0
168618,0,0,0
120206,0,0,0
91571,0,0,0
221223,0,0,0
140640,0,0,0
176834,0,0,0
243077,0,0,0
190209,0,0,0
60800,0,0,0
181396,0,0,0
41328,0,0,0
228932,0,0,0
215213,0,0,0
24346,0,0,0
6009,0,0,0
323975,0,0,0
7623,0,0,0
129663,0,0,0
122376,0,0,0
132394,0,0,0
244191,0,0,0
238482,0,0,0
269143,0,0,0
172586,0,0,0
6648,0,0,0
75831,0,0,0
351226,0,0,0
289765,0,0,0
34832,0,0,0
20380,0,0,0
55699,0,0,0
396595,0,0,0
406619,0,0,0
101128,0,0,0
79455,0,0,0
381584,0,0,0
395472,0,0,0
123405,0,0,0
275927,0,0,0
59150,0,0,0
202740,0,0,0
285266,0,0,0
229147,0,0,0
65688,0,0,0
382386,0,0,0
4095,0,0,0
384805,0,0,0
98850,0,0,0
77730,0,0,0
214731,0,0,0
196080,0,0,0
142676,0,0,0
6159,0,0,0
225746,0,0,0
388976,0,0,0
141464,0,0,0
149255,0,0,0
359111,0,0,0
332835,0,0,0
154972,0,0,0
310397,0,0,0
323820,0,0,0
70876,0,0,0
166410,0,0,0
148384,0,0,0
74290,0,0,0
215758,0,0,0
107509,0,0,0
24557,0,0,0
259561,0,0,0
170066,0,0,0
250814,0,0,0
74367,0,0,0
319499,0,0,0
214902,0,0,0
375429,0,0,0
217188,0,0,0
316911,0,0,0
361232,0,0,0
347328,0,0,0
263174,0,0,0
52674,0,0,0
302386,0,0,0
29188,0,0,0
374727,0,0,0
351885,0,0,0
375383,0,0,0
407529,0,0,0
250961,0,0,0
126354,0,0,0
38221,0,0,0
232124,0,0,0
161077,0,0,0
113591,0,0,0
179801,0,0,0
331235,0,0,0
94455,0,0,0
39884,0,0,0
462,0,0,0
137620,0,0,0
158133,0,0,0
330363,0,0,0
227234,0,0,0
372453,0,0,0
144645,0,0,0
291750,0,0,0
318846,0,0,0
92745,0,0,0
142941,0,0,0
104555,0,0,0
214670,0,0,0
17924,0,0,0
116354,0,0,0
290809,0,0,0
326574,0,0,0
119045,0,0,0
219426,0,0,0
59302,0,0,0
276955,0,0,0
266489,0,0,0
365440,0,0,0
316116,0,0,0
50114,0,0,0
238978,0,0,0
340067,0,0,0
4840,0,0,0
292403,0,0,0
134230,0,0,0
115271,0,0,0
10131,0,0,0
233471,0,0,0
363473,0,0,0
70508,0,0,0
185907,0,0,0
215884,0,0,0
302702,0,0,0
380199,0,0,0
264374,0,0,0
255852,0,0,0
160897,0,0,0
147100,0,0,0
254051,0,0,0
338712,0,0,0
30051,0,0,0
205113,0,0,0
350357,0,0,0
389627,0,0,0
359683,0,0,0
2765,0,0,0
230569,0,0,0
88045,0,0,0
408650,0,0,0
96342,0,0,0
247472,0,0,0
172314,0,0,0
139322,0,0,0
405518,0,0,0
18464,0,0,0
225208,0,0,0
293128,0,0,0
293211,0,0,0
286249,0,0,0
221674,0,0,0
311989,0,0,0
126566,0,0,0
32596,0,0,0
41233,0,0,0
275339,0,0,0
221878,0,0,0
338105,0,0,0
51593,0,0,0
281323,0,0,0
374066,0,0,0
336891,0,0,0
116782,0,0,0
111897,0,0,0
323904,0,0,0
22987,0,0,0
161850,0,0,0
26333,0,0,0
389847,0,0,0
405262,0,0,0
23226,0,0,0
151475,0,0,0
11017,0,0,0
173288,0,0,0
40076,0,0,0
145681,0,0,0
108455,0,0,0
324899,0,0,0
131468,0,0,0
126537,0,0,0
61091,0,0,0
206141,0,0,0
57413,0,0,0
215478,0,0,0
93712,0,0,0
232257,0,0,0
103136,0,0,0
46009,0,0,0
94873,0,0,0
192717,0,0,0
7252,0,0,0
148773,0,0,0
84269,0,0,0
340436,0,0,0
95385,0,0,0
48952,0,0,0
206043,0,0,0
73848,0,0,0
52066,0,0,0
254184,0,0,0
174826,0,0,0
82905,0,0,0
148847,0,0,0
70246,0,0,0
28049,0,0,0
326340,0,0,0
118847,0,0,0
241888,0,0,0
334442,0,0,0
213837,0,0,0
406726,0,0,0
78858,0,0,0
193128,0,0,0
172556,0,0,0
97923,0,0,0
217837,0,0,0
219775,0,0,0
365643,0,0,0
285901,0,0,0
146886,0,0,0
364403,0,0,0
182515,0,0,0
112894,0,0,0
341621,0,0,0
198192,0,0,0
250796,0,0,0
7255,0,0,0
372132,0,0,0
201933,0,0,0
17384,0,0,0
70822,0,0,0
81698,0,0,0
36036,0,0,0
363882,0,0,0
290765,0,0,0
231294,0,0,0
35078,0,0,0
323517,0,0,0
251611,0,0,0
133314,0,0,0
319437,0,0,0
375227,0,0,0
401379,0,0,0
31487,0,0,0
294902,0,0,0
407218,0,0,0
370316,0,0,0
327189,0,0,0
210842,0,0,0
159060,0,0,0
134406,0,0,0
243749,0,0,0
217340,0,0,0
115322,0,0,0
64601,0,0,0
368444,0,0,0
165593,0,0,0
261842,0,0,0
372152,0,0,0
24333,0,0,0
400529,0,0,0
365044,0,0,0
189004,0,0,0
304965,0,0,0
163569,0,0,0
112596,0,0,0
134089,0,0,0
291744,0,0,0
83484,0,0,0
356017,0,0,0
215012,0,0,0
184331,0,0,0
63694,0,0,0
142759,0,0,0
109013,0,0,0
33263,0,0,0
398409,0,0,0
98339,0,0,0
233436,0,0,0
296564,0,0,0
170323,0,0,0
71119,0,0,0
50497,0,0,0
405010,0,0,0
349173,0,0,0
338908,0,0,0
389518,0,0,0
131543,0,0,0
271393,0,0,0
48048,0,0,0
232263,0,0,0
6292,0,0,0
190164,0,0,0
218391,0,0,0
334385,0,0,0
404387,0,0,0
163626,0,0,0
284012,0,0,0
6901,0,0,0
106694,0,0,0
129829,0,0,0
64730,0,0,0
135492,0,0,0
403512,0,0,0
137991,0,0,0
244027,0,0,0
381819,0,0,0
62875,0,0,0
363477,0,0,0
317277,0,0,0
405780,0,0,0
22204,0,0,0
229395,0,0,0
43379,0,0,0
130683,0,0,0
390508,0,0,0
3036,0,0,0
210028,0,0,0
217909,0,0,0
246099,0,0,0
60349,0,0,0
208426,0,0,0
81295,0,0,0
295404,0,0,0
340874,0,0,0
106506,0,0,0
203635,0,0,0
323935,0,0,0
273519,0,0,0
152909,0,0,0
318320,0,0,0
218928,0,0,0
188489,0,0,0
230430,0,0,0
231097,0,0,0
118476,0,0,0
15837,0,0,0
229507,0,0,0
168658,0,0,0
28902,0,0,0
248408,0,0,0
318113,0,0,0
177424,0,0,0
296293,0,0,0
206980,0,0,0
32494,0,0,0
280686,0,0,0
12243,0,0,0
122388,0,0,0
353088,0,0,0
286107,0,0,0
257721,0,0,0
164943,0,0,0
67278,0,0,0
4382,0,0,0
275661,0,0,0
209811,0,0,0
80415,0,0,0
399556,0,0,0
20047,0,0,0
286963,0,0,0
72872,0,0,0
405754,0,0,0
311460,0,0,0
231416,0,0,0
17568,0,0,0
46288,0,0,0
779,0,0,0
280687,0,0,0
250600,0,0,0
124703,0,0,0
366496,0,0,0
193116,0,0,0
130848,0,0,0
42908,0,0,0
316571,0,0,0
326601,0,0,0
355314,0,0,0
341892,0,0,0
238310,0,0,0
6522,0,0,0
29452,0,0,0
396387,0,0,0
166159,0,0,0
115334,0,0,0
52892,0,0,0
203445,0,0,0
384238,0,0,0
297725,0,0,0
173297,0,0,0
276511,0,0,0
263648,0,0,0
208372,0,0,0
291145,0,0,0
114808,0,0,0
244501,0,0,0
366188,0,0,0
257303,0,0,0
201716,0,0,0
147064,0,0,0
50240,0,0,0
401066,0,0,0
399497,0,0,0
158172,0,0,0
64916,0,0,0
377538,0,0,0
57420,0,0,0
9803,0,0,0
169822,0,0,0
365263,0,0,0
181249,0,0,0
321478,0,0,0
250552,0,0,0
261676,0,0,0
221521,0,0,0
248758,0,0,0
372396,0,0,0
30443,0,0,0
150864,0,0,0
344651,0,0,0
299857,0,0,0
251610,0,0,0
189800,0,0,0
72694,0,0,0
22964,0,0,0
331448,0,0,0
7742,0,0,0
117409,0,0,0
255871,0,0,0
246460,0,0,0
79850,0,0,0
346599,0,0,0
96668,0,0,0
358939,0,0,0
1317,0,0,0
406280,0,0,0
355401,0,0,0
271636,0,0,0
325491,0,0,0
294082,0,0,0
103299,0,0,0
134520,0,0,0
64140,0,0,0
47185,0,0,0
186850,0,0,0
271473,0,0,0
290476,0,0,0
124049,0,0,0
74743,0,0,0
202553,0,0,0
135268,0,0,0
353933,0,0,0
333956,0,0,0
391266,0,0,0
89139,0,0,0
156843,0,0,0
396218,0,0,0
118401,0,0,0
408731,0,0,0
142893,0,0,0
128537,0,0,0
406983,0,0,0
253996,0,0,0
411398,0,0,0
30862,0,0,0
107751,0,0,0
383659,0,0,0
219905,0,0,0
47906,0,0,0
102895,0,0,0
246594,0,0,0
17784,0,0,0
37230,0,0,0
273431,0,0,0
251546,0,0,0
230513,0,0,0
303815,0,0,0
21130,0,0,0
339369,0,0,0
322125,0,0,0
230533,0,0,0
159471,0,0,0
375496,0,0,0
333034,0,0,0
120430,0,0,0
246256,0,0,0
227407,0,0,0
302007,0,0,0
278802,0,0,0
237230,0,0,0
72646,0,0,0
344845,0,0,0
308352,0,0,0
391835,0,0,0
388168,0,0,0
340211,0,0,0
3689,0,0,0
268337,0,0,0
379262,0,0,0
51311,0,0,0
27361,0,0,0
402729,0,0,0
20139,0,0,0
34792,0,0,0
40800,0,0,0
5497,0,0,0
279589,0,0,0
11281,0,0,0
350244,0,0,0
25553,0,0,0
383483,0,0,0
131287,0,0,0
404791,0,0,0
235627,0,0,0
40887,0,0,0
386804,0,0,0
195918,0,0,0
155033,0,0,0
202587,0,0,0
313521,0,0,0
266892,0,0,0
50000,0,0,0
408255,0,0,0
10182,0,0,0
276937,0,0,0
236498,0,0,0
338998,0,0,0
290959,0,0,0
132263,0,0,0
97250,0,0,0
280938,0,0,0
186632,0,0,0
304460,0,0,0
159582,0,0,0
219127,0,0,0
232660,0,0,0
409306,0,0,0
181770,0,0,0
349195,0,0,0
81917,0,0,0
239421,0,0,0
34163,0,0,0
132396,0,0,0
14800,0,0,0
173686,0,0,0
399258,0,0,0
347072,0,0,0
381086,0,0,0
379298,0,0,0
72437,0,0,0
185429,0,0,0
298308,0,0,0
288065,0,0,0
143144,0,0,0
239064,0,0,0
266152,0,0,0
61234,0,0,0
390333,0,0,0
77992,0,0,0
19097,0,0,0
396354,0,0,0
288565,0,0,0
299418,0,0,0
83382,0,0,0
253318,0,0,0
333243,0,0,0
46451,0,0,0
129928,0,0,0
275374,0,0,0
275648,0,0,0
73281,0,0,0
29351,0,0,0
268038,0,0,0
276466,0,0,0
246849,0,0,0
344665,0,0,0
44266,0,0,0
312329,0,0,0
356987,0,0,0
299984,0,0,0
24662,0,0,0
712,0,0,0
119599,0,0,0
2995,0,0,0
68508,0,0,0
32456,0,0,0
375533,0,0,0
155798,0,0,0
129031,0,0,0
151286,0,0,0
213586,0,0,0
172750,0,0,0
168944,0,0,0
3125,0,0,0
66374,0,0,0
102205,0,0,0
62784,0,0,0
104029,0,0,0
1360,0,0,0
219969,0,0,0
346393,0,0,0
406024,0,0,0
251322,0,0,0
175836,0,0,0
145573,0,0,0
139147,0,0,0
379676,0,0,0
373747,0,0,0
186871,0,0,0
17709,0,0,0
255766,0,0,0
344416,0,0,0
175765,0,0,0
18241,0,0,0
38121,0,0,0
370874,0,0,0
406043,0,0,0
86085,0,0,0
178690,0,0,0
144431,0,0,0
169134,0,0,0
211669,0,0,0
191088,0,0,0
51910,0,0,0
182282,0,0,0
197392,0,0,0
367743,0,0,0
112263,0,0,0
94908,0,0,0
43384,0,0,0
224302,0,0,0
59234,0,0,0
230011,0,0,0
33092,0,0,0
105151,0,0,0
138435,0,0,0
65711,0,0,0
76801,0,0,0
152131,0,0,0
131660,0,0,0
243322,0,0,0
32203,0,0,0
279355,0,0,0
204,0,0,0
149117,0,0,0
77135,0,0,0
390163,0,0,0
268889,0,0,0
3216,0,0,0
270490,0,0,0
248647,0,0,0
141093,0,0,0
342319,0,0,0
250125,0,0,0
269093,0,0,0
324253,0,0,0
244965,0,0,0
122426,0,0,0
87863,0,0,0
356375,0,0,0
15536,0,0,0
123932,0,0,0
279039,0,0,0
137690,0,0,0
340646,0,0,0
221971,0,0,0
189852,0,0,0
304419,0,0,0
293139,0,0,0
347793,0,0,0
250033,0,0,0
254168,0,0,0
322116,0,0,0
102354,0,0,0
122563,0,0,0
162604,0,0,0
120175,0,0,0
315433,0,0,0
181285,0,0,0
106637,0,0,0
350003,0,0,0
128669,0,0,0
68928,0,0,0
347816,0,0,0
201902,0,0,0
33806,0,0,0
61846,0,0,0
161644,0,0,0
261527,0,0,0
92945,0,0,0
85174,0,0,0
62835,0,0,0
129371,0,0,0
200346,0,0,0
141142,0,0,0
52813,0,0,0
399810,0,0,0
57645,0,0,0
248745,0,0,0
173328,0,0,0
373931,0,0,0
365255,0,0,0
76040,0,0,0
43277,0,0,0
61523,0,0,0
396557,0,0,0
9223,0,0,0
320787,0,0,0
219662,0,0,0
387749,0,0,0
62381,0,0,0
296951,0,0,0
288709,0,0,0
127011,0,0,0
109300,0,0,0
39743,0,0,0
113809,0,0,0
50233,0,0,0
40259,0,0,0
216214,0,0,0
197160,0,0,0
171574,0,0,0
287177,0,0,0
188682,0,0,0
61454,0,0,0
12215,0,0,0
132229,0,0,0
121829,0,0,0
86442,0,0,0
260330,0,0,0
407332,0,0,0
257537,0,0,0
140798,0,0,0
181142,0,0,0
107296,0,0,0
177452,0,0,0
201814,0,0,0
385944,0,0,0
320288,0,0,0
18487,0,0,0
157550,0,0,0
92559,0,0,0
150885,0,0,0
405178,0,0,0
369656,0,0,0
49133,0,0,0
172518,0,0,0
359303,0,0,0
147427,0,0,0
9506,0,0,0
88341,0,0,0
311851,0,0,0
124829,0,0,0
1679,0,0,0
205649,0,0,0
232631,0,0,0
83268,0,0,0
146936,0,0,0
331496,0,0,0
126732,0,0,0
222740,0,0,0
336223,0,0,0
30244,0,0,0
293375,0,0,0
332938,0,0,0
197447,0,0,0
366596,0,0,0
172573,0,0,0
296285,0,0,0
222661,0,0,0
263840,0,0,0
215914,0,0,0
136188,0,0,0
358933,0,0,0
142723,0,0,0
206385,0,0,0
203670,0,0,0
328226,0,0,0
199627,0,0,0
188201,0,0,0
371235,0,0,0
80050,0,0,0
300082,0,0,0
44641,0,0,0
161416,0,0,0
378573,0,0,0
251171,0,0,0
371308,0,0,0
203973,0,0,0
378610,0,0,0
134282,0,0,0
2072,0,0,0
365890,0,0,0
173164,0,0,0
267883,0,0,0
365208,0,0,0
379455,0,0,0
74251,0,0,0
314860,0,0,0
348067,0,0,0
217409,0,0,0
251736,0,0,0
96682,0,0,0
106322,0,0,0
383822,0,0,0
204280,0,0,0
2049,0,0,0
379642,0,0,0
106523,0,0,0
12633,0,0,0
221662,0,0,0
362515,0,0,0
407497,0,0,0
2485,0,0,0
231708,0,0,0
304366,0,0,0
369421,0,0,0
201310,0,0,0
97019,0,0,0
357164,0,0,0
319449,0,0,0
356926,0,0,0
187622,0,0,0
299300,0,0,0
255715,0,0,0
137362,0,0,0
146848,0,0,0
27309,0,0,0
73566,0,0,0
2169,0,0,0
199920,0,0,0
339469,0,0,0
122401,0,0,0
191708,0,0,0
308454,0,0,0
388056,0,0,0
371096,0,0,0
19400,0,0,0
209674,0,0,0
236399,0,0,0
146960,0,0,0
137166,0,0,0
264759,0,0,0
223707,0,0,0
134650,0,0,0
35884,0,0,0
399694,0,0,0
179727,0,0,0
290501,0,0,0
113182,0,0,0
340420,0,0,0
271049,0,0,0
255862,0,0,0
204906,0,0,0
402162,0,0,0
29581,0,0,0
242617,0,0,0
247830,0,0,0
3434,0,0,0
322950,0,0,0
222351,0,0,0
383982,0,0,0
361292,0,0,0
291336,0,0,0
114227,0,0,0
191437,0,0,0
213269,0,0,0
54968,0,0,0
53164,0,0,0
175493,0,0,0
401317,0,0,0
235824,0,0,0
388952,0,0,0
324197,0,0,0
385081,0,0,0
175869,0,0,0
357392,0,0,0
153305,0,0,0
189272,0,0,0
381285,0,0,0
363335,0,0,0
176262,0,0,0
15974,0,0,0
144529,0,0,0
34324,0,0,0
90609,0,0,0
212508,0,0,0
180896,0,0,0
72752,0,0,0
97205,0,0,0
69160,0,0,0
193537,0,0,0
62490,0,0,0
242774,0,0,0
357831,0,0,0
179566,0,0,0
220256,0,0,0
321020,0,0,0
392790,0,0,0
276038,0,0,0
311993,0,0,0
58815,0,0,0
381893,0,0,0
300032,0,0,0
4898,0,0,0
400544,0,0,0
292560,0,0,0
51073,0,0,0
106324,0,0,0
213174,0,0,0
294605,0,0,0
149397,0,0,0
126926,0,0,0
407241,0,0,0
361353,0,0,0
393340,0,0,0
375903,0,0,0
280642,0,0,0
97139,0,0,0
323429,0,0,0
119978,0,0,0
402127,0,0,0
130184,0,0,0
195725,0,0,0
319445,0,0,0
153210,0,0,0
79021,0,0,0
154405,0,0,0
211331,0,0,0
338752,0,0,0
315665,0,0,0
313506,0,0,0
136463,0,0,0
87512,0,0,0
156599,0,0,0
205461,0,0,0
346495,0,0,0
381884,0,0,0
89893,0,0,0
164712,0,0,0
203650,0,0,0
377937,0,0,0
241558,0,0,0
50889,0,0,0
25527,0,0,0
338276,0,0,0
238733,0,0,0
281984,0,0,0
375162,0,0,0
388462,0,0,0
78906,0,0,0
153313,0,0,0
157641,0,0,0
399886,0,0,0
23193,0,0,0
273348,0,0,0
108014,0,0,0
176109,0,0,0
62172,0,0,0
286015,0,0,0
174683,0,0,0
148351,0,0,0
35016,0,0,0
147122,0,0,0
404996,0,0,0
58214,0,0,0
68483,0,0,0
291722,0,0,0
234951,0,0,0
288888,0,0,0
384305,0,0,0
395708,0,0,0
214107,0,0,0
336758,0,0,0
130017,0,0,0
274204,0,0,0
347164,0,0,0
184638,0,0,0
174499,0,0,0
192591,0,0,0
206107,0,0,0
383373,0,0,0
403122,0,0,0
345946,0,0,0
129971,0,0,0
241989,0,0,0
159487,0,0,0
327911,0,0,0
131193,0,0,0
337098,0,0,0
228744,0,0,0
287387,0,0,0
17172,0,0,0
119790,0,0,0
25034,0,0,0
50571,0,0,0
151126,0,0,0
98102,0,0,0
192547,0,0,0
324997,0,0,0
360752,0,0,0
34293,0,0,0
213731,0,0,0
85387,0,0,0
239560,0,0,0
217575,0,0,0
211383,0,0,0
165938,0,0,0
287423,0,0,0
293071,0,0,0
221560,0,0,0
398261,0,0,0
117062,0,0,0
108569,0,0,0
351382,0,0,0
350488,0,0,0
7216,0,0,0
264140,0,0,0
153317,0,0,0
377009,0,0,0
351994,0,0,0
305082,0,0,0
339979,0,0,0
376085,0,0,0
404393,0,0,0
119997,0,0,0
306250,0,0,0
179149,0,0,0
358389,0,0,0
51364,0,0,0
403245,0,0,0
168762,0,0,0
286231,0,0,0
234917,0,0,0
57102,0,0,0
376684,0,0,0
276436,0,0,0
143753,0,0,0
146395,0,0,0
78178,0,0,0
4173,0,0,0
93042,0,0,0
36784,0,0,0
398912,0,0,0
134019,0,0,0
173776,0,0,0
358871,0,0,0
85527,0,0,0
52418,0,0,0
203309,0,0,0
74319,0,0,0
145068,0,0,0
66709,0,0,0
379573,0,0,0
381458,0,0,0
329714,0,0,0
126210,0,0,0
5303,0,0,0
405132,0,0,0
371821,0,0,0
70224,0,0,0
276658,0,0,0
263327,0,0,0
147939,0,0,0
42757,0,0,0
148689,0,0,0
185411,0,0,0
51042,0,0,0
168186,0,0,0
221015,0,0,0
157662,0,0,0
318001,0,0,0
383288,0,0,0
186051,0,0,0
34661,0,0,0
405595,0,0,0
54518,0,0,0
168986,0,0,0
37993,0,0,0
196757,0,0,0
312182,0,0,0
354909,0,0,0
344169,0,0,0
216926,0,0,0
76454,0,0,0
249748,0,0,0
14349,0,0,0
199994,0,0,0
21040,0,0,0
244778,0,0,0
343595,0,0,0
156525,0,0,0
98933,0,0,0
162030,0,0,0
277705,0,0,0
189772,0,0,0
202323,0,0,0
107162,0,0,0
178569,0,0,0
103396,0,0,0
198757,0,0,0
237695,0,0,0
253115,0,0,0
163412,0,0,0
226459,0,0,0
174313,0,0,0
349996,0,0,0
3711,0,0,0
158914,0,0,0
76763,0,0,0
107686,0,0,0
239924,0,0,0
146130,0,0,0
17026,0,0,0
208478,0,0,0
356756,0,0,0
68765,0,0,0
299020,0,0,0
70169,0,0,0
318726,0,0,0
205245,0,0,0
171656,0,0,0
359784,0,0,0
86645,0,0,0
229706,0,0,0
403737,0,0,0
6181,0,0,0
145885,0,0,0
22471,0,0,0
201042,0,0,0
94704,0,0,0
401161,0,0,0
76697,0,0,0
171024,0,0,0
342682,0,0,0
239901,0,0,0
17239,0,0,0
36159,0,0,0
338169,0,0,0
383247,0,0,0
22537,0,0,0
325479,0,0,0
288091,0,0,0
341980,0,0,0
117388,0,0,0
108528,0,0,0
235742,0,0,0
382708,0,0,0
128838,0,0,0
87766,0,0,0
32381,0,0,0
400066,0,0,0
273622,0,0,0
378883,0,0,0
212867,0,0,0
307618,0,0,0
164777,0,0,0
200146,0,0,0
95926,0,0,0
313741,0,0,0
276256,0,0,0
11792,0,0,0
28155,0,0,0
80259,0,0,0
376065,0,0,0
213733,0,0,0
118133,0,0,0
2760,0,0,0
212150,0,0,0
392825,0,0,0
394662,0,0,0
265288,0,0,0
3012,0,0,0
113070,0,0,0
96496,0,0,0
215230,0,0,0
136821,0,0,0
298735,0,0,0
187628,0,0,0
279040,0,0,0
287945,0,0,0
65949,0,0,0
16957,0,0,0
195857,0,0,0
302308,0,0,0
41090,0,0,0
393074,0,0,0
159549,0,0,0
365188,0,0,0
321480,0,0,0
189444,0,0,0
400297,0,0,0
368264,0,0,0
200057,0,0,0
146041,0,0,0
148110,0,0,0
208264,0,0,0
51643,0,0,0
6945,0,0,0
409673,0,0,0
87364,0,0,0
402387,0,0,0
257359,0,0,0
338188,0,0,0
235485,0,0,0
208368,0,0,0
314264,0,0,0
231403,0,0,0
240373,0,0,0
408975,0,0,0
330875,0,0,0
131776,0,0,0
204421,0,0,0
395425,0,0,0
25817,0,0,0
377029,0,0,0
324468,0,0,0
87354,0,0,0
361266,0,0,0
11926,0,0,0
41914,0,0,0
226563,0,0,0
216030,0,0,0
275677,0,0,0
255758,0,0,0
61443,0,0,0
357232,0,0,0
256092,0,0,0
375659,0,0,0
209224,0,0,0
249088,0,0,0
113404,0,0,0
63036,0,0,0
59595,0,0,0
73962,0,0,0
113078,0,0,0
285862,0,0,0
83740,0,0,0
338675,0,0,0
388482,0,0,0
98493,0,0,0
58130,0,0,0
66913,0,0,0
15286,0,0,0
396126,0,0,0
125041,0,0,0
143908,0,0,0
253265,0,0,0
365554,0,0,0
183919,0,0,0
198082,0,0,0
216668,0,0,0
67381,0,0,0
406968,0,0,0
223362,0,0,0
309526,0,0,0
202878,0,0,0
274763,0,0,0
284367,0,0,0
302249,0,0,0
117968,0,0,0
241212,0,0,0
70309,0,0,0
95912,0,0,0
176919,0,0,0
175001,0,0,0
29223,0,0,0
209430,0,0,0
256373,0,0,0
378735,0,0,0
158954,0,0,0
401935,0,0,0
174918,0,0,0
123479,0,0,0
329457,0,0,0
271000,0,0,0
65493,0,0,0
227306,0,0,0
23352,0,0,0
47286,0,0,0
350521,0,0,0
360754,0,0,0
95040,0,0,0
96711,0,0,0
169284,0,0,0
80365,0,0,0
291421,0,0,0
157425,0,0,0
350693,0,0,0
350350,0,0,0
189474,0,0,0
95273,0,0,0
915,0,0,0
64777,0,0,0
278013,0,0,0
378285,0,0,0
20860,0,0,0
78360,0,0,0
2061,0,0,0
152490,0,0,0
284240,0,0,0
9176,0,0,0
21516,0,0,0
189706,0,0,0
252428,0,0,0
166510,0,0,0
144457,0,0,0
10868,0,0,0
31402,0,0,0
355811,0,0,0
221185,0,0,0
130199,0,0,0
179547,0,0,0
208824,0,0,0
234205,0,0,0
318928,0,0,0
50,0,0,0
215147,0,0,0
387272,0,0,0
27246,0,0,0
252580,0,0,0
50760,0,0,0
137784,0,0,0
185490,0,0,0
341540,0,0,0
409192,0,0,0
377327,0,0,0
108681,0,0,0
301460,0,0,0
36817,0,0,0
147469,0,0,0
404987,0,0,0
133589,0,0,0
250241,0,0,0
357895,0,0,0
51755,0,0,0
143459,0,0,0
191060,0,0,0
375115,0,0,0
383544,0,0,0
408738,0,0,0
179354,0,0,0
199069,0,0,0
205775,0,0,0
111033,0,0,0
271140,0,0,0
171280,0,0,0
112610,0,0,0
40997,0,0,0
11135,0,0,0
191206,0,0,0
186228,0,0,0
225520,0,0,0
410267,0,0,0
396581,0,0,0
277587,0,0,0
198908,0,0,0
296403,0,0,0
383415,0,0,0
71247,0,0,0
365516,0,0,0
112063,0,0,0
370223,0,0,0
346320,0,0,0
215594,0,0,0
200537,0,0,0
313898,0,0,0
323053,0,0,0
176893,0,0,0
334919,0,0,0
280277,0,0,0
194740,0,0,0
20678,0,0,0
45246,0,0,0
306797,0,0,0
67499,0,0,0
134607,0,0,0
410831,0,0,0
212542,0,0,0
231268,0,0,0
33214,0,0,0
47632,0,0,0
112259,0,0,0
13834,0,0,0
232274,0,0,0
156003,0,0,0
288766,0,0,0
119565,0,0,0
111597,0,0,0
154683,0,0,0
130482,0,0,0
171132,0,0,0
40756,0,0,0
99975,0,0,0
6643,0,0,0
190866,0,0,0
244137,0,0,0
321894,0,0,0
146559,0,0,0
406735,0,0,0
210205,0,0,0
366424,0,0,0
304357,0,0,0
29484,0,0,0
137354,0,0,0
240873,0,0,0
157699,0,0,0
316751,0,0,0
131415,0,0,0
202557,0,0,0
135169,0,0,0
206033,0,0,0
146892,0,0,0
240486,0,0,0
406130,0,0,0
247654,0,0,0
92055,0,0,0
89246,0,0,0
236195,0,0,0
93845,0,0,0
253642,0,0,0
357791,0,0,0
242033,0,0,0
183740,0,0,0
148826,0,0,0
68191,0,0,0
387530,0,0,0
54230,0,0,0
300351,0,0,0
271483,0,0,0
318418,0,0,0
282557,0,0,0
75267,0,0,0
166431,0,0,0
67412,0,0,0
206406,0,0,0
14640,0,0,0
158203,0,0,0
1581,0,0,0
288191,0,0,0
44858,0,0,0
399367,0,0,0
134980,0,0,0
360032,0,0,0
113883,0,0,0
353667,0,0,0
126327,0,0,0
345078,0,0,0
123302,0,0,0
266315,0,0,0
34261,0,0,0
20795,0,0,0
210735,0,0,0
110372,0,0,0
332057,0,0,0
409346,0,0,0
261808,0,0,0
333057,0,0,0
357288,0,0,0
192256,0,0,0
272859,0,0,0
9678,0,0,0
205532,0,0,0
329621,0,0,0
33016,0,0,0
69748,0,0,0
103419,0,0,0
382576,0,0,0
35070,0,0,0
177984,0,0,0
174192,0,0,0
313981,0,0,0
396447,0,0,0
302212,0,0,0
12887,0,0,0
200380,0,0,0
2039,0,0,0
48421,0,0,0
261089,0,0,0
98922,0,0,0
199990,0,0,0
235337,0,0,0
75742,0,0,0
78645,0,0,0
132612,0,0,0
55738,0,0,0
404439,0,0,0
117530,0,0,0
404365,0,0,0
125057,0,0,0
220956,0,0,0
35653,0,0,0
184536,0,0,0
159850,0,0,0
200505,0,0,0
311716,0,0,0
69064,0,0,0
25826,0,0,0
243219,0,0,0
79156,0,0,0
231507,0,0,0
133625,0,0,0
338418,0,0,0
36191,0,0,0
18542,0,0,0
340080,0,0,0
193440,0,0,0
186398,0,0,0
55846,0,0,0
207668,0,0,0
111988,0,0,0
280217,0,0,0
250118,0,0,0
339793,0,0,0
1792,0,0,0
171600,0,0,0
386712,0,0,0
385652,0,0,0
408761,0,0,0
84680,0,0,0
81147,0,0,0
107052,0,0,0
345139,0,0,0
144904,0,0,0
273076,0,0,0
262384,0,0,0
194410,0,0,0
139170,0,0,0
31964,0,0,0
170073,0,0,0
285524,0,0,0
273559,0,0,0
173491,0,0,0
390102,0,0,0
320039,0,0,0
4576,0,0,0
166597,0,0,0
340576,0,0,0
305504,0,0,0
290635,0,0,0
319884,0,0,0
288331,0,0,0
289029,0,0,0
53202,0,0,0
254879,0,0,0
354567,0,0,0
210137,0,0,0
275656,0,0,0
78686,0,0,0
121605,0,0,0
127990,0,0,0
227349,0,0,0
124566,0,0,0
45597,0,0,0
227609,0,0,0
154137,0,0,0
354311,0,0,0
271015,0,0,0
213949,0,0,0
356382,0,0,0
132690,0,0,0
337677,0,0,0
354216,0,0,0
136466,0,0,0
220077,0,0,0
18743,0,0,0
301003,0,0,0
399979,0,0,0
236599,0,0,0
19060,0,0,0
119582,0,0,0
167755,0,0,0
210372,0,0,0
392687,0,0,0
62907,0,0,0
163824,0,0,0
257769,0,0,0
247609,0,0,0
141898,0,0,0
313687,0,0,0
55864,0,0,0
46074,0,0,0
261495,0,0,0
263666,0,0,0
363635,0,0,0
125094,0,0,0
340968,0,0,0
211899,0,0,0
48438,0,0,0
20358,0,0,0
303025,0,0,0
325708,0,0,0
134633,0,0,0
48705,0,0,0
149686,0,0,0
399074,0,0,0
69025,0,0,0
387942,0,0,0
289121,0,0,0
390,0,0,0
107921,0,0,0
112986,0,0,0
206868,0,0,0
95543,0,0,0
255395,0,0,0
88608,0,0,0
98554,0,0,0
29591,0,0,0
338710,0,0,0
163338,0,0,0
236973,0,0,0
357641,0,0,0
317452,0,0,0
45885,0,0,0
24535,0,0,0
28890,0,0,0
114462,0,0,0
81842,0,0,0
155399,0,0,0
256071,0,0,0
38060,0,0,0
45600,0,0,0
241937,0,0,0
759,0,0,0
395050,0,0,0
171355,0,0,0
287310,0,0,0
311374,0,0,0
158387,0,0,0
270212,0,0,0
130024,0,0,0
123526,0,0,0
222966,0,0,0
349319,0,0,0
157148,0,0,0
13749,0,0,0
328332,0,0,0
82225,0,0,0
264260,0,0,0
210363,0,0,0
55554,0,0,0
335879,0,0,0
270917,0,0,0
49210,0,0,0
342955,0,0,0
376196,0,0,0
340333,0,0,0
260132,0,0,0
25166,0,0,0
403100,0,0,0
365291,0,0,0
395382,0,0,0
57648,0,0,0
341629,0,0,0
314365,0,0,0
258161,0,0,0
85643,0,0,0
91246,0,0,0
322252,0,0,0
205016,0,0,0
367748,0,0,0
140838,0,0,0
43130,0,0,0
122559,0,0,0
146181,0,0,0
40551,0,0,0
303780,0,0,0
263359,0,0,0
71884,0,0,0
59838,0,0,0
203324,0,0,0
181243,0,0,0
359980,0,0,0
395375,0,0,0
18805,0,0,0
63718,0,0,0
305837,0,0,0
353405,0,0,0
262459,0,0,0
392223,0,0,0
323522,0,0,0
204679,0,0,0
392215,0,0,0
86878,0,0,0
111200,0,0,0
182708,0,0,0
264906,0,0,0
392538,0,0,0
263857,0,0,0
338101,0,0,0
198642,0,0,0
85523,0,0,0
240327,0,0,0
257169,0,0,0
240309,0,0,0
284899,0,0,0
278031,0,0,0
377494,0,0,0
161103,0,0,0
180306,0,0,0
93828,0,0,0
14476,0,0,0
4867,0,0,0
362533,0,0,0
142533,0,0,0
99862,0,0,0
121459,0,0,0
73845,0,0,0
378448,0,0,0
151400,0,0,0
148756,0,0,0
293164,0,0,0
205701,0,0,0
376458,0,0,0
375531,0,0,0
256139,0,0,0
185616,0,0,0
269706,0,0,0
85866,0,0,0
300094,0,0,0
332856,0,0,0
9264,0,0,0
365035,0,0,0
345829,0,0,0
390552,0,0,0
261105,0,0,0
138165,0,0,0
28051,0,0,0
397226,0,0,0
5880,0,0,0
46578,0,0,0
3322,0,0,0
221360,0,0,0
397543,0,0,0
168752,0,0,0
367944,0,0,0
16449,0,0,0
325906,0,0,0
4273,0,0,0
236671,0,0,0
215201,0,0,0
122311,0,0,0
211616,0,0,0
2590,0,0,0
403207,0,0,0
101683,0,0,0
83715,0,0,0
9234,0,0,0
187541,0,0,0
336019,0,0,0
387599,0,0,0
111505,0,0,0
215671,0,0,0
301532,0,0,0
409803,0,0,0
262498,0,0,0
1365,0,0,0
346038,0,0,0
173958,0,0,0
12924,0,0,0
68669,0,0,0
60951,0,0,0
319541,0,0,0
241915,0,0,0
330749,0,0,0
324926,0,0,0
353127,0,0,0
81570,0,0,0
117662,0,0,0
379168,0,0,0
20621,0,0,0
278719,0,0,0
83624,0,0,0
158541,0,0,0
32420,0,0,0
116588,0,0,0
169570,0,0,0
33457,0,0,0
390788,0,0,0
264150,0,0,0
53958,0,0,0
8766,0,0,0
335977,0,0,0
410998,0,0,0
125686,0,0,0
110881,0,0,0
108343,0,0,0
153808,0,0,0
170202,0,0,0
394106,0,0,0
66948,0,0,0
217010,0,0,0
402853,0,0,0
84806,0,0,0
162289,0,0,0
147687,0,0,0
213339,0,0,0
48994,0,0,0
210605,0,0,0
159633,0,0,0
71918,0,0,0
291690,0,0,0
244271,0,0,0
209678,0,0,0
125824,0,0,0
366324,0,0,0
46682,0,0,0
173914,0,0,0
392672,0,0,0
23691,0,0,0
332148,0,0,0
26997,0,0,0
172407,0,0,0
93730,0,0,0
28237,0,0,0
383051,0,0,0
216974,0,0,0
266427,0,0,0
220111,0,0,0
357647,0,0,0
88370,0,0,0
200379,0,0,0
9846,0,0,0
396928,0,0,0
201098,0,0,0
74475,0,0,0
244833,0,0,0
291861,0,0,0
79343,0,0,0
46358,0,0,0
120595,0,0,0
172310,0,0,0
127617,0,0,0
357680,0,0,0
363856,0,0,0
285279,0,0,0
101865,0,0,0
401060,0,0,0
39193,0,0,0
253745,0,0,0
297289,0,0,0
83072,0,0,0
226728,0,0,0
365953,0,0,0
411289,0,0,0
43532,0,0,0
57935,0,0,0
102476,0,0,0
332079,0,0,0
53942,0,0,0
34819,0,0,0
230062,0,0,0
238395,0,0,0
382963,0,0,0
79424,0,0,0
250913,0,0,0
173671,0,0,0
30017,0,0,0
198708,0,0,0
223835,0,0,0
48024,0,0,0
277858,0,0,0
269789,0,0,0
20571,0,0,0
190596,0,0,0
370949,0,0,0
203975,0,0,0
45258,0,0,0
395256,0,0,0
314233,0,0,0
226418,0,0,0
169283,0,0,0
179045,0,0,0
8402,0,0,0
278043,0,0,0
246936,0,0,0
349288,0,0,0
108523,0,0,0
120573,0,0,0
214344,0,0,0
293747,0,0,0
300298,0,0,0
269514,0,0,0
73271,0,0,0
62074,0,0,0
63874,0,0,0
37724,0,0,0
280667,0,0,0
98393,0,0,0
232777,0,0,0
194833,0,0,0
397911,0,0,0
42852,0,0,0
46287,0,0,0
389147,0,0,0
124824,0,0,0
246668,0,0,0
308125,0,0,0
147860,0,0,0
222569,0,0,0
125745,0,0,0
44967,0,0,0
86298,0,0,0
19390,0,0,0
76002,0,0,0
381892,0,0,0
397694,0,0,0
209208,0,0,0
3233,0,0,0
132332,0,0,0
262104,0,0,0
237707,0,0,0
372119,0,0,0
19149,0,0,0
140497,0,0,0
213848,0,0,0
77149,0,0,0
47896,0,0,0
68380,0,0,0
89177,0,0,0
192516,0,0,0
310558,0,0,0
80192,0,0,0
17662,0,0,0
148070,0,0,0
224569,0,0,0
319633,0,0,0
14271,0,0,0
146819,0,0,0
193918,0,0,0
47967,0,0,0
400537,0,0,0
151907,0,0,0
69334,0,0,0
109380,0,0,0
288825,0,0,0
98925,0,0,0
244586,0,0,0
97248,0,0,0
138953,0,0,0
46492,0,0,0
301026,0,0,0
118265,0,0,0
187047,0,0,0
180171,0,0,0
88311,0,0,0
124298,0,0,0
363557,0,0,0
102581,0,0,0
142094,0,0,0
342868,0,0,0
14385,0,0,0
115184,0,0,0
155518,0,0,0
179234,0,0,0
160893,0,0,0
82739,0,0,0
155749,0,0,0
38401,0,0,0
13102,0,0,0
261532,0,0,0
263834,0,0,0
309533,0,0,0
50063,0,0,0
237713,0,0,0
18657,0,0,0
158520,0,0,0
111611,0,0,0
409329,0,0,0
398285,0,0,0
406774,0,0,0
76448,0,0,0
400240,0,0,0
318188,0,0,0
209918,0,0,0
68574,0,0,0
30015,0,0,0
294293,0,0,0
397737,0,0,0
293761,0,0,0
77602,0,0,0
102881,0,0,0
314996,0,0,0
222366,0,0,0
153900,0,0,0
152832,0,0,0
354804,0,0,0
390856,0,0,0
306020,0,0,0
234761,0,0,0
313178,0,0,0
32546,0,0,0
361204,0,0,0
21553,0,0,0
66966,0,0,0
332729,0,0,0
378704,0,0,0
296620,0,0,0
174153,0,0,0
227323,0,0,0
214346,0,0,0
353617,0,0,0
147486,0,0,0
103963,0,0,0
311796,0,0,0
253074,0,0,0
127264,0,0,0
90098,0,0,0
135099,0,0,0
220050,0,0,0
165602,0,0,0
63061,0,0,0
118723,0,0,0
310275,0,0,0
318023,0,0,0
104110,0,0,0
166742,0,0,0
161045,0,0,0
210918,0,0,0
4132,0,0,0
215903,0,0,0
353950,0,0,0
228175,0,0,0
28791,0,0,0
243346,0,0,0
334524,0,0,0
210321,0,0,0
264711,0,0,0
225172,0,0,0
349724,0,0,0
16352,0,0,0
376978,0,0,0
259593,0,0,0
263791,0,0,0
309965,0,0,0
230051,0,0,0
271608,0,0,0
165543,0,0,0
213471,0,0,0
206211,0,0,0
101749,0,0,0
39069,0,0,0
233107,0,0,0
89025,0,0,0
106828,0,0,0
296555,0,0,0
94948,0,0,0
389311,0,0,0
365141,0,0,0
370235,0,0,0
352416,0,0,0
326499,0,0,0
131463,0,0,0
248735,0,0,0
84351,0,0,0
399095,0,0,0
264573,0,0,0
354196,0,0,0
379627,0,0,0
276407,0,0,0
378355,0,0,0
90270,0,0,0
52321,0,0,0
279638,0,0,0
390921,0,0,0
200352,0,0,0
13999,0,0,0
356847,0,0,0
393942,0,0,0
277451,0,0,0
91417,0,0,0
300766,0,0,0
43052,0,0,0
343091,0,0,0
21025,0,0,0
225249,0,0,0
64859,0,0,0
91197,0,0,0
34405,0,0,0
411372,0,0,0
405032,0,0,0
141826,0,0,0
288401,0,0,0
166123,0,0,0
337543,0,0,0
183681,0,0,0
226135,0,0,0
305096,0,0,0
313764,0,0,0
235434,0,0,0
187813,0,0,0
225666,0,0,0
163676,0,0,0
272059,0,0,0
248940,0,0,0
215144,0,0,0
236821,0,0,0
317967,0,0,0
5842,0,0,0
91203,0,0,0
124927,0,0,0
175084,0,0,0
131130,0,0,0
154996,0,0,0
179208,0,0,0
231432,0,0,0
149789,0,0,0
90953,0,0,0
222737,0,0,0
155620,0,0,0
95632,0,0,0
251030,0,0,0
367565,0,0,0
148888,0,0,0
143354,0,0,0
39683,0,0,0
209199,0,0,0
10819,0,0,0
185988,0,0,0
151146,0,0,0
343878,0,0,0
100146,0,0,0
367591,0,0,0
239419,0,0,0
205383,0,0,0
313329,0,0,0
17125,0,0,0
199618,0,0,0
202597,0,0,0
118962,0,0,0
74786,0,0,0
176569,0,0,0
62896,0,0,0
19589,0,0,0
377526,0,0,0
110417,0,0,0
250044,0,0,0
229167,0,0,0
275949,0,0,0
99304,0,0,0
347842,0,0,0
144848,0,0,0
37303,0,0,0
178898,0,0,0
259516,0,0,0
271250,0,0,0
192574,0,0,0
196721,0,0,0
346173,0,0,0
48082,0,0,0
358658,0,0,0
91552,0,0,0
377523,0,0,0
50852,0,0,0
201987,0,0,0
209793,0,0,0
362664,0,0,0
16382,0,0,0
342773,0,0,0
173574,0,0,0
406406,0,0,0
408266,0,0,0
370614,0,0,0
348988,0,0,0
57250,0,0,0
21706,0,0,0
239718,0,0,0
224729,0,0,0
93862,0,0,0
235166,0,0,0
326786,0,0,0
201694,0,0,0
284111,0,0,0
354153,0,0,0
358570,0,0,0
145790,0,0,0
18766,0,0,0
284568,0,0,0
42518,0,0,0
31394,0,0,0
287500,0,0,0
359725,0,0,0
342631,0,0,0
79937,0,0,0
167568,0,0,0
377761,0,0,0
255808,0,0,0
78778,0,0,0
154421,0,0,0
333313,0,0,0
367999,0,0,0
333080,0,0,0
239342,0,0,0
139266,0,0,0
334200,0,0,0
134381,0,0,0
152026,0,0,0
119355,0,0,0
349074,0,0,0
398376,0,0,0
384410,0,0,0
286577,0,0,0
217999,0,0,0
112216,0,0,0
82838,0,0,0
198606,0,0,0
178336,0,0,0
393185,0,0,0
304176,0,0,0
187482,0,0,0
333659,0,0,0
315672,0,0,0
253107,0,0,0
151589,0,0,0
150730,0,0,0
37180,0,0,0
269029,0,0,0
37344,0,0,0
363634,0,0,0
241151,0,0,0
34476,0,0,0
226890,0,0,0
5910,0,0,0
233013,0,0,0
217438,0,0,0
304476,0,0,0
3355,0,0,0
190476,0,0,0
133975,0,0,0
240150,0,0,0
332973,0,0,0
48601,0,0,0
278571,0,0,0
198511,0,0,0
86923,0,0,0
39579,0,0,0
90146,0,0,0
49382,0,0,0
256224,0,0,0
370213,0,0,0
299796,0,0,0
409859,0,0,0
71577,0,0,0
37120,0,0,0
233228,0,0,0
349412,0,0,0
344087,0,0,0
291220,0,0,0
156522,0,0,0
105415,0,0,0
176502,0,0,0
167777,0,0,0
256281,0,0,0
209962,0,0,0
307053,0,0,0
351438,0,0,0
305321,0,0,0
201822,0,0,0
225969,0,0,0
15033,0,0,0
59978,0,0,0
209026,0,0,0
1452,0,0,0
373702,0,0,0
379390,0,0,0
209710,0,0,0
173982,0,0,0
316517,0,0,0
80959,0,0,0
35512,0,0,0
347703,0,0,0
81464,0,0,0
279558,0,0,0
186744,0,0,0
300802,0,0,0
252351,0,0,0
309987,0,0,0
73966,0,0,0
382870,0,0,0
196375,0,0,0
221445,0,0,0
165001,0,0,0
371631,0,0,0
10484,0,0,0
131126,0,0,0
113673,0,0,0
195121,0,0,0
315729,0,0,0
162790,0,0,0
152543,0,0,0
77145,0,0,0
269519,0,0,0
227341,0,0,0
187271,0,0,0
62101,0,0,0
275176,0,0,0
6032,0,0,0
382462,0,0,0
212501,0,0,0
266056,0,0,0
330044,0,0,0
91442,0,0,0
158039,0,0,0
222620,0,0,0
357957,0,0,0
132521,0,0,0
244627,0,0,0
288968,0,0,0
288014,0,0,0
101146,0,0,0
176451,0,0,0
380082,0,0,0
271206,0,0,0
21830,0,0,0
403394,0,0,0
34883,0,0,0
103435,0,0,0
368464,0,0,0
342252,0,0,0
380732,0,0,0
360561,0,0,0
96834,0,0,0
57333,0,0,0
355626,0,0,0
381822,0,0,0
134315,0,0,0
320581,0,0,0
171122,0,0,0
171223,0,0,0
276180,0,0,0
243987,0,0,0
277910,0,0,0
80853,0,0,0
281439,0,0,0
198597,0,0,0
64352,0,0,0
13989,0,0,0
259103,0,0,0
46655,0,0,0
56129,0,0,0
323371,0,0,0
295728,0,0,0
409830,0,0,0
374148,0,0,0
143283,0,0,0
110070,0,0,0
159174,0,0,0
279143,0,0,0
100259,0,0,0
34258,0,0,0
153298,0,0,0
376847,0,0,0
406716,0,0,0
248195,0,0,0
361706,0,0,0
296068,0,0,0
92779,0,0,0
216332,0,0,0
56574,0,0,0
244301,0,0,0
224593,0,0,0
70978,0,0,0
392817,0,0,0
44560,0,0,0
96468,0,0,0
16139,0,0,0
128445,0,0,0
308932,0,0,0
89032,0,0,0
143916,0,0,0
93210,0,0,0
372890,0,0,0
327256,0,0,0
351440,0,0,0
358182,0,0,0
112318,0,0,0
313714,0,0,0
135970,0,0,0
74389,0,0,0
265573,0,0,0
263027,0,0,0
390109,0,0,0
349599,0,0,0
55135,0,0,0
127953,0,0,0
188501,0,0,0
275075,0,0,0
74357,0,0,0
60985,0,0,0
31641,0,0,0
273347,0,0,0
367664,0,0,0
204956,0,0,0
230227,0,0,0
63920,0,0,0
303920,0,0,0
405088,0,0,0
28414,0,0,0
173700,0,0,0
227279,0,0,0
184335,0,0,0
184515,0,0,0
116671,0,0,0
222883,0,0,0
129462,0,0,0
198517,0,0,0
206421,0,0,0
116593,0,0,0
156128,0,0,0
304016,0,0,0
17441,0,0,0
230567,0,0,0
272988,0,0,0
108641,0,0,0
290040,0,0,0
204352,0,0,0
316691,0,0,0
32360,0,0,0
77970,0,0,0
64068,0,0,0
307939,0,0,0
291295,0,0,0
216417,0,0,0
293834,0,0,0
11012,0,0,0
22667,0,0,0
346865,0,0,0
166191,0,0,0
373028,0,0,0
176353,0,0,0
15770,0,0,0
378050,0,0,0
39491,0,0,0
156134,0,0,0
326958,0,0,0
245343,0,0,0
162444,0,0,0
249998,0,0,0
4715,0,0,0
264171,0,0,0
99774,0,0,0
151670,0,0,0
158713,0,0,0
299177,0,0,0
212236,0,0,0
270645,0,0,0
297475,0,0,0
355684,0,0,0
69014,0,0,0
149635,0,0,0
100704,0,0,0
91079,0,0,0
46833,0,0,0
169864,0,0,0
45475,0,0,0
153027,0,0,0
147386,0,0,0
316675,0,0,0
89877,0,0,0
399070,0,0,0
20449,0,0,0
4206,0,0,0
157573,0,0,0
254790,0,0,0
231852,0,0,0
363273,0,0,0
49344,0,0,0
126198,0,0,0
152967,0,0,0
258783,0,0,0
139162,0,0,0
205552,0,0,0
229645,0,0,0
190582,0,0,0
307863,0,0,0
242077,0,0,0
76528,0,0,0
388645,0,0,0
149179,0,0,0
146525,0,0,0
283289,0,0,0
302809,0,0,0
32145,0,0,0
250496,0,0,0
339130,0,0,0
39787,0,0,0
140361,0,0,0
164655,0,0,0
402216,0,0,0
219810,0,0,0
168782,0,0,0
5857,0,0,0
359349,0,0,0
326071,0,0,0
340898,0,0,0
305146,0,0,0
7715,0,0,0
139419,0,0,0
30632,0,0,0
100585,0,0,0
193465,0,0,0
300743,0,0,0
321872,0,0,0
98896,0,0,0
152681,0,0,0
269423,0,0,0
204184,0,0,0
357152,0,0,0
315901,0,0,0
71978,0,0,0
92029,0,0,0
266826,0,0,0
250028,0,0,0
39745,0,0,0
306789,0,0,0
223396,0,0,0
229376,0,0,0
229960,0,0,0
165889,0,0,0
410810,0,0,0
329043,0,0,0
155885,0,0,0
1330,0,0,0
339701,0,0,0
287194,0,0,0
123590,0,0,0
368487,0,0,0
335062,0,0,0
377853,0,0,0
150932,0,0,0
189842,0,0,0
62491,0,0,0
261068,0,0,0
322496,0,0,0
112933,0,0,0
291172,0,0,0
139785,0,0,0
231463,0,0,0
292027,0,0,0
301294,0,0,0
311429,0,0,0
314037,0,0,0
22439,0,0,0
266836,0,0,0
190084,0,0,0
246112,0,0,0
150226,0,0,0
39759,0,0,0
74052,0,0,0
203196,0,0,0
178443,0,0,0
21958,0,0,0
75081,0,0,0
248002,0,0,0
272424,0,0,0
143383,0,0,0
15566,0,0,0
128957,0,0,0
301302,0,0,0
38472,0,0,0
408513,0,0,0
99284,0,0,0
167823,0,0,0
137136,0,0,0
240387,0,0,0
119163,0,0,0
178506,0,0,0
313828,0,0,0
39562,0,0,0
145776,0,0,0
57865,0,0,0
244412,0,0,0
149263,0,0,0
402057,0,0,0
75049,0,0,0
220831,0,0,0
47308,0,0,0
323673,0,0,0
24277,0,0,0
84630,0,0,0
262699,0,0,0
10140,0,0,0
64522,0,0,0
160111,0,0,0
234937,0,0,0
52302,0,0,0
352774,0,0,0
78819,0,0,0
284645,0,0,0
393006,0,0,0
281955,0,0,0
119924,0,0,0
145854,0,0,0
128114,0,0,0
28968,0,0,0
225913,0,0,0
200087,0,0,0
281866,0,0,0
94914,0,0,0
109255,0,0,0
237312,0,0,0
86053,0,0,0
35257,0,0,0
169254,0,0,0
115928,0,0,0
241543,0,0,0
23184,0,0,0
227131,0,0,0
69877,0,0,0
15596,0,0,0
320993,0,0,0
351373,0,0,0
103314,0,0,0
200211,0,0,0
82154,0,0,0
260169,0,0,0
7635,0,0,0
58030,0,0,0
191473,0,0,0
335808,0,0,0
359212,0,0,0
76294,0,0,0
313001,0,0,0
377942,0,0,0
87589,0,0,0
263001,0,0,0
343329,0,0,0
330510,0,0,0
129692,0,0,0
273765,0,0,0
93566,0,0,0
389135,0,0,0
168738,0,0,0
108845,0,0,0
91569,0,0,0
279487,0,0,0
133413,0,0,0
80342,0,0,0
201164,0,0,0
406704,0,0,0
249490,0,0,0
30931,0,0,0
404391,0,0,0
297435,0,0,0
85250,0,0,0
335990,0,0,0
345724,0,0,0
41374,0,0,0
102991,0,0,0
130145,0,0,0
182889,0,0,0
385803,0,0,0
180011,0,0,0
94838,0,0,0
53167,0,0,0
347358,0,0,0
241162,0,0,0
333877,0,0,0
369831,0,0,0
364677,0,0,0
242733,0,0,0
285571,0,0,0
363431,0,0,0
114083,0,0,0
83397,0,0,0
81133,0,0,0
308676,0,0,0
166035,0,0,0
153111,0,0,0
96397,0,0,0
289278,0,0,0
231955,0,0,0
202092,0,0,0
246370,0,0,0
336983,0,0,0
330735,0,0,0
322233,0,0,0
330304,0,0,0
34808,0,0,0
306281,0,0,0
361146,0,0,0
30978,0,0,0
164863,0,0,0
97096,0,0,0
161248,0,0,0
386693,0,0,0
326394,0,0,0
356841,0,0,0
402052,0,0,0
124647,0,0,0
360751,0,0,0
227553,0,0,0
243525,0,0,0
56551,0,0,0
68353,0,0,0
311955,0,0,0
330102,0,0,0
96178,0,0,0
36873,0,0,0
38921,0,0,0
355677,0,0,0
40701,0,0,0
56924,0,0,0
212898,0,0,0
43693,0,0,0
310547,0,0,0
395128,0,0,0
275468,0,0,0
26759,0,0,0
381348,0,0,0
382388,0,0,0
352916,0,0,0
343956,0,0,0
245808,0,0,0
248840,0,0,0
270779,0,0,0
8450,0,0,0
61390,0,0,0
357873,0,0,0
282275,0,0,0
141335,0,0,0
364755,0,0,0
297215,0,0,0
3080,0,0,0
158328,0,0,0
32382,0,0,0
311478,0,0,0
14872,0,0,0
123056,0,0,0
391865,0,0,0
354470,0,0,0
127893,0,0,0
9623,0,0,0
377155,0,0,0
39826,0,0,0
33270,0,0,0
270465,0,0,0
43831,0,0,0
172458,0,0,0
3845,0,0,0
262896,0,0,0
408550,0,0,0
81194,0,0,0
334530,0,0,0
341808,0,0,0
171053,0,0,0
247880,0,0,0
146985,0,0,0
298813,0,0,0
249033,0,0,0
42798,0,0,0
193059,0,0,0
300623,0,0,0
297895,0,0,0
294446,0,0,0
393406,0,0,0
69299,0,0,0
17087,0,0,0
334697,0,0,0
162616,0,0,0
205189,0,0,0
403232,0,0,0
28701,0,0,0
35364,0,0,0
284943,0,0,0
402351,0,0,0
58948,0,0,0
262350,0,0,0
208736,0,0,0
63979,0,0,0
96448,0,0,0
215687,0,0,0
80442,0,0,0
68428,0,0,0
34478,0,0,0
227476,0,0,0
223714,0,0,0
407888,0,0,0
388912,0,0,0
82380,0,0,0
254324,0,0,0
379387,0,0,0
145406,0,0,0
68141,0,0,0
240219,0,0,0
345789,0,0,0
360255,0,0,0
262303,0,0,0
138445,0,0,0
148974,0,0,0
225868,0,0,0
55710,0,0,0
167729,0,0,0
326886,0,0,0
36864,0,0,0
113009,0,0,0
176791,0,0,0
179118,0,0,0
248110,0,0,0
77784,0,0,0
273794,0,0,0
102098,0,0,0
174496,0,0,0
89721,0,0,0
70019,0,0,0
175711,0,0,0
157438,0,0,0
313881,0,0,0
198939,0,0,0
36919,0,0,0
49377,0,0,0
290073,0,0,0
407393,0,0,0
288216,0,0,0
144804,0,0,0
392085,0,0,0
354757,0,0,0
289208,0,0,0
328432,0,0,0
352437,0,0,0
123502,0,0,0
185691,0,0,0
394652,0,0,0
237949,0,0,0
132954,0,0,0
103727,0,0,0
187788,0,0,0
344411,0,0,0
115696,0,0,0
31941,0,0,0
176564,0,0,0
12227,0,0,0
35689,0,0,0
358090,0,0,0
15034,0,0,0
219138,0,0,0
272790,0,0,0
91107,0,0,0
343599,0,0,0
292691,0,0,0
377833,0,0,0
30954,0,0,0
159425,0,0,0
94919,0,0,0
40013,0,0,0
268210,0,0,0
371495,0,0,0
404349,0,0,0
82458,0,0,0
151814,0,0,0
44851,0,0,0
253982,0,0,0
204046,0,0,0
43094,0,0,0
347720,0,0,0
339540,0,0,0
347342,0,0,0
53467,0,0,0
189189,0,0,0
116489,0,0,0
315667,0,0,0
307789,0,0,0
105186,0,0,0
140633,0,0,0
24908,0,0,0
54627,0,0,0
126404,0,0,0
108422,0,0,0
381217,0,0,0
169155,0,0,0
129400,0,0,0
192349,0,0,0
357517,0,0,0
32484,0,0,0
402975,0,0,0
209599,0,0,0
345696,0,0,0
328995,0,0,0
5850,0,0,0
211385,0,0,0
385699,0,0,0
27752,0,0,0
88307,0,0,0
214458,0,0,0
268882,0,0,0
131761,0,0,0
392524,0,0,0
16565,0,0,0
283015,0,0,0
295487,0,0,0
353001,0,0,0
63230,0,0,0
379685,0,0,0
341591,0,0,0
136,0,0,0
84452,0,0,0
70280,0,0,0
306931,0,0,0
77854,0,0,0
46946,0,0,0
333322,0,0,0
262904,0,0,0
294318,0,0,0
23546,0,0,0
65395,0,0,0
25544,0,0,0
276541,0,0,0
296345,0,0,0
80851,0,0,0
61674,0,0,0
351577,0,0,0
60678,0,0,0
332637,0,0,0
358293,0,0,0
8436,0,0,0
382583,0,0,0
296200,0,0,0
259408,0,0,0
104183,0,0,0
266164,0,0,0
271395,0,0,0
40935,0,0,0
335591,0,0,0
201850,0,0,0
38027,0,0,0
358929,0,0,0
281485,0,0,0
164817,0,0,0
249627,0,0,0
91482,0,0,0
14910,0,0,0
341106,0,0,0
255190,0,0,0
311689,0,0,0
29475,0,0,0
363644,0,0,0
165774,0,0,0
39145,0,0,0
99351,0,0,0
112115,0,0,0
257363,0,0,0
289099,0,0,0
328593,0,0,0
229102,0,0,0
55061,0,0,0
389882,0,0,0
103452,0,0,0
191245,0,0,0
389988,0,0,0
23630,0,0,0
271527,0,0,0
318456,0,0,0
167017,0,0,0
61004,0,0,0
142587,0,0,0
319520,0,0,0
288676,0,0,0
176725,0,0,0
57952,0,0,0
278146,0,0,0
353699,0,0,0
344326,0,0,0
352667,0,0,0
274850,0,0,0
326345,0,0,0
6360,0,0,0
325237,0,0,0
283497,0,0,0
204107,0,0,0
278954,0,0,0
5077,0,0,0
359804,0,0,0
40342,0,0,0
8994,0,0,0
57799,0,0,0
362561,0,0,0
34673,0,0,0
214579,0,0,0
318970,0,0,0
93643,0,0,0
109718,0,0,0
189762,0,0,0
244178,0,0,0
403987,0,0,0
28071,0,0,0
298191,0,0,0
304733,0,0,0
169705,0,0,0
276213,0,0,0
178022,0,0,0
8056,0,0,0
2083,0,0,0
101552,0,0,0
129302,0,0,0
84653,0,0,0
342192,0,0,0
202564,0,0,0
127856,0,0,0
112062,0,0,0
173425,0,0,0
17819,0,0,0
172344,0,0,0
283422,0,0,0
311973,0,0,0
281099,0,0,0
94748,0,0,0
168089,0,0,0
402200,0,0,0
369221,0,0,0
72899,0,0,0
298105,0,0,0
384641,0,0,0
318490,0,0,0
210841,0,0,0
294066,0,0,0
221109,0,0,0
258202,0,0,0
238928,0,0,0
197886,0,0,0
95447,0,0,0
158436,0,0,0
405657,0,0,0
109175,0,0,0
201234,0,0,0
30254,0,0,0
242157,0,0,0
112652,0,0,0
116467,0,0,0
99264,0,0,0
147230,0,0,0
135601,0,0,0
211707,0,0,0
277176,0,0,0
31261,0,0,0
306546,0,0,0
166932,0,0,0
98455,0,0,0
294183,0,0,0
184416,0,0,0
370788,0,0,0
117444,0,0,0
48848,0,0,0
28839,0,0,0
18727,0,0,0
16900,0,0,0
199759,0,0,0
379403,0,0,0
83069,0,0,0
271057,0,0,0
183782,0,0,0
149973,0,0,0
71333,0,0,0
221055,0,0,0
45214,0,0,0
410718,0,0,0
324890,0,0,0
362119,0,0,0
305464,0,0,0
116568,0,0,0
314437,0,0,0
100504,0,0,0
118867,0,0,0
367813,0,0,0
207484,0,0,0
88551,0,0,0
94453,0,0,0
362293,0,0,0
346810,0,0,0
15354,0,0,0
172309,0,0,0
117440,0,0,0
381223,0,0,0
76622,0,0,0
118855,0,0,0
279177,0,0,0
217341,0,0,0
302608,0,0,0
193457,0,0,0
37776,0,0,0
388088,0,0,0
48838,0,0,0
155207,0,0,0
340016,0,0,0
319491,0,0,0
174654,0,0,0
316170,0,0,0
88499,0,0,0
304887,0,0,0
100334,0,0,0
316404,0,0,0
145072,0,0,0
190644,0,0,0
122122,0,0,0
179302,0,0,0
52982,0,0,0
143954,0,0,0
32956,0,0,0
45461,0,0,0
257381,0,0,0
364700,0,0,0
52034,0,0,0
156351,0,0,0
254882,0,0,0
294422,0,0,0
178911,0,0,0
313608,0,0,0
74806,0,0,0
225147,0,0,0
89012,0,0,0
130362,0,0,0
339213,0,0,0
344546,0,0,0
84901,0,0,0
213618,0,0,0
365630,0,0,0
180211,0,0,0
251417,0,0,0
159494,0,0,0
376626,0,0,0
27267,0,0,0
170781,0,0,0
222397,0,0,0
340242,0,0,0
202320,0,0,0
4577,0,0,0
257969,0,0,0
86920,0,0,0
351063,0,0,0
85872,0,0,0
345554,0,0,0
388519,0,0,0
233236,0,0,0
88829,0,0,0
270416,0,0,0
289221,0,0,0
28704,0,0,0
228309,0,0,0
133134,0,0,0
366911,0,0,0
405308,0,0,0
174062,0,0,0
318387,0,0,0
353295,0,0,0
218192,0,0,0
366125,0,0,0
379488,0,0,0
315987,0,0,0
109618,0,0,0
399311,0,0,0
287875,0,0,0
82891,0,0,0
208681,0,0,0
187968,0,0,0
192716,0,0,0
359608,0,0,0
374010,0,0,0
287516,0,0,0
199450,0,0,0
232105,0,0,0
353390,0,0,0
341469,0,0,0
362467,0,0,0
9692,0,0,0
80286,0,0,0
176662,0,0,0
184415,0,0,0
126976,0,0,0
228702,0,0,0
268269,0,0,0
276021,0,0,0
189747,0,0,0
373658,0,0,0
33530,0,0,0
62339,0,0,0
144016,0,0,0
192861,0,0,0
180590,0,0,0
135362,0,0,0
133190,0,0,0
265955,0,0,0
230036,0,0,0
375645,0,0,0
54752,0,0,0
298814,0,0,0
137734,0,0,0
382857,0,0,0
278438,0,0,0
152914,0,0,0
289685,0,0,0
75695,0,0,0
270892,0,0,0
71817,0,0,0
237492,0,0,0
294290,0,0,0
209282,0,0,0
318549,0,0,0
51446,0,0,0
246236,0,0,0
288755,0,0,0
172222,0,0,0
23211,0,0,0
182565,0,0,0
110561,0,0,0
43120,0,0,0
65021,0,0,0
38669,0,0,0
248726,0,0,0
270771,0,0,0
227093,0,0,0
176286,0,0,0
132388,0,0,0
121266,0,0,0
380042,0,0,0
37623,0,0,0
312326,0,0,0
39722,0,0,0
25062,0,0,0
202851,0,0,0
114205,0,0,0
399688,0,0,0
112730,0,0,0
17521,0,0,0
408395,0,0,0
79370,0,0,0
87231,0,0,0
26191,0,0,0
19557,0,0,0
392306,0,0,0
404920,0,0,0
112427,0,0,0
208165,0,0,0
292361,0,0,0
224859,0,0,0
386,0,0,0
332106,0,0,0
33931,0,0,0
198627,0,0,0
394005,0,0,0
100493,0,0,0
341615,0,0,0
143901,0,0,0
125268,0,0,0
199841,0,0,0
178845,0,0,0
20709,0,0,0
71494,0,0,0
71163,0,0,0
398057,0,0,0
110299,0,0,0
408356,0,0,0
223891,0,0,0
144492,0,0,0
329792,0,0,0
169606,0,0,0
243941,0,0,0
198306,0,0,0
71642,0,0,0
205045,0,0,0
205304,0,0,0
198432,0,0,0
39715,0,0,0
179745,0,0,0
79907,0,0,0
285316,0,0,0
19703,0,0,0
221509,0,0,0
265198,0,0,0
28787,0,0,0
308391,0,0,0
69420,0,0,0
169877,0,0,0
165689,0,0,0
122445,0,0,0
90307,0,0,0
115880,0,0,0
400778,0,0,0
191325,0,0,0
164856,0,0,0
214130,0,0,0
169734,0,0,0
32804,0,0,0
385197,0,0,0
112908,0,0,0
211108,0,0,0
101120,0,0,0
230922,0,0,0
225173,0,0,0
1020,0,0,0
199712,0,0,0
156112,0,0,0
161357,0,0,0
409750,0,0,0
392992,0,0,0
367835,0,0,0
149859,0,0,0
357898,0,0,0
33211,0,0,0
386523,0,0,0
9616,0,0,0
361214,0,0,0
94714,0,0,0
405359,0,0,0
277384,0,0,0
92488,0,0,0
123265,0,0,0
43966,0,0,0
74655,0,0,0
1098,0,0,0
191947,0,0,0
101447,0,0,0
325026,0,0,0
71244,0,0,0
150647,0,0,0
63692,0,0,0
209724,0,0,0
390439,0,0,0
155854,0,0,0
318692,0,0,0
229925,0,0,0
148655,0,0,0
221798,0,0,0
155721,0,0,0
373467,0,0,0
30387,0,0,0
36116,0,0,0
43253,0,0,0
219206,0,0,0
127809,0,0,0
167574,0,0,0
259728,0,0,0
233817,0,0,0
162579,0,0,0
112474,0,0,0
160747,0,0,0
320738,0,0,0
23492,0,0,0
167773,0,0,0
49397,0,0,0
106586,0,0,0
74943,0,0,0
208902,0,0,0
18340,0,0,0
355540,0,0,0
167122,0,0,0
382320,0,0,0
17501,0,0,0
102096,0,0,0
4195,0,0,0
23507,0,0,0
284174,0,0,0
332422,0,0,0
364669,0,0,0
59587,0,0,0
61844,0,0,0
199305,0,0,0
4987,0,0,0
22741,0,0,0
152214,0,0,0
398889,0,0,0
117038,0,0,0
147455,0,0,0
57077,0,0,0
353223,0,0,0
34966,0,0,0
90329,0,0,0
74670,0,0,0
219571,0,0,0
386954,0,0,0
256624,0,0,0
132890,0,0,0
188930,0,0,0
45254,0,0,0
268263,0,0,0
100395,0,0,0
126361,0,0,0
70912,0,0,0
297200,0,0,0
277588,0,0,0
315121,0,0,0
328688,0,0,0
232920,0,0,0
92958,0,0,0
222405,0,0,0
362040,0,0,0
186897,0,0,0
6362,0,0,0
22579,0,0,0
283156,0,0,0
159674,0,0,0
197180,0,0,0
312973,0,0,0
209425,0,0,0
6683,0,0,0
123496,0,0,0
302399,0,0,0
76399,0,0,0
224656,0,0,0
363365,0,0,0
88876,0,0,0
200053,0,0,0
134691,0,0,0
200959,0,0,0
91637,0,0,0
117532,0,0,0
58899,0,0,0
30338,0,0,0
92100,0,0,0
64003,0,0,0
266430,0,0,0
256122,0,0,0
102723,0,0,0
211883,0,0,0
71624,0,0,0
188727,0,0,0
395301,0,0,0
41304,0,0,0
207771,0,0,0
94177,0,0,0
312985,0,0,0
366051,0,0,0
55541,0,0,0
47943,0,0,0
174013,0,0,0
127609,0,0,0
137020,0,0,0
338075,0,0,0
274497,0,0,0
327181,0,0,0
359531,0,0,0
77630,0,0,0
223388,0,0,0
5908,0,0,0
77347,0,0,0
101142,0,0,0
150592,0,0,0
28132,0,0,0
185690,0,0,0
238209,0,0,0
178543,0,0,0
304463,0,0,0
206009,0,0,0
182234,0,0,0
405250,0,0,0
108972,0,0,0
296515,0,0,0
381513,0,0,0
44936,0,0,0
409898,0,0,0
369517,0,0,0
150184,0,0,0
104384,0,0,0
264801,0,0,0
214781,0,0,0
110345,0,0,0
296842,0,0,0
312695,0,0,0
69399,0,0,0
114861,0,0,0
180511,0,0,0
203500,0,0,0
392185,0,0,0
53554,0,0,0
89838,0,0,0
129957,0,0,0
151691,0,0,0
160346,0,0,0
15335,0,0,0
290123,0,0,0
207844,0,0,0
69280,0,0,0
101262,0,0,0
211753,0,0,0
116773,0,0,0
367580,0,0,0
182612,0,0,0
267021,0,0,0
276151,0,0,0
179700,0,0,0
169521,0,0,0
328970,0,0,0
350877,0,0,0
379086,0,0,0
375984,0,0,0
23130,0,0,0
99813,0,0,0
59504,0,0,0
262209,0,0,0
84858,0,0,0
268778,0,0,0
38907,0,0,0
322888,0,0,0
11915,0,0,0
12647,0,0,0
251326,0,0,0
18127,0,0,0
44414,0,0,0
219122,0,0,0
100438,0,0,0
351377,0,0,0
336557,0,0,0
151602,0,0,0
338764,0,0,0
43881,0,0,0
106827,0,0,0
408486,0,0,0
315996,0,0,0
211262,0,0,0
70252,0,0,0
104178,0,0,0
231207,0,0,0
167381,0,0,0
358044,0,0,0
201076,0,0,0
51503,0,0,0
294626,0,0,0
68935,0,0,0
216316,0,0,0
248702,0,0,0
352390,0,0,0
104559,0,0,0
284959,0,0,0
327850,0,0,0
234376,0,0,0
242920,0,0,0
43405,0,0,0
155760,0,0,0
183499,0,0,0
288024,0,0,0
184479,0,0,0
187187,0,0,0
116157,0,0,0
332681,0,0,0
312853,0,0,0
55978,0,0,0
204269,0,0,0
126608,0,0,0
160483,0,0,0
319271,0,0,0
4343,0,0,0
230885,0,0,0
276612,0,0,0
11742,0,0,0
7054,0,0,0
190796,0,0,0
383939,0,0,0
213537,0,0,0
137900,0,0,0
260490,0,0,0
205528,0,0,0
394916,0,0,0
250829,0,0,0
294619,0,0,0
270711,0,0,0
21533,0,0,0
25313,0,0,0
163729,0,0,0
164072,0,0,0
159926,0,0,0
368914,0,0,0
34773,0,0,0
94450,0,0,0
344506,0,0,0
183814,0,0,0
328901,0,0,0
122974,0,0,0
123300,0,0,0
378349,0,0,0
308780,0,0,0
271618,0,0,0
272502,0,0,0
1424,0,0,0
117514,0,0,0
241753,0,0,0
348922,0,0,0
317942,0,0,0
61144,0,0,0
75805,0,0,0
304414,0,0,0
260791,0,0,0
195079,0,0,0
161462,0,0,0
377950,0,0,0
399189,0,0,0
242196,0,0,0
279468,0,0,0
327107,0,0,0
381992,0,0,0
279203,0,0,0
22374,0,0,0
193268,0,0,0
299481,0,0,0
271203,0,0,0
77017,0,0,0
98509,0,0,0
273204,0,0,0
98900,0,0,0
309205,0,0,0
404840,0,0,0
321344,0,0,0
372602,0,0,0
89188,0,0,0
319497,0,0,0
112368,0,0,0
296590,0,0,0
22195,0,0,0
240404,0,0,0
5551,0,0,0
355446,0,0,0
233840,0,0,0
352470,0,0,0
246125,0,0,0
6202,0,0,0
36437,0,0,0
268633,0,0,0
16827,0,0,0
91824,0,0,0
10547,0,0,0
114533,0,0,0
259096,0,0,0
23919,0,0,0
277624,0,0,0
231980,0,0,0
325123,0,0,0
367823,0,0,0
140188,0,0,0
148032,0,0,0
254732,0,0,0
380343,0,0,0
278428,0,0,0
287886,0,0,0
97472,0,0,0
333501,0,0,0
385779,0,0,0
260145,0,0,0
276245,0,0,0
312557,0,0,0
242038,0,0,0
278823,0,0,0
360942,0,0,0
186125,0,0,0
218905,0,0,0
208446,0,0,0
293513,0,0,0
59625,0,0,0
231272,0,0,0
276772,0,0,0
19887,0,0,0
12192,0,0,0
322372,0,0,0
219379,0,0,0
286819,0,0,0
356120,0,0,0
97935,0,0,0
393327,0,0,0
82411,0,0,0
39380,0,0,0
370085,0,0,0
230867,0,0,0
126584,0,0,0
211346,0,0,0
198945,0,0,0
255965,0,0,0
318969,0,0,0
284737,0,0,0
337622,0,0,0
312297,0,0,0
79852,0,0,0
396079,0,0,0
145830,0,0,0
61828,0,0,0
323002,0,0,0
67714,0,0,0
332475,0,0,0
392782,0,0,0
227769,0,0,0
262245,0,0,0
20613,0,0,0
69078,0,0,0
261846,0,0,0
243726,0,0,0
122261,0,0,0
221941,0,0,0
119825,0,0,0
346846,0,0,0
175265,0,0,0
294876,0,0,0
235004,0,0,0
335330,0,0,0
187268,0,0,0
189343,0,0,0
105985,0,0,0
386780,0,0,0
119567,0,0,0
377867,0,0,0
253875,0,0,0
53576,0,0,0
207778,0,0,0
178050,0,0,0
181740,0,0,0
158834,0,0,0
291278,0,0,0
116760,0,0,0
121864,0,0,0
256048,0,0,0
234114,0,0,0
249306,0,0,0
384496,0,0,0
79202,0,0,0
235600,0,0,0
410410,0,0,0
186552,0,0,0
124976,0,0,0
92081,0,0,0
90264,0,0,0
97148,0,0,0
328640,0,0,0
106778,0,0,0
110460,0,0,0
157429,0,0,0
358120,0,0,0
3323,0,0,0
56978,0,0,0
276133,0,0,0
88519,0,0,0
190074,0,0,0
376186,0,0,0
312515,0,0,0
255907,0,0,0
248142,0,0,0
172859,0,0,0
391173,0,0,0
15300,0,0,0
283503,0,0,0
400515,0,0,0
230238,0,0,0
330358,0,0,0
102510,0,0,0
393462,0,0,0
286468,0,0,0
125736,0,0,0
88337,0,0,0
357547,0,0,0
210053,0,0,0
25776,0,0,0
389615,0,0,0
312416,0,0,0
128716,0,0,0
250667,0,0,0
371894,0,0,0
333074,0,0,0
67631,0,0,0
195932,0,0,0
207653,0,0,0
249995,0,0,0
274101,0,0,0
260651,0,0,0
3346,0,0,0
62863,0,0,0
24902,0,0,0
265431,0,0,0
183827,0,0,0
370686,0,0,0
142249,0,0,0
76766,0,0,0
342958,0,0,0
108084,0,0,0
156888,0,0,0
338947,0,0,0
382621,0,0,0
313860,0,0,0
68410,0,0,0
84763,0,0,0
373419,0,0,0
318331,0,0,0
68362,0,0,0
358153,0,0,0
208836,0,0,0
360144,0,0,0
246328,0,0,0
373033,0,0,0
126261,0,0,0
249421,0,0,0
117746,0,0,0
329422,0,0,0
218477,0,0,0
111254,0,0,0
404579,0,0,0
112950,0,0,0
369821,0,0,0
18008,0,0,0
338893,0,0,0
87671,0,0,0
52861,0,0,0
13556,0,0,0
19174,0,0,0
127470,0,0,0
101639,0,0,0
191843,0,0,0
175735,0,0,0
344965,0,0,0
117561,0,0,0
288332,0,0,0
306398,0,0,0
296985,0,0,0
381364,0,0,0
304809,0,0,0
297840,0,0,0
56781,0,0,0
396877,0,0,0
392995,0,0,0
364512,0,0,0
375815,0,0,0
373455,0,0,0
208063,0,0,0
23286,0,0,0
308964,0,0,0
30653,0,0,0
175483,0,0,0
211556,0,0,0
277162,0,0,0
27827,0,0,0
237882,0,0,0
227872,0,0,0
221130,0,0,0
319321,0,0,0
224064,0,0,0
348736,0,0,0
78373,0,0,0
29700,0,0,0
206246,0,0,0
20343,0,0,0
99511,0,0,0
73903,0,0,0
338564,0,0,0
384755,0,0,0
137428,0,0,0
21088,0,0,0
33003,0,0,0
295244,0,0,0
134944,0,0,0
142214,0,0,0
201923,0,0,0
300136,0,0,0
162885,0,0,0
37652,0,0,0
52539,0,0,0
228934,0,0,0
342426,0,0,0
214869,0,0,0
218781,0,0,0
223156,0,0,0
87229,0,0,0
68539,0,0,0
268340,0,0,0
111996,0,0,0
37626,0,0,0
138679,0,0,0
113903,0,0,0
24518,0,0,0
394243,0,0,0
42329,0,0,0
411090,0,0,0
182992,0,0,0
378331,0,0,0
254798,0,0,0
376331,0,0,0
20372,0,0,0
206310,0,0,0
11314,0,0,0
390227,0,0,0
347445,0,0,0
311891,0,0,0
359144,0,0,0
338724,0,0,0
247003,0,0,0
64767,0,0,0
309856,0,0,0
99623,0,0,0
359017,0,0,0
17185,0,0,0
198577,0,0,0
363542,0,0,0
104425,0,0,0
187768,0,0,0
327348,0,0,0
20993,0,0,0
177185,0,0,0
73146,0,0,0
48999,0,0,0
397581,0,0,0
154363,0,0,0
108021,0,0,0
210831,0,0,0
66429,0,0,0
308223,0,0,0
336147,0,0,0
217903,0,0,0
231595,0,0,0
226188,0,0,0
249424,0,0,0
397072,0,0,0
406180,0,0,0
242201,0,0,0
20727,0,0,0
116500,0,0,0
238618,0,0,0
106815,0,0,0
34543,0,0,0
398657,0,0,0
94565,0,0,0
185119,0,0,0
324032,0,0,0
279414,0,0,0
208835,0,0,0
255638,0,0,0
91257,0,0,0
330606,0,0,0
286527,0,0,0
105731,0,0,0
405343,0,0,0
222595,0,0,0
343912,0,0,0
31201,0,0,0
151483,0,0,0
364898,0,0,0
77191,0,0,0
24168,0,0,0
153996,0,0,0
52953,0,0,0
405269,0,0,0
389944,0,0,0
263460,0,0,0
282338,0,0,0
94508,0,0,0
250648,0,0,0
299928,0,0,0
321121,0,0,0
259108,0,0,0
301376,0,0,0
365778,0,0,0
130462,0,0,0
327291,0,0,0
189469,0,0,0
124855,0,0,0
234675,0,0,0
347360,0,0,0
255780,0,0,0
119021,0,0,0
165337,0,0,0
265210,0,0,0
215318,0,0,0
69806,0,0,0
16266,0,0,0
326269,0,0,0
177803,0,0,0
224835,0,0,0
221196,0,0,0
98880,0,0,0
342016,0,0,0
390574,0,0,0
53734,0,0,0
401826,0,0,0
362180,0,0,0
237757,0,0,0
373040,0,0,0
328136,0,0,0
211129,0,0,0
203531,0,0,0
333048,0,0,0
238407,0,0,0
366142,0,0,0
22288,0,0,0
368586,0,0,0
394578,0,0,0
403560,0,0,0
222085,0,0,0
254895,0,0,0
364270,0,0,0
141125,0,0,0
336101,0,0,0
68909,0,0,0
331523,0,0,0
273709,0,0,0
171354,0,0,0
216112,0,0,0
155478,0,0,0
296793,0,0,0
25069,0,0,0
5010,0,0,0
321273,0,0,0
50250,0,0,0
209423,0,0,0
334461,0,0,0
171920,0,0,0
150904,0,0,0
306312,0,0,0
352193,0,0,0
25395,0,0,0
363472,0,0,0
76096,0,0,0
236924,0,0,0
4818,0,0,0
57628,0,0,0
127541,0,0,0
24148,0,0,0
206128,0,0,0
210793,0,0,0
234716,0,0,0
144505,0,0,0
117807,0,0,0
223122,0,0,0
96376,0,0,0
363444,0,0,0
212036,0,0,0
404446,0,0,0
295533,0,0,0
337426,0,0,0
348085,0,0,0
73619,0,0,0
276062,0,0,0
109137,0,0,0
2045,0,0,0
216973,0,0,0
241979,0,0,0
210994,0,0,0
144494,0,0,0
65126,0,0,0
163452,0,0,0
140177,0,0,0
102532,0,0,0
355498,0,0,0
184465,0,0,0
387894,0,0,0
354876,0,0,0
112235,0,0,0
312177,0,0,0
278925,0,0,0
211628,0,0,0
316142,0,0,0
214640,0,0,0
357195,0,0,0
256093,0,0,0
142499,0,0,0
152375,0,0,0
371037,0,0,0
37377,0,0,0
255778,0,0,0
115984,0,0,0
246031,0,0,0
292953,0,0,0
164364,0,0,0
142143,0,0,0
136679,0,0,0
144455,0,0,0
138509,0,0,0
150280,0,0,0
161989,0,0,0
73622,0,0,0
320410,0,0,0
389903,0,0,0
79042,0,0,0
4075,0,0,0
372054,0,0,0
187999,0,0,0
371561,0,0,0
131318,0,0,0
203145,0,0,0
124286,0,0,0
341176,0,0,0
102310,0,0,0
175389,0,0,0
81730,0,0,0
363048,0,0,0
227535,0,0,0
338145,0,0,0
247098,0,0,0
137185,0,0,0
226212,0,0,0
183376,0,0,0
49870,0,0,0
177032,0,0,0
324347,0,0,0
133597,0,0,0
311975,0,0,0
166337,0,0,0
315450,0,0,0
286823,0,0,0
262718,0,0,0
284824,0,0,0
326977,0,0,0
373814,0,0,0
88175,0,0,0
207904,0,0,0
19827,0,0,0
256521,0,0,0
252133,0,0,0
255961,0,0,0
5855,0,0,0
13509,0,0,0
23657,0,0,0
6841,0,0,0
163639,0,0,0
254372,0,0,0
398938,0,0,0
94989,0,0,0
82606,0,0,0
330568,0,0,0
311765,0,0,0
76166,0,0,0
215164,0,0,0
352887,0,0,0
52109,0,0,0
80168,0,0,0
253324,0,0,0
45913,0,0,0
281114,0,0,0
15677,0,0,0
206104,0,0,0
167965,0,0,0
178636,0,0,0
181794,0,0,0
298931,0,0,0
118753,0,0,0
241523,0,0,0
145756,0,0,0
55712,0,0,0
182180,0,0,0
130900,0,0,0
39302,0,0,0
28820,0,0,0
345345,0,0,0
404111,0,0,0
40801,0,0,0
131329,0,0,0
130101,0,0,0
9429,0,0,0
56581,0,0,0
289561,0,0,0
272338,0,0,0
25238,0,0,0
374822,0,0,0
201785,0,0,0
152875,0,0,0
87678,0,0,0
307646,0,0,0
103761,0,0,0
29583,0,0,0
197223,0,0,0
387000,0,0,0
71823,0,0,0
312565,0,0,0
142120,0,0,0
395168,0,0,0
41426,0,0,0
395819,0,0,0
127204,0,0,0
77556,0,0,0
331955,0,0,0
125430,0,0,0
408229,0,0,0
347192,0,0,0
70335,0,0,0
91008,0,0,0
71250,0,0,0
21300,0,0,0
278133,0,0,0
325454,0,0,0
60071,0,0,0
141735,0,0,0
273398,0,0,0
258294,0,0,0
199773,0,0,0
376998,0,0,0
295863,0,0,0
151600,0,0,0
336909,0,0,0
334865,0,0,0
354478,0,0,0
163748,0,0,0
163129,0,0,0
365043,0,0,0
305909,0,0,0
7547,0,0,0
306962,0,0,0
31908,0,0,0
105802,0,0,0
76687,0,0,0
111935,0,0,0
337139,0,0,0
269371,0,0,0
118939,0,0,0
94532,0,0,0
242936,0,0,0
162093,0,0,0
354586,0,0,0
72615,0,0,0
292517,0,0,0
318832,0,0,0
255419,0,0,0
362255,0,0,0
378985,0,0,0
59142,0,0,0
348359,0,0,0
307008,0,0,0
256142,0,0,0
136921,0,0,0
1833,0,0,0
338091,0,0,0
163762,0,0,0
283721,0,0,0
218067,0,0,0
121625,0,0,0
15902,0,0,0
134588,0,0,0
351695,0,0,0
75820,0,0,0
79429,0,0,0
91438,0,0,0
325986,0,0,0
369824,0,0,0
41310,0,0,0
73594,0,0,0
220098,0,0,0
292039,0,0,0
13640,0,0,0
336158,0,0,0
163390,0,0,0
321095,0,0,0
384949,0,0,0
178952,0,0,0
190034,0,0,0
268094,0,0,0
211510,0,0,0
210697,0,0,0
159558,0,0,0
253428,0,0,0
83452,0,0,0
121977,0,0,0
292543,0,0,0
293204,0,0,0
320460,0,0,0
118308,0,0,0
195674,0,0,0
133370,0,0,0
82980,0,0,0
240041,0,0,0
62071,0,0,0
95339,0,0,0
136835,0,0,0
409986,0,0,0
228045,0,0,0
308473,0,0,0
259286,0,0,0
334801,0,0,0
50842,0,0,0
37058,0,0,0
81676,0,0,0
336148,0,0,0
126895,0,0,0
43684,0,0,0
258032,0,0,0
328839,0,0,0
279226,0,0,0
281850,0,0,0
164668,0,0,0
281395,0,0,0
316210,0,0,0
5503,0,0,0
367028,0,0,0
26090,0,0,0
125880,0,0,0
382205,0,0,0
344283,0,0,0
83369,0,0,0
394167,0,0,0
132564,0,0,0
207678,0,0,0
332033,0,0,0
269030,0,0,0
267157,0,0,0
9587,0,0,0
350187,0,0,0
340289,0,0,0
192245,0,0,0
405889,0,0,0
383832,0,0,0
266452,0,0,0
102905,0,0,0
141847,0,0,0
291258,0,0,0
212947,0,0,0
258936,0,0,0
233385,0,0,0
313588,0,0,0
76059,0,0,0
204538,0,0,0
323675,0,0,0
116091,0,0,0
112937,0,0,0
158204,0,0,0
340667,0,0,0
314239,0,0,0
24758,0,0,0
212184,0,0,0
89638,0,0,0
158786,0,0,0
253048,0,0,0
45807,0,0,0
323123,0,0,0
122515,0,0,0
220070,0,0,0
58015,0,0,0
36542,0,0,0
378042,0,0,0
242794,0,0,0
54720,0,0,0
265990,0,0,0
160682,0,0,0
52327,0,0,0
154320,0,0,0
162748,0,0,0
103831,0,0,0
368906,0,0,0
16659,0,0,0
196169,0,0,0
129170,0,0,0
361754,0,0,0
249044,0,0,0
259129,0,0,0
254039,0,0,0
171681,0,0,0
38154,0,0,0
214066,0,0,0
151198,0,0,0
264392,0,0,0
316418,0,0,0
43020,0,0,0
33045,0,0,0
337989,0,0,0
149874,0,0,0
256041,0,0,0
325412,0,0,0
116834,0,0,0
327638,0,0,0
400875,0,0,0
390195,0,0,0
339301,0,0,0
268676,0,0,0
262301,0,0,0
214331,0,0,0
215975,0,0,0
251386,0,0,0
332388,0,0,0
280355,0,0,0
239163,0,0,0
397394,0,0,0
321346,0,0,0
147904,0,0,0
74625,0,0,0
291290,0,0,0
162475,0,0,0
25841,0,0,0
266562,0,0,0
410008,0,0,0
388996,0,0,0
272911,0,0,0
10918,0,0,0
239510,0,0,0
148028,0,0,0
341703,0,0,0
92207,0,0,0
361715,0,0,0
40712,0,0,0
180894,0,0,0
285475,0,0,0
208638,0,0,0
54166,0,0,0
184220,0,0,0
33350,0,0,0
88023,0,0,0
163592,0,0,0
316560,0,0,0
77446,0,0,0
72373,0,0,0
305811,0,0,0
255060,0,0,0
4435,0,0,0
404705,0,0,0
105523,0,0,0
338205,0,0,0
249368,0,0,0
99689,0,0,0
261042,0,0,0
227224,0,0,0
78418,0,0,0
352930,0,0,0
51857,0,0,0
238223,0,0,0
127905,0,0,0
382009,0,0,0
395805,0,0,0
79174,0,0,0
139382,0,0,0
175926,0,0,0
75444,0,0,0
216339,0,0,0
206828,0,0,0
330542,0,0,0
171955,0,0,0
143848,0,0,0
202584,0,0,0
323126,0,0,0
49872,0,0,0
18188,0,0,0
395876,0,0,0
86486,0,0,0
189034,0,0,0
33303,0,0,0
302561,0,0,0
22027,0,0,0
160487,0,0,0
271538,0,0,0
30640,0,0,0
234779,0,0,0
89826,0,0,0
14227,0,0,0
390388,0,0,0
167023,0,0,0
283921,0,0,0
348692,0,0,0
28407,0,0,0
361685,0,0,0
307474,0,0,0
35138,0,0,0
62477,0,0,0
357603,0,0,0
233890,0,0,0
34572,0,0,0
350419,0,0,0
74886,0,0,0
409321,0,0,0
367369,0,0,0
184264,0,0,0
270141,0,0,0
79669,0,0,0
225413,0,0,0
204615,0,0,0
37573,0,0,0
216792,0,0,0
283794,0,0,0
312203,0,0,0
163822,0,0,0
258558,0,0,0
69104,0,0,0
84193,0,0,0
183125,0,0,0
122238,0,0,0
84018,0,0,0
170844,0,0,0
242170,0,0,0
362978,0,0,0
182803,0,0,0
180288,0,0,0
136070,0,0,0
71549,0,0,0
14273,0,0,0
383049,0,0,0
328135,0,0,0
34686,0,0,0
296106,0,0,0
289912,0,0,0
87841,0,0,0
233678,0,0,0
305271,0,0,0
243301,0,0,0
136238,0,0,0
36014,0,0,0
194894,0,0,0
390292,0,0,0
18180,0,0,0
263025,0,0,0
297969,0,0,0
263142,0,0,0
305476,0,0,0
45930,0,0,0
146791,0,0,0
103280,0,0,0
103583,0,0,0
145912,0,0,0
367144,0,0,0
16527,0,0,0
50609,0,0,0
210790,0,0,0
132195,0,0,0
216785,0,0,0
120551,0,0,0
106666,0,0,0
302027,0,0,0
380129,0,0,0
270388,0,0,0
94307,0,0,0
122259,0,0,0
66072,0,0,0
175399,0,0,0
29064,0,0,0
199746,0,0,0
156742,0,0,0
94540,0,0,0
167887,0,0,0
290541,0,0,0
388706,0,0,0
361107,0,0,0
217917,0,0,0
73931,0,0,0
12507,0,0,0
79892,0,0,0
33510,0,0,0
397009,0,0,0
209804,0,0,0
190987,0,0,0
233969,0,0,0
13495,0,0,0
271610,0,0,0
226375,0,0,0
288669,0,0,0
50410,0,0,0
231571,0,0,0
307346,0,0,0
266364,0,0,0
98296,0,0,0
192113,0,0,0
13291,0,0,0
265973,0,0,0
366521,0,0,0
271017,0,0,0
103444,0,0,0
3833,0,0,0
244766,0,0,0
210530,0,0,0
387444,0,0,0
299795,0,0,0
338144,0,0,0
257418,0,0,0
103186,0,0,0
134304,0,0,0
3174,0,0,0
185788,0,0,0
13104,0,0,0
187539,0,0,0
210721,0,0,0
304001,0,0,0
405442,0,0,0
173391,0,0,0
161846,0,0,0
21614,0,0,0
235029,0,0,0
212749,0,0,0
255189,0,0,0
141165,0,0,0
34469,0,0,0
122087,0,0,0
54514,0,0,0
385403,0,0,0
101326,0,0,0
12564,0,0,0
147023,0,0,0
231132,0,0,0
6162,0,0,0
340194,0,0,0
308380,0,0,0
279697,0,0,0
6472,0,0,0
226015,0,0,0
296547,0,0,0
70487,0,0,0
333868,0,0,0
280165,0,0,0
60635,0,0,0
253753,0,0,0
326927,0,0,0
182824,0,0,0
399394,0,0,0
35844,0,0,0
371170,0,0,0
230300,0,0,0
134934,0,0,0
274936,0,0,0
83848,0,0,0
59751,0,0,0
402542,0,0,0
50589,0,0,0
372035,0,0,0
239303,0,0,0
35045,0,0,0
182037,0,0,0
86677,0,0,0
370000,0,0,0
9211,0,0,0
87056,0,0,0
173855,0,0,0
97426,0,0,0
201566,0,0,0
118648,0,0,0
349411,0,0,0
25825,0,0,0
164249,0,0,0
316744,0,0,0
261461,0,0,0
271648,0,0,0
247969,0,0,0
79440,0,0,0
405596,0,0,0
56060,0,0,0
222626,0,0,0
275802,0,0,0
273799,0,0,0
30991,0,0,0
146534,0,0,0
106255,0,0,0
81211,0,0,0
120594,0,0,0
406953,0,0,0
330674,0,0,0
301220,0,0,0
351836,0,0,0
248125,0,0,0
54959,0,0,0
261823,0,0,0
357837,0,0,0
195050,0,0,0
194834,0,0,0
296750,0,0,0
130701,0,0,0
124229,0,0,0
142707,0,0,0
215236,0,0,0
47528,0,0,0
401998,0,0,0
56671,0,0,0
111028,0,0,0
141544,0,0,0
374460,0,0,0
409753,0,0,0
300061,0,0,0
65203,0,0,0
373463,0,0,0
393610,0,0,0
149261,0,0,0
156505,0,0,0
37194,0,0,0
318189,0,0,0
408630,0,0,0
207616,0,0,0
40123,0,0,0
9755,0,0,0
306421,0,0,0
38750,0,0,0
153229,0,0,0
370048,0,0,0
58713,0,0,0
190268,0,0,0
379595,0,0,0
94883,0,0,0
158320,0,0,0
24315,0,0,0
279461,0,0,0
249693,0,0,0
27444,0,0,0
198166,0,0,0
217158,0,0,0
359193,0,0,0
123110,0,0,0
327414,0,0,0
96823,0,0,0
132508,0,0,0
179992,0,0,0
71885,0,0,0
370989,0,0,0
200877,0,0,0
217576,0,0,0
55877,0,0,0
345525,0,0,0
103164,0,0,0
322724,0,0,0
117305,0,0,0
245627,0,0,0
21197,0,0,0
200135,0,0,0
86165,0,0,0
300043,0,0,0
224536,0,0,0
341855,0,0,0
378884,0,0,0
135620,0,0,0
151935,0,0,0
171689,0,0,0
250154,0,0,0
180422,0,0,0
262504,0,0,0
72,0,0,0
201270,0,0,0
336973,0,0,0
275938,0,0,0
79300,0,0,0
281294,0,0,0
298905,0,0,0
263736,0,0,0
321772,0,0,0
217592,0,0,0
343108,0,0,0
6008,0,0,0
364390,0,0,0
67377,0,0,0
409492,0,0,0
73339,0,0,0
34785,0,0,0
202442,0,0,0
37737,0,0,0
344382,0,0,0
187334,0,0,0
170108,0,0,0
155943,0,0,0
347540,0,0,0
80147,0,0,0
185947,0,0,0
365673,0,0,0
11395,0,0,0
266174,0,0,0
128580,0,0,0
338900,0,0,0
104092,0,0,0
92674,0,0,0
141049,0,0,0
221817,0,0,0
286683,0,0,0
4483,0,0,0
225359,0,0,0
133873,0,0,0
168453,0,0,0
143805,0,0,0
234896,0,0,0
178559,0,0,0
282527,0,0,0
160782,0,0,0
169923,0,0,0
301935,0,0,0
37433,0,0,0
82367,0,0,0
298348,0,0,0
129788,0,0,0
187662,0,0,0
398674,0,0,0
281922,0,0,0
403743,0,0,0
379445,0,0,0
9107,0,0,0
54320,0,0,0
209498,0,0,0
213536,0,0,0
219956,0,0,0
61458,0,0,0
38853,0,0,0
371796,0,0,0
105402,0,0,0
295543,0,0,0
350985,0,0,0
354272,0,0,0
342656,0,0,0
192573,0,0,0
236026,0,0,0
131127,0,0,0
13650,0,0,0
21773,0,0,0
265181,0,0,0
344300,0,0,0
386736,0,0,0
298270,0,0,0
54055,0,0,0
384374,0,0,0
118449,0,0,0
170573,0,0,0
293433,0,0,0
347,0,0,0
315338,0,0,0
55868,0,0,0
14458,0,0,0
111029,0,0,0
372392,0,0,0
346418,0,0,0
168839,0,0,0
229248,0,0,0
335806,0,0,0
133921,0,0,0
167038,0,0,0
22761,0,0,0
336650,0,0,0
341045,0,0,0
123509,0,0,0
192043,0,0,0
137647,0,0,0
262186,0,0,0
56862,0,0,0
354139,0,0,0
321678,0,0,0
346272,0,0,0
358780,0,0,0
135395,0,0,0
90555,0,0,0
122360,0,0,0
107035,0,0,0
411143,0,0,0
363572,0,0,0
219542,0,0,0
323895,0,0,0
191743,0,0,0
242708,0,0,0
408701,0,0,0
319259,0,0,0
260307,0,0,0
315765,0,0,0
140833,0,0,0
13474,0,0,0
288670,0,0,0
400926,0,0,0
144401,0,0,0
1002,0,0,0
398281,0,0,0
249509,0,0,0
394964,0,0,0
88958,0,0,0
75089,0,0,0
20141,0,0,0
179174,0,0,0
164188,0,0,0
389763,0,0,0
213399,0,0,0
67632,0,0,0
261985,0,0,0
288580,0,0,0
314072,0,0,0
264987,0,0,0
338184,0,0,0
261156,0,0,0
210307,0,0,0
408531,0,0,0
313806,0,0,0
347353,0,0,0
82616,0,0,0
320361,0,0,0
155171,0,0,0
151210,0,0,0
191962,0,0,0
48577,0,0,0
246050,0,0,0
107339,0,0,0
277823,0,0,0
401074,0,0,0
44382,0,0,0
280288,0,0,0
399256,0,0,0
82575,0,0,0
143784,0,0,0
87049,0,0,0
239889,0,0,0
347576,0,0,0
103238,0,0,0
165442,0,0,0
209143,0,0,0
180924,0,0,0
316956,0,0,0
250380,0,0,0
327206,0,0,0
70495,0,0,0
57197,0,0,0
114165,0,0,0
264393,0,0,0
130383,0,0,0
344243,0,0,0
389876,0,0,0
75276,0,0,0
62080,0,0,0
124223,0,0,0
235279,0,0,0
184721,0,0,0
332039,0,0,0
273666,0,0,0
335529,0,0,0
37220,0,0,0
357988,0,0,0
93009,0,0,0
244899,0,0,0
127716,0,0,0
18700,0,0,0
187429,0,0,0
278532,0,0,0
326648,0,0,0
146074,0,0,0
283026,0,0,0
218017,0,0,0
309613,0,0,0
23125,0,0,0
65083,0,0,0
398879,0,0,0
135298,0,0,0
176474,0,0,0
217428,0,0,0
214784,0,0,0
118351,0,0,0
183330,0,0,0
194920,0,0,0
45358,0,0,0
71904,0,0,0
56811,0,0,0
132719,0,0,0
295425,0,0,0
360788,0,0,0
356529,0,0,0
99197,0,0,0
37747,0,0,0
43686,0,0,0
224376,0,0,0
313821,0,0,0
280880,0,0,0
401234,0,0,0
186333,0,0,0
101751,0,0,0
224196,0,0,0
83110,0,0,0
352721,0,0,0
138410,0,0,0
329579,0,0,0
309258,0,0,0
112963,0,0,0
261414,0,0,0
147876,0,0,0
248416,0,0,0
236943,0,0,0
102897,0,0,0
399899,0,0,0
161312,0,0,0
46486,0,0,0
274031,0,0,0
372252,0,0,0
182178,0,0,0
265409,0,0,0
368228,0,0,0
108475,0,0,0
312774,0,0,0
350351,0,0,0
246237,0,0,0
272810,0,0,0
173516,0,0,0
12940,0,0,0
254505,0,0,0
312805,0,0,0
392639,0,0,0
39224,0,0,0
317010,0,0,0
365033,0,0,0
341101,0,0,0
12063,0,0,0
92695,0,0,0
244518,0,0,0
359301,0,0,0
363650,0,0,0
172115,0,0,0
137826,0,0,0
98856,0,0,0
38562,0,0,0
291749,0,0,0
186276,0,0,0
170884,0,0,0
8155,0,0,0
80931,0,0,0
115195,0,0,0
41785,0,0,0
173531,0,0,0
286117,0,0,0
390671,0,0,0
275728,0,0,0
139228,0,0,0
57066,0,0,0
353404,0,0,0
130171,0,0,0
61795,0,0,0
292208,0,0,0
312159,0,0,0
58619,0,0,0
255144,0,0,0
30878,0,0,0
406714,0,0,0
59468,0,0,0
335811,0,0,0
279276,0,0,0
279136,0,0,0
393159,0,0,0
204082,0,0,0
394177,0,0,0
128728,0,0,0
82640,0,0,0
211873,0,0,0
385008,0,0,0
295233,0,0,0
80845,0,0,0
339571,0,0,0
134712,0,0,0
141193,0,0,0
303046,0,0,0
230211,0,0,0
393617,0,0,0
70930,0,0,0
227705,0,0,0
247369,0,0,0
14056,0,0,0
7829,0,0,0
216852,0,0,0
254453,0,0,0
194041,0,0,0
396053,0,0,0
207760,0,0,0
286725,0,0,0
159617,0,0,0
34303,0,0,0
35560,0,0,0
127123,0,0,0
132279,0,0,0
111503,0,0,0
410371,0,0,0
265563,0,0,0
290724,0,0,0
165045,0,0,0
105798,0,0,0
98903,0,0,0
356212,0,0,0
315814,0,0,0
256983,0,0,0
106857,0,0,0
232386,0,0,0
198352,0,0,0
341180,0,0,0
405404,0,0,0
47181,0,0,0
53614,0,0,0
37068,0,0,0
107171,0,0,0
329835,0,0,0
286630,0,0,0
224956,0,0,0
337035,0,0,0
192528,0,0,0
278347,0,0,0
286215,0,0,0
210133,0,0,0
325429,0,0,0
267150,0,0,0
152566,0,0,0
16435,0,0,0
371867,0,0,0
333997,0,0,0
223220,0,0,0
371259,0,0,0
116712,0,0,0
22744,0,0,0
369176,0,0,0
242765,0,0,0
177517,0,0,0
1960,0,0,0
39136,0,0,0
312232,0,0,0
316705,0,0,0
289452,0,0,0
397766,0,0,0
397608,0,0,0
159188,0,0,0
125998,0,0,0
203677,0,0,0
93977,0,0,0
398473,0,0,0
409388,0,0,0
116908,0,0,0
363923,0,0,0
291774,0,0,0
14968,0,0,0
222161,0,0,0
193887,0,0,0
153705,0,0,0
199951,0,0,0
130056,0,0,0
97198,0,0,0
157561,0,0,0
91904,0,0,0
138799,0,0,0
381773,0,0,0
16503,0,0,0
393914,0,0,0
107066,0,0,0
102677,0,0,0
263669,0,0,0
73578,0,0,0
21496,0,0,0
242023,0,0,0
79980,0,0,0
47897,0,0,0
300118,0,0,0
155217,0,0,0
104583,0,0,0
117578,0,0,0
341080,0,0,0
304172,0,0,0
257927,0,0,0
349754,0,0,0
101014,0,0,0
87203,0,0,0
224331,0,0,0
52375,0,0,0
192595,0,0,0
268575,0,0,0
166537,0,0,0
373945,0,0,0
80644,0,0,0
193263,0,0,0
242207,0,0,0
59507,0,0,0
132043,0,0,0
199834,0,0,0
123239,0,0,0
110640,0,0,0
224336,0,0,0
25028,0,0,0
376633,0,0,0
351430,0,0,0
285438,0,0,0
47316,0,0,0
348416,0,0,0
338308,0,0,0
32598,0,0,0
403801,0,0,0
233377,0,0,0
205466,0,0,0
35453,0,0,0
278243,0,0,0
145399,0,0,0
395484,0,0,0
380317,0,0,0
347629,0,0,0
108139,0,0,0
348459,0,0,0
265334,0,0,0
259866,0,0,0
299988,0,0,0
348641,0,0,0
28271,0,0,0
95410,0,0,0
117200,0,0,0
35174,0,0,0
167803,0,0,0
353559,0,0,0
88300,0,0,0
12946,0,0,0
29861,0,0,0
226321,0,0,0
289714,0,0,0
8003,0,0,0
246945,0,0,0
194901,0,0,0
343894,0,0,0
143611,0,0,0
33388,0,0,0
410263,0,0,0
376257,0,0,0
287990,0,0,0
84958,0,0,0
197370,0,0,0
175196,0,0,0
368544,0,0,0
411152,0,0,0
236143,0,0,0
40564,0,0,0
144148,0,0,0
236891,0,0,0
246642,0,0,0
167593,0,0,0
50675,0,0,0
57155,0,0,0
146843,0,0,0
384586,0,0,0
281629,0,0,0
224288,0,0,0
191149,0,0,0
395293,0,0,0
286508,0,0,0
313102,0,0,0
178725,0,0,0
190768,0,0,0
21970,0,0,0
360429,0,0,0
174368,0,0,0
123684,0,0,0
169865,0,0,0
123394,0,0,0
341183,0,0,0
173601,0,0,0
279801,0,0,0
275723,0,0,0
55702,0,0,0
315725,0,0,0
330027,0,0,0
133643,0,0,0
153247,0,0,0
26783,0,0,0
297990,0,0,0
167959,0,0,0
194842,0,0,0
399976,0,0,0
34046,0,0,0
213948,0,0,0
302881,0,0,0
235971,0,0,0
108050,0,0,0
216462,0,0,0
190168,0,0,0
401957,0,0,0
386502,0,0,0
184045,0,0,0
266417,0,0,0
121923,0,0,0
75861,0,0,0
54144,0,0,0
407733,0,0,0
91349,0,0,0
320851,0,0,0
395567,0,0,0
217371,0,0,0
399924,0,0,0
385481,0,0,0
25731,0,0,0
195460,0,0,0
385457,0,0,0
129793,0,0,0
238811,0,0,0
278258,0,0,0
308553,0,0,0
7194,0,0,0
297481,0,0,0
117246,0,0,0
245609,0,0,0
52246,0,0,0
51193,0,0,0
235925,0,0,0
357888,0,0,0
263266,0,0,0
93647,0,0,0
10714,0,0,0
124697,0,0,0
120087,0,0,0
268852,0,0,0
176580,0,0,0
397676,0,0,0
300137,0,0,0
166049,0,0,0
1643,0,0,0
359733,0,0,0
163512,0,0,0
347948,0,0,0
258668,0,0,0
43725,0,0,0
304575,0,0,0
311783,0,0,0
146593,0,0,0
94605,0,0,0
91134,0,0,0
23208,0,0,0
16055,0,0,0
259343,0,0,0
145735,0,0,0
119034,0,0,0
240814,0,0,0
352166,0,0,0
369781,0,0,0
395436,0,0,0
49831,0,0,0
155342,0,0,0
178706,0,0,0
195342,0,0,0
203280,0,0,0
154401,0,0,0
162307,0,0,0
150795,0,0,0
273330,0,0,0
97669,0,0,0
229123,0,0,0
79759,0,0,0
610,0,0,0
129009,0,0,0
58817,0,0,0
242421,0,0,0
173409,0,0,0
92002,0,0,0
234437,0,0,0
208802,0,0,0
310517,0,0,0
144882,0,0,0
35106,0,0,0
85798,0,0,0
114934,0,0,0
245891,0,0,0
300696,0,0,0
128362,0,0,0
261403,0,0,0
26823,0,0,0
225623,0,0,0
374939,0,0,0
329264,0,0,0
39581,0,0,0
147350,0,0,0
14034,0,0,0
8144,0,0,0
301301,0,0,0
57049,0,0,0
140433,0,0,0
359689,0,0,0
111932,0,0,0
383214,0,0,0
209080,0,0,0
281548,0,0,0
38973,0,0,0
234231,0,0,0
161701,0,0,0
381403,0,0,0
362026,0,0,0
179287,0,0,0
307901,0,0,0
293169,0,0,0
262513,0,0,0
296635,0,0,0
260224,0,0,0
171931,0,0,0
219419,0,0,0
18477,0,0,0
173023,0,0,0
352765,0,0,0
387799,0,0,0
88831,0,0,0
282317,0,0,0
407062,0,0,0
32175,0,0,0
24154,0,0,0
212393,0,0,0
380196,0,0,0
207725,0,0,0
182474,0,0,0
130495,0,0,0
167089,0,0,0
105934,0,0,0
84009,0,0,0
147854,0,0,0
325308,0,0,0
282885,0,0,0
50680,0,0,0
357136,0,0,0
140328,0,0,0
301688,0,0,0
335648,0,0,0
102143,0,0,0
353278,0,0,0
56289,0,0,0
143975,0,0,0
381354,0,0,0
276004,0,0,0
269454,0,0,0
212546,0,0,0
378215,0,0,0
103495,0,0,0
319717,0,0,0
139630,0,0,0
279611,0,0,0
67661,0,0,0
408936,0,0,0
106453,0,0,0
241821,0,0,0
364289,0,0,0
340200,0,0,0
75404,0,0,0
271967,0,0,0
117295,0,0,0
305590,0,0,0
197081,0,0,0
153170,0,0,0
275845,0,0,0
362145,0,0,0
162925,0,0,0
773,0,0,0
128775,0,0,0
250579,0,0,0
16013,0,0,0
139146,0,0,0
363663,0,0,0
246963,0,0,0
351765,0,0,0
314911,0,0,0
192384,0,0,0
25233,0,0,0
56230,0,0,0
204986,0,0,0
336308,0,0,0
258621,0,0,0
198943,0,0,0
282328,0,0,0
69532,0,0,0
187144,0,0,0
16977,0,0,0
270243,0,0,0
345040,0,0,0
274656,0,0,0
366177,0,0,0
15361,0,0,0
196197,0,0,0
119548,0,0,0
64280,0,0,0
183320,0,0,0
140457,0,0,0
410788,0,0,0
3505,0,0,0
302522,0,0,0
26617,0,0,0
196832,0,0,0
291860,0,0,0
379873,0,0,0
243025,0,0,0
399187,0,0,0
387392,0,0,0
251552,0,0,0
372080,0,0,0
204162,0,0,0
182431,0,0,0
288840,0,0,0
382001,0,0,0
190005,0,0,0
201461,0,0,0
385844,0,0,0
321732,0,0,0
298200,0,0,0
191478,0,0,0
100817,0,0,0
60651,0,0,0
300637,0,0,0
48181,0,0,0
307173,0,0,0
405817,0,0,0
32821,0,0,0
58419,0,0,0
276307,0,0,0
234160,0,0,0
302664,0,0,0
29911,0,0,0
284209,0,0,0
248490,0,0,0
376964,0,0,0
57986,0,0,0
409646,0,0,0
284118,0,0,0
53281,0,0,0
178703,0,0,0
100529,0,0,0
262140,0,0,0
300093,0,0,0
349975,0,0,0
384693,0,0,0
137914,0,0,0
18170,0,0,0
78012,0,0,0
167995,0,0,0
71413,0,0,0
398385,0,0,0
372087,0,0,0
83652,0,0,0
320488,0,0,0
101141,0,0,0
50824,0,0,0
350996,0,0,0
177281,0,0,0
194637,0,0,0
208585,0,0,0
81916,0,0,0
158393,0,0,0
118832,0,0,0
289137,0,0,0
340158,0,0,0
275149,0,0,0
147858,0,0,0
105416,0,0,0
290047,0,0,0
150203,0,0,0
189080,0,0,0
231608,0,0,0
338603,0,0,0
302665,0,0,0
285607,0,0,0
184452,0,0,0
368888,0,0,0
38228,0,0,0
295204,0,0,0
60308,0,0,0
278142,0,0,0
113494,0,0,0
303314,0,0,0
310016,0,0,0
101950,0,0,0
86829,0,0,0
127025,0,0,0
133811,0,0,0
254545,0,0,0
141143,0,0,0
32443,0,0,0
41634,0,0,0
188060,0,0,0
332715,0,0,0
129428,0,0,0
112705,0,0,0
65548,0,0,0
214657,0,0,0
118127,0,0,0
257747,0,0,0
409891,0,0,0
273333,0,0,0
280113,0,0,0
114270,0,0,0
362608,0,0,0
12634,0,0,0
271994,0,0,0
158394,0,0,0
268752,0,0,0
370437,0,0,0
128586,0,0,0
387347,0,0,0
76982,0,0,0
311445,0,0,0
397465,0,0,0
353139,0,0,0
132412,0,0,0
59795,0,0,0
150793,0,0,0
141036,0,0,0
409258,0,0,0
145785,0,0,0
307029,0,0,0
117493,0,0,0
29106,0,0,0
191050,0,0,0
84546,0,0,0
389115,0,0,0
190579,0,0,0
245234,0,0,0
375482,0,0,0
148679,0,0,0
355307,0,0,0
241633,0,0,0
333000,0,0,0
7274,0,0,0
305092,0,0,0
31805,0,0,0
381908,0,0,0
53043,0,0,0
356128,0,0,0
95365,0,0,0
77984,0,0,0
1059,0,0,0
181642,0,0,0
23750,0,0,0
102373,0,0,0
146667,0,0,0
138451,0,0,0
131732,0,0,0
264003,0,0,0
153011,0,0,0
114002,0,0,0
127696,0,0,0
325687,0,0,0
151599,0,0,0
94698,0,0,0
132615,0,0,0
221986,0,0,0
32745,0,0,0
22955,0,0,0
85667,0,0,0
312290,0,0,0
404533,0,0,0
86384,0,0,0
346139,0,0,0
153215,0,0,0
300706,0,0,0
150949,0,0,0
406835,0,0,0
54259,0,0,0
256602,0,0,0
214364,0,0,0
246354,0,0,0
375216,0,0,0
338340,0,0,0
377708,0,0,0
191464,0,0,0
6233,0,0,0
166340,0,0,0
263160,0,0,0
171986,0,0,0
294503,0,0,0
102118,0,0,0
346175,0,0,0
112356,0,0,0
64662,0,0,0
214871,0,0,0
394831,0,0,0
264047,0,0,0
260334,0,0,0
290430,0,0,0
242473,0,0,0
16574,0,0,0
79823,0,0,0
32951,0,0,0
17987,0,0,0
287781,0,0,0
230456,0,0,0
119525,0,0,0
179937,0,0,0
175214,0,0,0
248643,0,0,0
408799,0,0,0
111838,0,0,0
38791,0,0,0
316494,0,0,0
125028,0,0,0
22814,0,0,0
224337,0,0,0
12187,0,0,0
318730,0,0,0
231873,0,0,0
54748,0,0,0
384245,0,0,0
9860,0,0,0
125234,0,0,0
334504,0,0,0
258737,0,0,0
99087,0,0,0
300936,0,0,0
190225,0,0,0
232385,0,0,0
69062,0,0,0
107647,0,0,0
211988,0,0,0
345749,0,0,0
316444,0,0,0
372722,0,0,0
318810,0,0,0
293223,0,0,0
225945,0,0,0
274142,0,0,0
67698,0,0,0
261444,0,0,0
257762,0,0,0
185963,0,0,0
228666,0,0,0
80041,0,0,0
246453,0,0,0
255365,0,0,0
381126,0,0,0
245762,0,0,0
142795,0,0,0
364328,0,0,0
23558,0,0,0
164186,0,0,0
93784,0,0,0
169161,0,0,0
405776,0,0,0
130920,0,0,0
403863,0,0,0
228601,0,0,0
7011,0,0,0
278096,0,0,0
158062,0,0,0
182361,0,0,0
306215,0,0,0
195263,0,0,0
24217,0,0,0
294200,0,0,0
33999,0,0,0
29604,0,0,0
318777,0,0,0
318333,0,0,0
169387,0,0,0
251474,0,0,0
355582,0,0,0
271088,0,0,0
335176,0,0,0
176621,0,0,0
222430,0,0,0
175741,0,0,0
295309,0,0,0
342393,0,0,0
59301,0,0,0
54710,0,0,0
157157,0,0,0
252056,0,0,0
34821,0,0,0
211631,0,0,0
48307,0,0,0
36509,0,0,0
202953,0,0,0
392887,0,0,0
148722,0,0,0
359205,0,0,0
243264,0,0,0
343610,0,0,0
404807,0,0,0
363500,0,0,0
340472,0,0,0
324896,0,0,0
50913,0,0,0
286524,0,0,0
91041,0,0,0
378302,0,0,0
94303,0,0,0
182438,0,0,0
66998,0,0,0
8428,0,0,0
243567,0,0,0
363044,0,0,0
58045,0,0,0
309092,0,0,0
115103,0,0,0
153600,0,0,0
158832,0,0,0
20208,0,0,0
380883,0,0,0
294463,0,0,0
74228,0,0,0
235189,0,0,0
172489,0,0,0
40622,0,0,0
7589,0,0,0
112466,0,0,0
35763,0,0,0
177842,0,0,0
50195,0,0,0
44805,0,0,0
175004,0,0,0
369023,0,0,0
111371,0,0,0
358632,0,0,0
211185,0,0,0
251523,0,0,0
404461,0,0,0
326136,0,0,0
65386,0,0,0
363812,0,0,0
37012,0,0,0
199490,0,0,0
354817,0,0,0
322278,0,0,0
319209,0,0,0
115398,0,0,0
303916,0,0,0
42576,0,0,0
18645,0,0,0
302156,0,0,0
174544,0,0,0
243255,0,0,0
78281,0,0,0
61030,0,0,0
161261,0,0,0
42246,0,0,0
315104,0,0,0
133817,0,0,0
374639,0,0,0
299709,0,0,0
404581,0,0,0
338790,0,0,0
394077,0,0,0
389787,0,0,0
288502,0,0,0
328401,0,0,0
45791,0,0,0
86031,0,0,0
27875,0,0,0
227209,0,0,0
200822,0,0,0
410135,0,0,0
101458,0,0,0
123297,0,0,0
274965,0,0,0
176438,0,0,0
114726,0,0,0
169444,0,0,0
304054,0,0,0
353716,0,0,0
1885,0,0,0
118226,0,0,0
255165,0,0,0
338523,0,0,0
68033,0,0,0
59977,0,0,0
134430,0,0,0
63764,0,0,0
197809,0,0,0
347135,0,0,0
227527,0,0,0
338867,0,0,0
21205,0,0,0
282956,0,0,0
211246,0,0,0
235765,0,0,0
363160,0,0,0
82062,0,0,0
391797,0,0,0
147298,0,0,0
215319,0,0,0
355683,0,0,0
28168,0,0,0
306911,0,0,0
253567,0,0,0
154937,0,0,0
262908,0,0,0
92227,0,0,0
195742,0,0,0
355096,0,0,0
275328,0,0,0
89534,0,0,0
101567,0,0,0
308107,0,0,0
316959,0,0,0
1385,0,0,0
222254,0,0,0
383661,0,0,0
382006,0,0,0
46769,0,0,0
26542,0,0,0
107222,0,0,0
305214,0,0,0
335980,0,0,0
95260,0,0,0
327554,0,0,0
45521,0,0,0
109605,0,0,0
231790,0,0,0
83205,0,0,0
405577,0,0,0
331619,0,0,0
378678,0,0,0
184808,0,0,0
29320,0,0,0
321989,0,0,0
174081,0,0,0
302366,0,0,0
367781,0,0,0
29044,0,0,0
189879,0,0,0
111944,0,0,0
267348,0,0,0
306589,0,0,0
142665,0,0,0
192315,0,0,0
331196,0,0,0
82892,0,0,0
316089,0,0,0
110571,0,0,0
278338,0,0,0
113468,0,0,0
256324,0,0,0
217222,0,0,0
152990,0,0,0
40414,0,0,0
312153,0,0,0
252103,0,0,0
345087,0,0,0
269863,0,0,0
325483,0,0,0
276395,0,0,0
11535,0,0,0
246943,0,0,0
218260,0,0,0
338760,0,0,0
198519,0,0,0
10239,0,0,0
101732,0,0,0
270356,0,0,0
143696,0,0,0
33619,0,0,0
214210,0,0,0
164583,0,0,0
390320,0,0,0
322742,0,0,0
44606,0,0,0
50942,0,0,0
208033,0,0,0
21123,0,0,0
35473,0,0,0
167527,0,0,0
200972,0,0,0
372686,0,0,0
334931,0,0,0
148617,0,0,0
155926,0,0,0
357536,0,0,0
403711,0,0,0
53535,0,0,0
95283,0,0,0
312310,0,0,0
390242,0,0,0
123741,0,0,0
835,0,0,0
203026,0,0,0
183539,0,0,0
219434,0,0,0
61745,0,0,0
352495,0,0,0
306295,0,0,0
110380,0,0,0
327807,0,0,0
144387,0,0,0
306896,0,0,0
235307,0,0,0
345400,0,0,0
199198,0,0,0
39526,0,0,0
75879,0,0,0
43772,0,0,0
137385,0,0,0
382113,0,0,0
330104,0,0,0
348176,0,0,0
223626,0,0,0
140404,0,0,0
45629,0,0,0
345813,0,0,0
87113,0,0,0
127110,0,0,0
239556,0,0,0
364847,0,0,0
298958,0,0,0
380957,0,0,0
243429,0,0,0
85957,0,0,0
126169,0,0,0
300733,0,0,0
201256,0,0,0
212639,0,0,0
73666,0,0,0
369711,0,0,0
327697,0,0,0
106736,0,0,0
306702,0,0,0
124256,0,0,0
255370,0,0,0
16198,0,0,0
74827,0,0,0
389749,0,0,0
362744,0,0,0
286128,0,0,0
214363,0,0,0
139642,0,0,0
277864,0,0,0
202974,0,0,0
90963,0,0,0
184856,0,0,0
298843,0,0,0
294252,0,0,0
171202,0,0,0
65285,0,0,0
315292,0,0,0
7518,0,0,0
234864,0,0,0
31087,0,0,0
307154,0,0,0
6079,0,0,0
311343,0,0,0
90459,0,0,0
261100,0,0,0
119930,0,0,0
96785,0,0,0
300922,0,0,0
139355,0,0,0
351390,0,0,0
130114,0,0,0
72299,0,0,0
352875,0,0,0
83777,0,0,0
402545,0,0,0
394751,0,0,0
116856,0,0,0
280638,0,0,0
269960,0,0,0
51794,0,0,0
100195,0,0,0
346955,0,0,0
300401,0,0,0
15419,0,0,0
115819,0,0,0
88131,0,0,0
65619,0,0,0
324629,0,0,0
109778,0,0,0
293249,0,0,0
307747,0,0,0
62039,0,0,0
71029,0,0,0
44050,0,0,0
83525,0,0,0
196172,0,0,0
392656,0,0,0
281979,0,0,0
203982,0,0,0
35994,0,0,0
279995,0,0,0
207124,0,0,0
289152,0,0,0
110979,0,0,0
376191,0,0,0
364923,0,0,0
127173,0,0,0
29345,0,0,0
278230,0,0,0
295712,0,0,0
173413,0,0,0
263456,0,0,0
209309,0,0,0
283469,0,0,0
291540,0,0,0
107528,0,0,0
293049,0,0,0
13206,0,0,0
210228,0,0,0
285576,0,0,0
366389,0,0,0
327524,0,0,0
154637,0,0,0
173159,0,0,0
189399,0,0,0
406472,0,0,0
281500,0,0,0
10700,0,0,0
410881,0,0,0
406468,0,0,0
73922,0,0,0
24672,0,0,0
281380,0,0,0
283499,0,0,0
329969,0,0,0
151756,0,0,0
217427,0,0,0
402657,0,0,0
185590,0,0,0
217123,0,0,0
278471,0,0,0
337140,0,0,0
187552,0,0,0
90619,0,0,0
26310,0,0,0
376763,0,0,0
82557,0,0,0
267908,0,0,0
108106,0,0,0
393720,0,0,0
171405,0,0,0
200578,0,0,0
284214,0,0,0
365976,0,0,0
42926,0,0,0
65593,0,0,0
48584,0,0,0
287826,0,0,0
63854,0,0,0
27461,0,0,0
190930,0,0,0
369744,0,0,0
410798,0,0,0
299535,0,0,0
64628,0,0,0
264131,0,0,0
182553,0,0,0
180593,0,0,0
53157,0,0,0
102045,0,0,0
270891,0,0,0
66238,0,0,0
178081,0,0,0
360969,0,0,0
275496,0,0,0
247656,0,0,0
167028,0,0,0
94452,0,0,0
61257,0,0,0
221467,0,0,0
383560,0,0,0
179975,0,0,0
354070,0,0,0
212554,0,0,0
406767,0,0,0
324860,0,0,0
53646,0,0,0
111624,0,0,0
128458,0,0,0
149365,0,0,0
167199,0,0,0
87623,0,0,0
193240,0,0,0
91790,0,0,0
187094,0,0,0
326444,0,0,0
104450,0,0,0
39124,0,0,0
322178,0,0,0
376424,0,0,0
344868,0,0,0
32511,0,0,0
197636,0,0,0
396582,0,0,0
374239,0,0,0
393247,0,0,0
137159,0,0,0
48793,0,0,0
135587,0,0,0
100640,0,0,0
25524,0,0,0
245175,0,0,0
15686,0,0,0
135178,0,0,0
377541,0,0,0
234942,0,0,0
205770,0,0,0
274288,0,0,0
376511,0,0,0
107043,0,0,0
148454,0,0,0
233926,0,0,0
103115,0,0,0
52253,0,0,0
149515,0,0,0
291128,0,0,0
273941,0,0,0
139537,0,0,0
332713,0,0,0
246500,0,0,0
259775,0,0,0
281478,0,0,0
394560,0,0,0
371317,0,0,0
53494,0,0,0
369666,0,0,0
86271,0,0,0
358693,0,0,0
291543,0,0,0
49990,0,0,0
291403,0,0,0
31211,0,0,0
380955,0,0,0
188844,0,0,0
361822,0,0,0
327954,0,0,0
38518,0,0,0
389609,0,0,0
183324,0,0,0
89814,0,0,0
203404,0,0,0
214911,0,0,0
220040,0,0,0
149474,0,0,0
261508,0,0,0
293086,0,0,0
130274,0,0,0
396731,0,0,0
90998,0,0,0
317054,0,0,0
364733,0,0,0
227214,0,0,0
355470,0,0,0
110922,0,0,0
119710,0,0,0
401482,0,0,0
313065,0,0,0
348172,0,0,0
399172,0,0,0
4887,0,0,0
332113,0,0,0
321055,0,0,0
159383,0,0,0
55280,0,0,0
12583,0,0,0
158149,0,0,0
185357,0,0,0
263329,0,0,0
371589,0,0,0
92621,0,0,0
66957,0,0,0
87826,0,0,0
9985,0,0,0
284175,0,0,0
215866,0,0,0
38199,0,0,0
355761,0,0,0
359445,0,0,0
67270,0,0,0
373135,0,0,0
50411,0,0,0
157332,0,0,0
33153,0,0,0
282566,0,0,0
348772,0,0,0
23899,0,0,0
260559,0,0,0
27114,0,0,0
372339,0,0,0
353210,0,0,0
246376,0,0,0
266618,0,0,0
321581,0,0,0
147189,0,0,0
77036,0,0,0
307321,0,0,0
213425,0,0,0
73468,0,0,0
39835,0,0,0
354431,0,0,0
243128,0,0,0
147715,0,0,0
348429,0,0,0
300548,0,0,0
27767,0,0,0
37143,0,0,0
171817,0,0,0
351114,0,0,0
325099,0,0,0
101556,0,0,0
204690,0,0,0
356962,0,0,0
91046,0,0,0
109283,0,0,0
156922,0,0,0
391914,0,0,0
155676,0,0,0
45021,0,0,0
235933,0,0,0
99540,0,0,0
407709,0,0,0
67937,0,0,0
259615,0,0,0
30805,0,0,0
366710,0,0,0
26503,0,0,0
217823,0,0,0
272647,0,0,0
113949,0,0,0
363649,0,0,0
347059,0,0,0
396096,0,0,0
238750,0,0,0
399081,0,0,0
289751,0,0,0
210593,0,0,0
4851,0,0,0
48352,0,0,0
247354,0,0,0
6335,0,0,0
218405,0,0,0
109206,0,0,0
342186,0,0,0
171095,0,0,0
178408,0,0,0
113501,0,0,0
396945,0,0,0
217449,0,0,0
372115,0,0,0
206501,0,0,0
359311,0,0,0
309926,0,0,0
199734,0,0,0
321536,0,0,0
125860,0,0,0
52006,0,0,0
156659,0,0,0
61032,0,0,0
318017,0,0,0
294982,0,0,0
298585,0,0,0
198418,0,0,0
13644,0,0,0
368715,0,0,0
81179,0,0,0
292187,0,0,0
333632,0,0,0
192842,0,0,0
264947,0,0,0
13413,0,0,0
141923,0,0,0
338376,0,0,0
316988,0,0,0
84075,0,0,0
77074,0,0,0
403823,0,0,0
114987,0,0,0
315862,0,0,0
57304,0,0,0
321401,0,0,0
163146,0,0,0
216230,0,0,0
83345,0,0,0
350641,0,0,0
334768,0,0,0
137962,0,0,0
95537,0,0,0
120482,0,0,0
240530,0,0,0
291728,0,0,0
243415,0,0,0
275157,0,0,0
228607,0,0,0
335744,0,0,0
281678,0,0,0
146312,0,0,0
332784,0,0,0
370909,0,0,0
59417,0,0,0
46867,0,0,0
292065,0,0,0
226187,0,0,0
292526,0,0,0
196061,0,0,0
168826,0,0,0
224522,0,0,0
396724,0,0,0
35651,0,0,0
176815,0,0,0
133080,0,0,0
88332,0,0,0
209264,0,0,0
394168,0,0,0
311240,0,0,0
217288,0,0,0
147763,0,0,0
199514,0,0,0
109848,0,0,0
156098,0,0,0
207492,0,0,0
69274,0,0,0
162972,0,0,0
177328,0,0,0
72781,0,0,0
243714,0,0,0
372187,0,0,0
384445,0,0,0
188336,0,0,0
174530,0,0,0
92305,0,0,0
22298,0,0,0
325800,0,0,0
330689,0,0,0
72532,0,0,0
333665,0,0,0
332413,0,0,0
217090,0,0,0
338384,0,0,0
261540,0,0,0
137749,0,0,0
52541,0,0,0
15799,0,0,0
80606,0,0,0
233649,0,0,0
386449,0,0,0
246165,0,0,0
352554,0,0,0
350542,0,0,0
386782,0,0,0
285682,0,0,0
313813,0,0,0
264181,0,0,0
36396,0,0,0
230477,0,0,0
251272,0,0,0
338542,0,0,0
408637,0,0,0
242015,0,0,0
327159,0,0,0
45353,0,0,0
358792,0,0,0
348629,0,0,0
1972,0,0,0
130978,0,0,0
288203,0,0,0
80624,0,0,0
336437,0,0,0
270479,0,0,0
296851,0,0,0
305662,0,0,0
380350,0,0,0
42125,0,0,0
196132,0,0,0
342496,0,0,0
389493,0,0,0
255097,0,0,0
262089,0,0,0
187169,0,0,0
114605,0,0,0
273553,0,0,0
301570,0,0,0
48843,0,0,0
278375,0,0,0
63544,0,0,0
8196,0,0,0
19627,0,0,0
194304,0,0,0
95317,0,0,0
391645,0,0,0
224183,0,0,0
229663,0,0,0
203289,0,0,0
188240,0,0,0
164601,0,0,0
175725,0,0,0
143327,0,0,0
27490,0,0,0
316723,0,0,0
25966,0,0,0
204698,0,0,0
123017,0,0,0
380062,0,0,0
271440,0,0,0
356545,0,0,0
60422,0,0,0
274722,0,0,0
353939,0,0,0
270091,0,0,0
95165,0,0,0
168848,0,0,0
242372,0,0,0
118661,0,0,0
378532,0,0,0
396568,0,0,0
166034,0,0,0
176949,0,0,0
51409,0,0,0
294613,0,0,0
372739,0,0,0
151173,0,0,0
82882,0,0,0
43482,0,0,0
201324,0,0,0
163484,0,0,0
202800,0,0,0
11056,0,0,0
287185,0,0,0
42533,0,0,0
220539,0,0,0
11885,0,0,0
280535,0,0,0
311332,0,0,0
38269,0,0,0
351702,0,0,0
156763,0,0,0
247099,0,0,0
392508,0,0,0
119365,0,0,0
282155,0,0,0
198156,0,0,0
337191,0,0,0
221462,0,0,0
8898,0,0,0
31772,0,0,0
171452,0,0,0
276332,0,0,0
367918,0,0,0
391255,0,0,0
30319,0,0,0
21021,0,0,0
58049,0,0,0
74747,0,0,0
285702,0,0,0
317634,0,0,0
302715,0,0,0
306433,0,0,0
192524,0,0,0
64956,0,0,0
42747,0,0,0
160587,0,0,0
275482,0,0,0
29943,0,0,0
48440,0,0,0
245121,0,0,0
300286,0,0,0
82407,0,0,0
287582,0,0,0
201144,0,0,0
240270,0,0,0
407954,0,0,0
23271,0,0,0
262923,0,0,0
383991,0,0,0
360886,0,0,0
176599,0,0,0
149939,0,0,0
151587,0,0,0
176846,0,0,0
173736,0,0,0
285831,0,0,0
189048,0,0,0
33830,0,0,0
97496,0,0,0
303499,0,0,0
263093,0,0,0
286446,0,0,0
81789,0,0,0
340698,0,0,0
139169,0,0,0
270088,0,0,0
151112,0,0,0
199025,0,0,0
296253,0,0,0
228853,0,0,0
380858,0,0,0
378403,0,0,0
22307,0,0,0
1504,0,0,0
29120,0,0,0
338933,0,0,0
83909,0,0,0
46733,0,0,0
381849,0,0,0
179402,0,0,0
320759,0,0,0
313028,0,0,0
72011,0,0,0
356699,0,0,0
53252,0,0,0
140558,0,0,0
294577,0,0,0
378721,0,0,0
331772,0,0,0
54124,0,0,0
309844,0,0,0
43463,0,0,0
324508,0,0,0
35741,0,0,0
272007,0,0,0
176856,0,0,0
277393,0,0,0
50748,0,0,0
147444,0,0,0
169015,0,0,0
216208,0,0,0
169376,0,0,0
184341,0,0,0
352718,0,0,0
35854,0,0,0
32524,0,0,0
63215,0,0,0
52328,0,0,0
306166,0,0,0
339564,0,0,0
375067,0,0,0
167005,0,0,0
336102,0,0,0
24357,0,0,0
140017,0,0,0
372201,0,0,0
256954,0,0,0
326095,0,0,0
326917,0,0,0
226302,0,0,0
144702,0,0,0
300182,0,0,0
236476,0,0,0
210750,0,0,0
294129,0,0,0
134212,0,0,0
247794,0,0,0
46661,0,0,0
232343,0,0,0
5566,0,0,0
400045,0,0,0
395111,0,0,0
187243,0,0,0
202562,0,0,0
159100,0,0,0
65445,0,0,0
216504,0,0,0
352234,0,0,0
47350,0,0,0
378132,0,0,0
243427,0,0,0
66889,0,0,0
23701,0,0,0
63522,0,0,0
129570,0,0,0
100426,0,0,0
324760,0,0,0
132568,0,0,0
143827,0,0,0
146215,0,0,0
110448,0,0,0
210935,0,0,0
352514,0,0,0
201019,0,0,0
281538,0,0,0
305800,0,0,0
36567,0,0,0
228571,0,0,0
378418,0,0,0
381662,0,0,0
52044,0,0,0
180933,0,0,0
321343,0,0,0
166142,0,0,0
315641,0,0,0
145873,0,0,0
234330,0,0,0
114781,0,0,0
327863,0,0,0
230706,0,0,0
339956,0,0,0
253858,0,0,0
248725,0,0,0
137050,0,0,0
229890,0,0,0
50257,0,0,0
65649,0,0,0
206862,0,0,0
135785,0,0,0
273884,0,0,0
343528,0,0,0
185740,0,0,0
43997,0,0,0
56686,0,0,0
219483,0,0,0
221564,0,0,0
137419,0,0,0
376656,0,0,0
345812,0,0,0
209714,0,0,0
37669,0,0,0
184926,0,0,0
390066,0,0,0
15245,0,0,0
125457,0,0,0
8116,0,0,0
48813,0,0,0
147212,0,0,0
50989,0,0,0
324195,0,0,0
384929,0,0,0
338516,0,0,0
221361,0,0,0
251866,0,0,0
319849,0,0,0
124059,0,0,0
385363,0,0,0
196163,0,0,0
146907,0,0,0
47103,0,0,0
42578,0,0,0
342662,0,0,0
278459,0,0,0
69317,0,0,0
189823,0,0,0
27953,0,0,0
14395,0,0,0
319389,0,0,0
6986,0,0,0
296528,0,0,0
57705,0,0,0
305019,0,0,0
40481,0,0,0
144041,0,0,0
348646,0,0,0
46784,0,0,0
231081,0,0,0
345117,0,0,0
222863,0,0,0
104399,0,0,0
360605,0,0,0
24698,0,0,0
305005,0,0,0
260881,0,0,0
94281,0,0,0
65326,0,0,0
189731,0,0,0
46664,0,0,0
374833,0,0,0
81627,0,0,0
382744,0,0,0
161046,0,0,0
55928,0,0,0
402440,0,0,0
369174,0,0,0
315140,0,0,0
325110,0,0,0
83943,0,0,0
169,0,0,0
322605,0,0,0
160148,0,0,0
26786,0,0,0
371745,0,0,0
375124,0,0,0
174600,0,0,0
112470,0,0,0
128687,0,0,0
68266,0,0,0
188207,0,0,0
74839,0,0,0
220515,0,0,0
342787,0,0,0
10093,0,0,0
298992,0,0,0
383472,0,0,0
122275,0,0,0
89195,0,0,0
316278,0,0,0
231665,0,0,0
156170,0,0,0
146857,0,0,0
264066,0,0,0
339942,0,0,0
48696,0,0,0
144818,0,0,0
146356,0,0,0
178795,0,0,0
281292,0,0,0
301360,0,0,0
79380,0,0,0
141380,0,0,0
228504,0,0,0
295379,0,0,0
348278,0,0,0
71482,0,0,0
384236,0,0,0
143569,0,0,0
157068,0,0,0
153724,0,0,0
394218,0,0,0
378810,0,0,0
62504,0,0,0
230171,0,0,0
198951,0,0,0
387957,0,0,0
319399,0,0,0
262448,0,0,0
304066,0,0,0
12307,0,0,0
318985,0,0,0
318341,0,0,0
206205,0,0,0
204495,0,0,0
2096,0,0,0
187752,0,0,0
40417,0,0,0
361085,0,0,0
79630,0,0,0
273876,0,0,0
384804,0,0,0
231682,0,0,0
56535,0,0,0
212827,0,0,0
153556,0,0,0
49761,0,0,0
119377,0,0,0
367062,0,0,0
154693,0,0,0
181471,0,0,0
69298,0,0,0
127086,0,0,0
342593,0,0,0
373059,0,0,0
393225,0,0,0
349072,0,0,0
96917,0,0,0
24874,0,0,0
215212,0,0,0
245673,0,0,0
17193,0,0,0
142134,0,0,0
247275,0,0,0
402247,0,0,0
251046,0,0,0
313378,0,0,0
294810,0,0,0
94683,0,0,0
48965,0,0,0
350805,0,0,0
377188,0,0,0
64638,0,0,0
355889,0,0,0
15494,0,0,0
406583,0,0,0
391624,0,0,0
134707,0,0,0
284289,0,0,0
161196,0,0,0
260386,0,0,0
13991,0,0,0
374191,0,0,0
352135,0,0,0
336680,0,0,0
246934,0,0,0
110131,0,0,0
325506,0,0,0
298951,0,0,0
128741,0,0,0
13610,0,0,0
133880,0,0,0
370529,0,0,0
249712,0,0,0
120775,0,0,0
4799,0,0,0
74462,0,0,0
302192,0,0,0
7116,0,0,0
42163,0,0,0
90480,0,0,0
238655,0,0,0
245758,0,0,0
65214,0,0,0
217268,0,0,0
143041,0,0,0
252849,0,0,0
285379,0,0,0
135631,0,0,0
258516,0,0,0
144127,0,0,0
367182,0,0,0
267766,0,0,0
288762,0,0,0
322847,0,0,0
389102,0,0,0
118874,0,0,0
338089,0,0,0
375190,0,0,0
195911,0,0,0
377733,0,0,0
310847,0,0,0
379,0,0,0
52571,0,0,0
63147,0,0,0
263436,0,0,0
63133,0,0,0
121910,0,0,0
175805,0,0,0
329326,0,0,0
80760,0,0,0
236538,0,0,0
155004,0,0,0
149460,0,0,0
157247,0,0,0
56896,0,0,0
165688,0,0,0
192527,0,0,0
401876,0,0,0
178956,0,0,0
119128,0,0,0
362829,0,0,0
343754,0,0,0
132171,0,0,0
350711,0,0,0
95360,0,0,0
166405,0,0,0
311940,0,0,0
58570,0,0,0
155220,0,0,0
268702,0,0,0
217696,0,0,0
282963,0,0,0
372975,0,0,0
111742,0,0,0
34502,0,0,0
160585,0,0,0
363453,0,0,0
340458,0,0,0
305538,0,0,0
296467,0,0,0
140605,0,0,0
99170,0,0,0
130461,0,0,0
201312,0,0,0
400262,0,0,0
68107,0,0,0
200416,0,0,0
209166,0,0,0
107990,0,0,0
130413,0,0,0
276988,0,0,0
305319,0,0,0
58962,0,0,0
62400,0,0,0
171218,0,0,0
132797,0,0,0
354149,0,0,0
305884,0,0,0
106306,0,0,0
303967,0,0,0
90876,0,0,0
241813,0,0,0
66108,0,0,0
56549,0,0,0
331534,0,0,0
259312,0,0,0
315112,0,0,0
389657,0,0,0
243582,0,0,0
248214,0,0,0
317644,0,0,0
341539,0,0,0
349489,0,0,0
215196,0,0,0
286433,0,0,0
71578,0,0,0
129676,0,0,0
35313,0,0,0
148285,0,0,0
85933,0,0,0
158629,0,0,0
383325,0,0,0
83625,0,0,0
377924,0,0,0
144770,0,0,0
134271,0,0,0
194860,0,0,0
173925,0,0,0
351670,0,0,0
65182,0,0,0
195109,0,0,0
83019,0,0,0
145303,0,0,0
354754,0,0,0
239838,0,0,0
407623,0,0,0
95587,0,0,0
101009,0,0,0
208103,0,0,0
17012,0,0,0
92597,0,0,0
243694,0,0,0
263979,0,0,0
72396,0,0,0
398208,0,0,0
24241,0,0,0
93688,0,0,0
186098,0,0,0
75259,0,0,0
41768,0,0,0
312433,0,0,0
61572,0,0,0
133552,0,0,0
35488,0,0,0
192684,0,0,0
385867,0,0,0
346366,0,0,0
7578,0,0,0
376696,0,0,0
206989,0,0,0
184325,0,0,0
309924,0,0,0
164283,0,0,0
401531,0,0,0
326483,0,0,0
255371,0,0,0
163155,0,0,0
408506,0,0,0
403315,0,0,0
372972,0,0,0
156652,0,0,0
368141,0,0,0
43473,0,0,0
263148,0,0,0
318067,0,0,0
66931,0,0,0
370036,0,0,0
271892,0,0,0
205865,0,0,0
377573,0,0,0
76943,0,0,0
289129,0,0,0
192831,0,0,0
333948,0,0,0
399552,0,0,0
349769,0,0,0
323044,0,0,0
404719,0,0,0
325667,0,0,0
229073,0,0,0
55633,0,0,0
130191,0,0,0
117374,0,0,0
340262,0,0,0
392177,0,0,0
270263,0,0,0
214789,0,0,0
38724,0,0,0
236175,0,0,0
192970,0,0,0
159785,0,0,0
12761,0,0,0
12795,0,0,0
261424,0,0,0
67675,0,0,0
410348,0,0,0
49107,0,0,0
89124,0,0,0
397993,0,0,0
277625,0,0,0
231423,0,0,0
255236,0,0,0
310907,0,0,0
289850,0,0,0
205903,0,0,0
57929,0,0,0
134319,0,0,0
221785,0,0,0
209856,0,0,0
119665,0,0,0
156109,0,0,0
289193,0,0,0
236260,0,0,0
199587,0,0,0
182506,0,0,0
377588,0,0,0
380817,0,0,0
138479,0,0,0
372335,0,0,0
331352,0,0,0
54536,0,0,0
349146,0,0,0
360564,0,0,0
133282,0,0,0
211642,0,0,0
409995,0,0,0
93938,0,0,0
162263,0,0,0
151881,0,0,0
158654,0,0,0
118394,0,0,0
279334,0,0,0
382874,0,0,0
216139,0,0,0
261383,0,0,0
63453,0,0,0
149290,0,0,0
78020,0,0,0
51640,0,0,0
71557,0,0,0
266470,0,0,0
35992,0,0,0
366523,0,0,0
225241,0,0,0
201415,0,0,0
300424,0,0,0
319,0,0,0
387445,0,0,0
335126,0,0,0
306674,0,0,0
24126,0,0,0
153745,0,0,0
302373,0,0,0
27435,0,0,0
367197,0,0,0
390685,0,0,0
115526,0,0,0
285340,0,0,0
30099,0,0,0
286149,0,0,0
245315,0,0,0
130287,0,0,0
365881,0,0,0
209906,0,0,0
205660,0,0,0
387044,0,0,0
326900,0,0,0
165340,0,0,0
12475,0,0,0
218399,0,0,0
17240,0,0,0
294641,0,0,0
380971,0,0,0
313732,0,0,0
196642,0,0,0
196155,0,0,0
82514,0,0,0
275080,0,0,0
259099,0,0,0
272743,0,0,0
209887,0,0,0
129238,0,0,0
38928,0,0,0
396149,0,0,0
346223,0,0,0
411389,0,0,0
332263,0,0,0
377898,0,0,0
78004,0,0,0
323135,0,0,0
146037,0,0,0
410356,0,0,0
205431,0,0,0
27376,0,0,0
347264,0,0,0
269892,0,0,0
190679,0,0,0
248545,0,0,0
118502,0,0,0
238885,0,0,0
19584,0,0,0
222148,0,0,0
220048,0,0,0
389786,0,0,0
48076,0,0,0
404077,0,0,0
150925,0,0,0
155865,0,0,0
166504,0,0,0
143131,0,0,0
109649,0,0,0
130470,0,0,0
409564,0,0,0
43773,0,0,0
296868,0,0,0
31567,0,0,0
101901,0,0,0
203507,0,0,0
22218,0,0,0
216437,0,0,0
190321,0,0,0
316782,0,0,0
187150,0,0,0
232215,0,0,0
203442,0,0,0
390794,0,0,0
178400,0,0,0
258035,0,0,0
330296,0,0,0
281425,0,0,0
160754,0,0,0
17748,0,0,0
313501,0,0,0
169884,0,0,0
261994,0,0,0
232033,0,0,0
78998,0,0,0
365308,0,0,0
315678,0,0,0
187395,0,0,0
142203,0,0,0
81255,0,0,0
21373,0,0,0
310368,0,0,0
69636,0,0,0
172747,0,0,0
164948,0,0,0
118922,0,0,0
196714,0,0,0
372174,0,0,0
14942,0,0,0
241095,0,0,0
204084,0,0,0
254317,0,0,0
298780,0,0,0
234901,0,0,0
277490,0,0,0
132641,0,0,0
157899,0,0,0
122690,0,0,0
367232,0,0,0
155272,0,0,0
50878,0,0,0
149346,0,0,0
30296,0,0,0
359420,0,0,0
103793,0,0,0
15669,0,0,0
82364,0,0,0
257949,0,0,0
361283,0,0,0
178446,0,0,0
118840,0,0,0
104246,0,0,0
43105,0,0,0
374665,0,0,0
25872,0,0,0
190986,0,0,0
189049,0,0,0
358965,0,0,0
230331,0,0,0
61636,0,0,0
11984,0,0,0
309930,0,0,0
360860,0,0,0
17496,0,0,0
329465,0,0,0
182712,0,0,0
335592,0,0,0
128574,0,0,0
40923,0,0,0
62497,0,0,0
237851,0,0,0
140291,0,0,0
141338,0,0,0
28551,0,0,0
184846,0,0,0
119641,0,0,0
32184,0,0,0
273937,0,0,0
178614,0,0,0
364118,0,0,0
58168,0,0,0
122222,0,0,0
59709,0,0,0
245734,0,0,0
215378,0,0,0
160770,0,0,0
15589,0,0,0
378673,0,0,0
84371,0,0,0
151460,0,0,0
334105,0,0,0
313544,0,0,0
30353,0,0,0
215848,0,0,0
400787,0,0,0
230743,0,0,0
130333,0,0,0
385721,0,0,0
257931,0,0,0
193057,0,0,0
281633,0,0,0
37257,0,0,0
284482,0,0,0
258726,0,0,0
105590,0,0,0
14018,0,0,0
162577,0,0,0
74250,0,0,0
365034,0,0,0
161044,0,0,0
171322,0,0,0
141171,0,0,0
240013,0,0,0
266272,0,0,0
192541,0,0,0
80552,0,0,0
154896,0,0,0
149056,0,0,0
119961,0,0,0
58375,0,0,0
175835,0,0,0
358426,0,0,0
295015,0,0,0
44279,0,0,0
165091,0,0,0
406462,0,0,0
375391,0,0,0
3479,0,0,0
73620,0,0,0
350522,0,0,0
69305,0,0,0
274868,0,0,0
147355,0,0,0
201626,0,0,0
106660,0,0,0
113046,0,0,0
87797,0,0,0
10389,0,0,0
391821,0,0,0
88804,0,0,0
173415,0,0,0
183624,0,0,0
28405,0,0,0
402581,0,0,0
288890,0,0,0
224412,0,0,0
109559,0,0,0
21248,0,0,0
151158,0,0,0
220237,0,0,0
25904,0,0,0
309584,0,0,0
37158,0,0,0
59551,0,0,0
380106,0,0,0
250633,0,0,0
101775,0,0,0
73654,0,0,0
89292,0,0,0
82926,0,0,0
19862,0,0,0
289969,0,0,0
261805,0,0,0
35529,0,0,0
82484,0,0,0
197961,0,0,0
293293,0,0,0
370416,0,0,0
354052,0,0,0
5164,0,0,0
97889,0,0,0
261640,0,0,0
80096,0,0,0
12476,0,0,0
44388,0,0,0
139882,0,0,0
31231,0,0,0
331200,0,0,0
352402,0,0,0
354622,0,0,0
204709,0,0,0
50602,0,0,0
169378,0,0,0
281945,0,0,0
16155,0,0,0
356672,0,0,0
149661,0,0,0
249361,0,0,0
151086,0,0,0
180867,0,0,0
333695,0,0,0
55342,0,0,0
104013,0,0,0
313871,0,0,0
109295,0,0,0
410686,0,0,0
143794,0,0,0
143213,0,0,0
354181,0,0,0
78067,0,0,0
390712,0,0,0
49006,0,0,0
91810,0,0,0
11690,0,0,0
43958,0,0,0
237924,0,0,0
159356,0,0,0
7157,0,0,0
365925,0,0,0
162880,0,0,0
140206,0,0,0
270327,0,0,0
181946,0,0,0
139330,0,0,0
142315,0,0,0
88652,0,0,0
98827,0,0,0
240791,0,0,0
151088,0,0,0
161662,0,0,0
76101,0,0,0
217768,0,0,0
327780,0,0,0
82174,0,0,0
107309,0,0,0
214455,0,0,0
361384,0,0,0
105112,0,0,0
32610,0,0,0
261291,0,0,0
288726,0,0,0
139731,0,0,0
343479,0,0,0
55345,0,0,0
226863,0,0,0
407470,0,0,0
227542,0,0,0
328796,0,0,0
176475,0,0,0
350580,0,0,0
1872,0,0,0
38404,0,0,0
385327,0,0,0
17673,0,0,0
276707,0,0,0
164323,0,0,0
84581,0,0,0
49501,0,0,0
224035,0,0,0
84003,0,0,0
408743,0,0,0
62496,0,0,0
94669,0,0,0
218843,0,0,0
384660,0,0,0
159058,0,0,0
342316,0,0,0
305076,0,0,0
156069,0,0,0
383595,0,0,0
339460,0,0,0
159613,0,0,0
240547,0,0,0
106985,0,0,0
5459,0,0,0
109309,0,0,0
150993,0,0,0
335156,0,0,0
77786,0,0,0
104197,0,0,0
331877,0,0,0
376267,0,0,0
367494,0,0,0
102513,0,0,0
18456,0,0,0
231815,0,0,0
118670,0,0,0
66837,0,0,0
396188,0,0,0
5766,0,0,0
298389,0,0,0
228063,0,0,0
344827,0,0,0
66370,0,0,0
395737,0,0,0
204143,0,0,0
91090,0,0,0
163059,0,0,0
202550,0,0,0
296466,0,0,0
299573,0,0,0
105679,0,0,0
65437,0,0,0
44781,0,0,0
279386,0,0,0
259997,0,0,0
405829,0,0,0
162936,0,0,0
11244,0,0,0
148726,0,0,0
25176,0,0,0
63999,0,0,0
286519,0,0,0
263831,0,0,0
121888,0,0,0
105706,0,0,0
356268,0,0,0
282318,0,0,0
38265,0,0,0
298876,0,0,0
333638,0,0,0
51363,0,0,0
101920,0,0,0
365909,0,0,0
240491,0,0,0
9075,0,0,0
321142,0,0,0
149570,0,0,0
301615,0,0,0
357494,0,0,0
53403,0,0,0
56968,0,0,0
221525,0,0,0
73462,0,0,0
16240,0,0,0
374948,0,0,0
178484,0,0,0
201201,0,0,0
138273,0,0,0
336746,0,0,0
46089,0,0,0
199432,0,0,0
371146,0,0,0
95190,0,0,0
135964,0,0,0
104557,0,0,0
284656,0,0,0
379294,0,0,0
227088,0,0,0
3095,0,0,0
256134,0,0,0
408038,0,0,0
325551,0,0,0
352586,0,0,0
203375,0,0,0
404903,0,0,0
260669,0,0,0
174612,0,0,0
4991,0,0,0
299189,0,0,0
216166,0,0,0
316624,0,0,0
253270,0,0,0
211591,0,0,0
342134,0,0,0
85331,0,0,0
47581,0,0,0
340362,0,0,0
23850,0,0,0
127293,0,0,0
79392,0,0,0
364191,0,0,0
266503,0,0,0
233905,0,0,0
309038,0,0,0
138486,0,0,0
384264,0,0,0
321971,0,0,0
208489,0,0,0
115005,0,0,0
217973,0,0,0
25863,0,0,0
356428,0,0,0
22240,0,0,0
228174,0,0,0
648,0,0,0
161699,0,0,0
282645,0,0,0
343780,0,0,0
41478,0,0,0
401410,0,0,0
79748,0,0,0
255795,0,0,0
140230,0,0,0
105529,0,0,0
252798,0,0,0
45330,0,0,0
83004,0,0,0
311145,0,0,0
176043,0,0,0
116054,0,0,0
224515,0,0,0
278479,0,0,0
373662,0,0,0
22591,0,0,0
399838,0,0,0
70960,0,0,0
184746,0,0,0
140803,0,0,0
180959,0,0,0
382842,0,0,0
61190,0,0,0
329019,0,0,0
239911,0,0,0
118383,0,0,0
270477,0,0,0
131900,0,0,0
25732,0,0,0
288775,0,0,0
254520,0,0,0
84288,0,0,0
14653,0,0,0
401634,0,0,0
378371,0,0,0
408693,0,0,0
121121,0,0,0
59423,0,0,0
117985,0,0,0
30476,0,0,0
355199,0,0,0
165558,0,0,0
307751,0,0,0
368935,0,0,0
22088,0,0,0
237118,0,0,0
358001,0,0,0
23845,0,0,0
3864,0,0,0
196310,0,0,0
256075,0,0,0
398020,0,0,0
226069,0,0,0
182922,0,0,0
129587,0,0,0
163374,0,0,0
214665,0,0,0
199521,0,0,0
324791,0,0,0
389778,0,0,0
142837,0,0,0
344493,0,0,0
86348,0,0,0
239264,0,0,0
117531,0,0,0
140018,0,0,0
355425,0,0,0
342425,0,0,0
316456,0,0,0
387557,0,0,0
341184,0,0,0
143297,0,0,0
336008,0,0,0
370408,0,0,0
13959,0,0,0
249904,0,0,0
177391,0,0,0
195119,0,0,0
313820,0,0,0
190405,0,0,0
225830,0,0,0
245691,0,0,0
160284,0,0,0
362896,0,0,0
85073,0,0,0
80537,0,0,0
233368,0,0,0
298899,0,0,0
159543,0,0,0
121358,0,0,0
179196,0,0,0
77620,0,0,0
326007,0,0,0
170562,0,0,0
156463,0,0,0
235456,0,0,0
254938,0,0,0
116349,0,0,0
139937,0,0,0
188014,0,0,0
386031,0,0,0
171242,0,0,0
14223,0,0,0
320174,0,0,0
308621,0,0,0
216647,0,0,0
96027,0,0,0
128422,0,0,0
141183,0,0,0
289256,0,0,0
170491,0,0,0
210640,0,0,0
273843,0,0,0
171330,0,0,0
96311,0,0,0
265416,0,0,0
378069,0,0,0
120937,0,0,0
89925,0,0,0
280240,0,0,0
133895,0,0,0
389825,0,0,0
297631,0,0,0
379612,0,0,0
208781,0,0,0
232261,0,0,0
32558,0,0,0
142614,0,0,0
124066,0,0,0
367135,0,0,0
317752,0,0,0
339192,0,0,0
289677,0,0,0
276085,0,0,0
215613,0,0,0
302306,0,0,0
282763,0,0,0
318432,0,0,0
297852,0,0,0
7674,0,0,0
172378,0,0,0
145230,0,0,0
312980,0,0,0
99378,0,0,0
185094,0,0,0
351252,0,0,0
83950,0,0,0
83482,0,0,0
125493,0,0,0
310572,0,0,0
369695,0,0,0
330869,0,0,0
208546,0,0,0
165586,0,0,0
349692,0,0,0
245910,0,0,0
122999,0,0,0
248930,0,0,0
12673,0,0,0
87542,0,0,0
263561,0,0,0
246176,0,0,0
266594,0,0,0
219194,0,0,0
6634,0,0,0
57679,0,0,0
129081,0,0,0
335976,0,0,0
371406,0,0,0
82241,0,0,0
392407,0,0,0
259524,0,0,0
27825,0,0,0
333964,0,0,0
387686,0,0,0
96858,0,0,0
18710,0,0,0
277877,0,0,0
214215,0,0,0
121717,0,0,0
203587,0,0,0
58129,0,0,0
74281,0,0,0
51961,0,0,0
127531,0,0,0
402124,0,0,0
54993,0,0,0
51310,0,0,0
298884,0,0,0
58206,0,0,0
137741,0,0,0
327120,0,0,0
282214,0,0,0
282132,0,0,0
241728,0,0,0
94775,0,0,0
75112,0,0,0
145690,0,0,0
338420,0,0,0
16200,0,0,0
337887,0,0,0
248918,0,0,0
38827,0,0,0
347441,0,0,0
144587,0,0,0
213259,0,0,0
162353,0,0,0
26365,0,0,0
8344,0,0,0
391139,0,0,0
118221,0,0,0
207722,0,0,0
216834,0,0,0
360205,0,0,0
263492,0,0,0
377326,0,0,0
56847,0,0,0
47877,0,0,0
332740,0,0,0
323213,0,0,0
370609,0,0,0
307888,0,0,0
256499,0,0,0
327086,0,0,0
71768,0,0,0
63784,0,0,0
282703,0,0,0
275779,0,0,0
95865,0,0,0
164372,0,0,0
200375,0,0,0
395024,0,0,0
272528,0,0,0
111310,0,0,0
248323,0,0,0
118087,0,0,0
328792,0,0,0
211148,0,0,0
205858,0,0,0
352012,0,0,0
221922,0,0,0
388038,0,0,0
208160,0,0,0
189419,0,0,0
48555,0,0,0
70525,0,0,0
408776,0,0,0
89384,0,0,0
321687,0,0,0
247499,0,0,0
268074,0,0,0
393164,0,0,0
23894,0,0,0
97841,0,0,0
227456,0,0,0
163609,0,0,0
134060,0,0,0
250904,0,0,0
19902,0,0,0
17329,0,0,0
75319,0,0,0
288526,0,0,0
73430,0,0,0
321968,0,0,0
69003,0,0,0
226429,0,0,0
399482,0,0,0
409893,0,0,0
396184,0,0,0
38960,0,0,0
378170,0,0,0
46252,0,0,0
31342,0,0,0
168000,0,0,0
237639,0,0,0
36097,0,0,0
26807,0,0,0
274819,0,0,0
308286,0,0,0
46831,0,0,0
319874,0,0,0
197955,0,0,0
4059,0,0,0
182088,0,0,0
335913,0,0,0
103527,0,0,0
386530,0,0,0
269905,0,0,0
17615,0,0,0
267240,0,0,0
354611,0,0,0
312192,0,0,0
314120,0,0,0
110394,0,0,0
285663,0,0,0
234566,0,0,0
211900,0,0,0
70566,0,0,0
155104,0,0,0
179644,0,0,0
202312,0,0,0
270194,0,0,0
411146,0,0,0
312950,0,0,0
246367,0,0,0
112283,0,0,0
44643,0,0,0
354594,0,0,0
262377,0,0,0
170635,0,0,0
114539,0,0,0
33496,0,0,0
58812,0,0,0
326113,0,0,0
160472,0,0,0
220339,0,0,0
44033,0,0,0
272280,0,0,0
393370,0,0,0
38566,0,0,0
237811,0,0,0
339276,0,0,0
372042,0,0,0
25978,0,0,0
158507,0,0,0
364722,0,0,0
179179,0,0,0
336078,0,0,0
218855,0,0,0
57259,0,0,0
148788,0,0,0
73844,0,0,0
258460,0,0,0
233496,0,0,0
373713,0,0,0
210265,0,0,0
47784,0,0,0
203304,0,0,0
243205,0,0,0
27252,0,0,0
205099,0,0,0
31403,0,0,0
80076,0,0,0
233683,0,0,0
408082,0,0,0
368924,0,0,0
337076,0,0,0
79650,0,0,0
189691,0,0,0
201996,0,0,0
379374,0,0,0
36294,0,0,0
211400,0,0,0
15687,0,0,0
391254,0,0,0
48376,0,0,0
127703,0,0,0
132378,0,0,0
361700,0,0,0
386534,0,0,0
42668,0,0,0
160317,0,0,0
246609,0,0,0
172140,0,0,0
352048,0,0,0
274865,0,0,0
238999,0,0,0
96889,0,0,0
319319,0,0,0
32161,0,0,0
68089,0,0,0
401420,0,0,0
84430,0,0,0
1322,0,0,0
168228,0,0,0
91162,0,0,0
183236,0,0,0
45327,0,0,0
274286,0,0,0
294974,0,0,0
332643,0,0,0
197002,0,0,0
203716,0,0,0
335884,0,0,0
410928,0,0,0
363139,0,0,0
298794,0,0,0
14587,0,0,0
73382,0,0,0
252734,0,0,0
162247,0,0,0
23720,0,0,0
330621,0,0,0
106617,0,0,0
177059,0,0,0
260710,0,0,0
8403,0,0,0
201828,0,0,0
15019,0,0,0
107283,0,0,0
369157,0,0,0
20769,0,0,0
129275,0,0,0
406228,0,0,0
81999,0,0,0
164982,0,0,0
282163,0,0,0
307002,0,0,0
228576,0,0,0
30416,0,0,0
285710,0,0,0
26305,0,0,0
128807,0,0,0
358591,0,0,0
326967,0,0,0
111045,0,0,0
238076,0,0,0
69521,0,0,0
14099,0,0,0
213697,0,0,0
383825,0,0,0
378760,0,0,0
31752,0,0,0
337324,0,0,0
393886,0,0,0
47603,0,0,0
169977,0,0,0
7453,0,0,0
161111,0,0,0
216748,0,0,0
276194,0,0,0
289185,0,0,0
387624,0,0,0
217331,0,0,0
280125,0,0,0
94221,0,0,0
116589,0,0,0
115514,0,0,0
58597,0,0,0
135145,0,0,0
122785,0,0,0
159229,0,0,0
36562,0,0,0
29403,0,0,0
165422,0,0,0
334967,0,0,0
204201,0,0,0
306539,0,0,0
358482,0,0,0
392378,0,0,0
7152,0,0,0
340894,0,0,0
10263,0,0,0
180509,0,0,0
23751,0,0,0
402441,0,0,0
249252,0,0,0
203700,0,0,0
368276,0,0,0
39313,0,0,0
369070,0,0,0
201978,0,0,0
141852,0,0,0
105480,0,0,0
233395,0,0,0
42651,0,0,0
309948,0,0,0
207508,0,0,0
159571,0,0,0
205422,0,0,0
30598,0,0,0
324959,0,0,0
141773,0,0,0
348685,0,0,0
114942,0,0,0
117459,0,0,0
302287,0,0,0
393465,0,0,0
77714,0,0,0
328822,0,0,0
82365,0,0,0
129837,0,0,0
185053,0,0,0
364699,0,0,0
232240,0,0,0
31588,0,0,0
172376,0,0,0
94002,0,0,0
150045,0,0,0
211575,0,0,0
336515,0,0,0
410542,0,0,0
63881,0,0,0
23194,0,0,0
346268,0,0,0
110728,0,0,0
115765,0,0,0
114925,0,0,0
313592,0,0,0
101550,0,0,0
290337,0,0,0
63432,0,0,0
279100,0,0,0
35712,0,0,0
74722,0,0,0
281833,0,0,0
266571,0,0,0
108950,0,0,0
62552,0,0,0
191754,0,0,0
251786,0,0,0
3700,0,0,0
314299,0,0,0
73110,0,0,0
323477,0,0,0
55294,0,0,0
393478,0,0,0
120351,0,0,0
183736,0,0,0
195701,0,0,0
119071,0,0,0
134546,0,0,0
380694,0,0,0
305070,0,0,0
153359,0,0,0
400278,0,0,0
285017,0,0,0
151996,0,0,0
227048,0,0,0
225100,0,0,0
404390,0,0,0
258272,0,0,0
22709,0,0,0
285814,0,0,0
267948,0,0,0
126827,0,0,0
95661,0,0,0
351429,0,0,0
12084,0,0,0
159508,0,0,0
78650,0,0,0
314925,0,0,0
265669,0,0,0
395789,0,0,0
44128,0,0,0
349095,0,0,0
143390,0,0,0
16669,0,0,0
134409,0,0,0
145050,0,0,0
298920,0,0,0
394390,0,0,0
294314,0,0,0
45091,0,0,0
372580,0,0,0
19642,0,0,0
38,0,0,0
49460,0,0,0
2769,0,0,0
136506,0,0,0
338469,0,0,0
53233,0,0,0
236266,0,0,0
3370,0,0,0
18505,0,0,0
322134,0,0,0
133228,0,0,0
79012,0,0,0
276677,0,0,0
398948,0,0,0
162319,0,0,0
164137,0,0,0
336620,0,0,0
351098,0,0,0
237110,0,0,0
199426,0,0,0
294217,0,0,0
52236,0,0,0
210662,0,0,0
234153,0,0,0
312683,0,0,0
269861,0,0,0
31054,0,0,0
193396,0,0,0
164740,0,0,0
84490,0,0,0
68514,0,0,0
305306,0,0,0
390537,0,0,0
366914,0,0,0
100697,0,0,0
70486,0,0,0
118636,0,0,0
232091,0,0,0
288364,0,0,0
378539,0,0,0
67079,0,0,0
352697,0,0,0
73763,0,0,0
329637,0,0,0
126659,0,0,0
3082,0,0,0
330356,0,0,0
22242,0,0,0
66969,0,0,0
137565,0,0,0
292393,0,0,0
191052,0,0,0
118499,0,0,0
325013,0,0,0
228193,0,0,0
154238,0,0,0
361713,0,0,0
303138,0,0,0
345815,0,0,0
229979,0,0,0
229760,0,0,0
167912,0,0,0
353811,0,0,0
384874,0,0,0
400460,0,0,0
239206,0,0,0
172942,0,0,0
62167,0,0,0
364284,0,0,0
159986,0,0,0
195809,0,0,0
75746,0,0,0
362552,0,0,0
49834,0,0,0
26930,0,0,0
47532,0,0,0
389735,0,0,0
397423,0,0,0
334574,0,0,0
388107,0,0,0
86142,0,0,0
143543,0,0,0
317656,0,0,0
275662,0,0,0
382438,0,0,0
140675,0,0,0
164303,0,0,0
99634,0,0,0
120608,0,0,0
166667,0,0,0
370200,0,0,0
298386,0,0,0
106460,0,0,0
230276,0,0,0
15689,0,0,0
255666,0,0,0
106738,0,0,0
363822,0,0,0
143120,0,0,0
26465,0,0,0
373744,0,0,0
121100,0,0,0
16544,0,0,0
291119,0,0,0
38474,0,0,0
376531,0,0,0
179372,0,0,0
196181,0,0,0
271447,0,0,0
215985,0,0,0
339206,0,0,0
3231,0,0,0
88996,0,0,0
131019,0,0,0
366845,0,0,0
369927,0,0,0
16392,0,0,0
383437,0,0,0
183753,0,0,0
67492,0,0,0
365243,0,0,0
102068,0,0,0
397343,0,0,0
99654,0,0,0
273174,0,0,0
227417,0,0,0
276992,0,0,0
259438,0,0,0
24761,0,0,0
298223,0,0,0
60917,0,0,0
377700,0,0,0
384387,0,0,0
75883,0,0,0
39096,0,0,0
231533,0,0,0
358727,0,0,0
341264,0,0,0
101235,0,0,0
165441,0,0,0
6433,0,0,0
83703,0,0,0
326812,0,0,0
70910,0,0,0
106100,0,0,0
173653,0,0,0
347001,0,0,0
206488,0,0,0
4364,0,0,0
305106,0,0,0
229708,0,0,0
114310,0,0,0
62370,0,0,0
152379,0,0,0
408811,0,0,0
80323,0,0,0
7546,0,0,0
86682,0,0,0
122998,0,0,0
131664,0,0,0
176801,0,0,0
318423,0,0,0
49165,0,0,0
266024,0,0,0
376765,0,0,0
13172,0,0,0
217748,0,0,0
97100,0,0,0
267275,0,0,0
323350,0,0,0
246593,0,0,0
281802,0,0,0
398373,0,0,0
222501,0,0,0
194129,0,0,0
334375,0,0,0
269689,0,0,0
371179,0,0,0
111548,0,0,0
44184,0,0,0
353306,0,0,0
31258,0,0,0
258376,0,0,0
222008,0,0,0
298082,0,0,0
290324,0,0,0
26890,0,0,0
297678,0,0,0
406095,0,0,0
185347,0,0,0
370882,0,0,0
185215,0,0,0
371489,0,0,0
134498,0,0,0
96193,0,0,0
244694,0,0,0
83521,0,0,0
169154,0,0,0
102494,0,0,0
324417,0,0,0
82530,0,0,0
230112,0,0,0
314967,0,0,0
147567,0,0,0
187000,0,0,0
374498,0,0,0
402671,0,0,0
336231,0,0,0
330976,0,0,0
61965,0,0,0
274470,0,0,0
354074,0,0,0
258262,0,0,0
401836,0,0,0
95254,0,0,0
346378,0,0,0
309511,0,0,0
154537,0,0,0
14021,0,0,0
7822,0,0,0
331024,0,0,0
256636,0,0,0
268520,0,0,0
206440,0,0,0
109289,0,0,0
251540,0,0,0
353510,0,0,0
214702,0,0,0
266759,0,0,0
324017,0,0,0
80531,0,0,0
322921,0,0,0
141431,0,0,0
273259,0,0,0
227211,0,0,0
331830,0,0,0
126527,0,0,0
129396,0,0,0
105618,0,0,0
362294,0,0,0
302490,0,0,0
206393,0,0,0
342654,0,0,0
110765,0,0,0
206790,0,0,0
258751,0,0,0
113509,0,0,0
404253,0,0,0
279615,0,0,0
168548,0,0,0
393056,0,0,0
297590,0,0,0
152205,0,0,0
84545,0,0,0
316569,0,0,0
353256,0,0,0
117760,0,0,0
179375,0,0,0
242679,0,0,0
304844,0,0,0
161945,0,0,0
296406,0,0,0
60852,0,0,0
39773,0,0,0
324231,0,0,0
187205,0,0,0
286007,0,0,0
253791,0,0,0
39006,0,0,0
296665,0,0,0
10533,0,0,0
45550,0,0,0
159770,0,0,0
327341,0,0,0
207932,0,0,0
194404,0,0,0
181019,0,0,0
83282,0,0,0
339975,0,0,0
223327,0,0,0
267344,0,0,0
307090,0,0,0
232932,0,0,0
314030,0,0,0
172385,0,0,0
354768,0,0,0
183927,0,0,0
97775,0,0,0
105491,0,0,0
135327,0,0,0
135419,0,0,0
53617,0,0,0
327162,0,0,0
161418,0,0,0
58612,0,0,0
351095,0,0,0
92923,0,0,0
232516,0,0,0
64168,0,0,0
38745,0,0,0
110335,0,0,0
118229,0,0,0
254305,0,0,0
73569,0,0,0
77169,0,0,0
163922,0,0,0
219459,0,0,0
239902,0,0,0
347028,0,0,0
305853,0,0,0
2363,0,0,0
256137,0,0,0
131834,0,0,0
326110,0,0,0
355839,0,0,0
236594,0,0,0
272435,0,0,0
376805,0,0,0
223373,0,0,0
67552,0,0,0
9730,0,0,0
242610,0,0,0
194431,0,0,0
100858,0,0,0
35095,0,0,0
154213,0,0,0
20142,0,0,0
305936,0,0,0
178516,0,0,0
371551,0,0,0
17486,0,0,0
82982,0,0,0
407881,0,0,0
224962,0,0,0
287748,0,0,0
360027,0,0,0
360358,0,0,0
193499,0,0,0
370447,0,0,0
121817,0,0,0
111042,0,0,0
379894,0,0,0
339462,0,0,0
235876,0,0,0
392214,0,0,0
281933,0,0,0
405319,0,0,0
24136,0,0,0
39000,0,0,0
277699,0,0,0
195828,0,0,0
31792,0,0,0
56191,0,0,0
379013,0,0,0
290176,0,0,0
106095,0,0,0
299806,0,0,0
81344,0,0,0
57428,0,0,0
338615,0,0,0
322766,0,0,0
146811,0,0,0
367718,0,0,0
97487,0,0,0
285793,0,0,0
213001,0,0,0
55351,0,0,0
402917,0,0,0
356203,0,0,0
223162,0,0,0
102623,0,0,0
284335,0,0,0
374258,0,0,0
340786,0,0,0
63174,0,0,0
167004,0,0,0
175093,0,0,0
90892,0,0,0
278255,0,0,0
258852,0,0,0
53207,0,0,0
70043,0,0,0
245669,0,0,0
218916,0,0,0
230120,0,0,0
342308,0,0,0
73301,0,0,0
368588,0,0,0
7062,0,0,0
265923,0,0,0
292803,0,0,0
405781,0,0,0
144644,0,0,0
146894,0,0,0
109529,0,0,0
286890,0,0,0
324208,0,0,0
338812,0,0,0
34442,0,0,0
353760,0,0,0
16210,0,0,0
38609,0,0,0
322189,0,0,0
108109,0,0,0
224608,0,0,0
69101,0,0,0
337470,0,0,0
266474,0,0,0
14875,0,0,0
155437,0,0,0
314205,0,0,0
404620,0,0,0
209297,0,0,0
255782,0,0,0
322424,0,0,0
24383,0,0,0
352155,0,0,0
379679,0,0,0
97313,0,0,0
169329,0,0,0
285211,0,0,0
354388,0,0,0
267088,0,0,0
226956,0,0,0
400966,0,0,0
69322,0,0,0
18185,0,0,0
326635,0,0,0
388565,0,0,0
62149,0,0,0
300954,0,0,0
90225,0,0,0
158051,0,0,0
167032,0,0,0
201928,0,0,0
392521,0,0,0
225223,0,0,0
216831,0,0,0
386636,0,0,0
130941,0,0,0
404954,0,0,0
169992,0,0,0
325209,0,0,0
309810,0,0,0
274367,0,0,0
93277,0,0,0
94949,0,0,0
228215,0,0,0
338655,0,0,0
130786,0,0,0
263911,0,0,0
364647,0,0,0
175414,0,0,0
274384,0,0,0
294874,0,0,0
21546,0,0,0
328100,0,0,0
400854,0,0,0
76081,0,0,0
219568,0,0,0
266191,0,0,0
226780,0,0,0
395123,0,0,0
191327,0,0,0
217782,0,0,0
284785,0,0,0
273911,0,0,0
215438,0,0,0
239448,0,0,0
127337,0,0,0
8785,0,0,0
148682,0,0,0
329743,0,0,0
23637,0,0,0
385391,0,0,0
72876,0,0,0
406357,0,0,0
257532,0,0,0
176108,0,0,0
198823,0,0,0
74850,0,0,0
6577,0,0,0
1425,0,0,0
252639,0,0,0
134941,0,0,0
5273,0,0,0
249752,0,0,0
57859,0,0,0
228500,0,0,0
99735,0,0,0
263815,0,0,0
395773,0,0,0
382632,0,0,0
253611,0,0,0
272242,0,0,0
225543,0,0,0
200398,0,0,0
218306,0,0,0
163007,0,0,0
348662,0,0,0
313971,0,0,0
85278,0,0,0
134434,0,0,0
317882,0,0,0
106979,0,0,0
384907,0,0,0
82876,0,0,0
353968,0,0,0
409907,0,0,0
125211,0,0,0
102392,0,0,0
92635,0,0,0
393050,0,0,0
230774,0,0,0
245683,0,0,0
262715,0,0,0
122961,0,0,0
393174,0,0,0
136296,0,0,0
305414,0,0,0
108787,0,0,0
396385,0,0,0
385201,0,0,0
284692,0,0,0
172576,0,0,0
392104,0,0,0
52076,0,0,0
206124,0,0,0
247398,0,0,0
358540,0,0,0
322240,0,0,0
321922,0,0,0
249414,0,0,0
9701,0,0,0
185393,0,0,0
117519,0,0,0
101696,0,0,0
166604,0,0,0
337915,0,0,0
300890,0,0,0
377322,0,0,0
81243,0,0,0
328096,0,0,0
263195,0,0,0
183100,0,0,0
246905,0,0,0
44837,0,0,0
71380,0,0,0
350607,0,0,0
169393,0,0,0
79558,0,0,0
389513,0,0,0
130615,0,0,0
246976,0,0,0
305400,0,0,0
386006,0,0,0
254166,0,0,0
48558,0,0,0
10985,0,0,0
140519,0,0,0
66685,0,0,0
307481,0,0,0
233703,0,0,0
187029,0,0,0
272378,0,0,0
133848,0,0,0
175423,0,0,0
355415,0,0,0
258884,0,0,0
300604,0,0,0
207893,0,0,0
386107,0,0,0
33129,0,0,0
381951,0,0,0
181585,0,0,0
157982,0,0,0
237619,0,0,0
375462,0,0,0
249315,0,0,0
42035,0,0,0
117566,0,0,0
187361,0,0,0
136427,0,0,0
189594,0,0,0
274066,0,0,0
386106,0,0,0
64795,0,0,0
208966,0,0,0
17588,0,0,0
396005,0,0,0
135673,0,0,0
202506,0,0,0
164660,0,0,0
95177,0,0,0
75905,0,0,0
150627,0,0,0
184860,0,0,0
60896,0,0,0
273155,0,0,0
393939,0,0,0
172980,0,0,0
11959,0,0,0
201838,0,0,0
352786,0,0,0
383704,0,0,0
402967,0,0,0
126233,0,0,0
278503,0,0,0
166415,0,0,0
158405,0,0,0
251090,0,0,0
164522,0,0,0
66696,0,0,0
274653,0,0,0
185776,0,0,0
284983,0,0,0
322980,0,0,0
248394,0,0,0
320470,0,0,0
12385,0,0,0
394391,0,0,0
205352,0,0,0
104160,0,0,0
66799,0,0,0
184507,0,0,0
140309,0,0,0
34668,0,0,0
326929,0,0,0
29010,0,0,0
302093,0,0,0
140937,0,0,0
319637,0,0,0
194471,0,0,0
302768,0,0,0
33523,0,0,0
357105,0,0,0
260305,0,0,0
80572,0,0,0
28827,0,0,0
259224,0,0,0
380897,0,0,0
175082,0,0,0
329783,0,0,0
375357,0,0,0
351286,0,0,0
195622,0,0,0
229350,0,0,0
288754,0,0,0
280971,0,0,0
179338,0,0,0
44775,0,0,0
243725,0,0,0
404523,0,0,0
315904,0,0,0
147575,0,0,0
38009,0,0,0
76961,0,0,0
195372,0,0,0
338501,0,0,0
287735,0,0,0
109043,0,0,0
334631,0,0,0
363911,0,0,0
115532,0,0,0
282175,0,0,0
53899,0,0,0
25795,0,0,0
299945,0,0,0
318065,0,0,0
310842,0,0,0
136569,0,0,0
216277,0,0,0
359594,0,0,0
140820,0,0,0
222999,0,0,0
204179,0,0,0
368017,0,0,0
186170,0,0,0
24983,0,0,0
322962,0,0,0
187884,0,0,0
211818,0,0,0
367680,0,0,0
40633,0,0,0
107591,0,0,0
271701,0,0,0
153541,0,0,0
141512,0,0,0
319012,0,0,0
279997,0,0,0
54857,0,0,0
91474,0,0,0
234316,0,0,0
52271,0,0,0
267979,0,0,0
20839,0,0,0
146902,0,0,0
248536,0,0,0
3949,0,0,0
285652,0,0,0
348941,0,0,0
141454,0,0,0
335876,0,0,0
363970,0,0,0
334541,0,0,0
31338,0,0,0
67799,0,0,0
125338,0,0,0
86290,0,0,0
156241,0,0,0
78918,0,0,0
216910,0,0,0
23578,0,0,0
224307,0,0,0
199722,0,0,0
337779,0,0,0
110733,0,0,0
134058,0,0,0
85189,0,0,0
146937,0,0,0
38714,0,0,0
161672,0,0,0
309246,0,0,0
89549,0,0,0
101971,0,0,0
274197,0,0,0
199803,0,0,0
160698,0,0,0
54718,0,0,0
291157,0,0,0
286881,0,0,0
345570,0,0,0
297968,0,0,0
268227,0,0,0
331458,0,0,0
233108,0,0,0
23946,0,0,0
363798,0,0,0
364824,0,0,0
320777,0,0,0
372491,0,0,0
404006,0,0,0
82780,0,0,0
93808,0,0,0
20466,0,0,0
178216,0,0,0
330625,0,0,0
130481,0,0,0
35874,0,0,0
53841,0,0,0
6944,0,0,0
261573,0,0,0
85061,0,0,0
356123,0,0,0
356690,0,0,0
193438,0,0,0
253549,0,0,0
103434,0,0,0
143651,0,0,0
132821,0,0,0
167334,0,0,0
194114,0,0,0
397897,0,0,0
101747,0,0,0
80891,0,0,0
346870,0,0,0
283708,0,0,0
245743,0,0,0
335463,0,0,0
258601,0,0,0
229793,0,0,0
75716,0,0,0
399212,0,0,0
327156,0,0,0
104210,0,0,0
23228,0,0,0
395282,0,0,0
155155,0,0,0
87211,0,0,0
301691,0,0,0
66060,0,0,0
41886,0,0,0
147749,0,0,0
393458,0,0,0
182871,0,0,0
349711,0,0,0
141470,0,0,0
105307,0,0,0
67467,0,0,0
139732,0,0,0
389303,0,0,0
302877,0,0,0
92152,0,0,0
232548,0,0,0
101656,0,0,0
238217,0,0,0
297351,0,0,0
293889,0,0,0
344230,0,0,0
40350,0,0,0
18890,0,0,0
283568,0,0,0
374464,0,0,0
107446,0,0,0
338038,0,0,0
365023,0,0,0
349385,0,0,0
112722,0,0,0
176208,0,0,0
390155,0,0,0
341922,0,0,0
175979,0,0,0
66658,0,0,0
267025,0,0,0
185927,0,0,0
146475,0,0,0
325821,0,0,0
60327,0,0,0
75636,0,0,0
232227,0,0,0
183371,0,0,0
43303,0,0,0
66443,0,0,0
405344,0,0,0
37499,0,0,0
178034,0,0,0
212111,0,0,0
328791,0,0,0
226279,0,0,0
271016,0,0,0
268183,0,0,0
203558,0,0,0
278078,0,0,0
369574,0,0,0
146476,0,0,0
306595,0,0,0
333172,0,0,0
196701,0,0,0
192411,0,0,0
70833,0,0,0
96089,0,0,0
142125,0,0,0
99370,0,0,0
39393,0,0,0
76464,0,0,0
143893,0,0,0
301535,0,0,0
31598,0,0,0
253558,0,0,0
228110,0,0,0
10158,0,0,0
202316,0,0,0
355481,0,0,0
130400,0,0,0
375375,0,0,0
210188,0,0,0
86787,0,0,0
388491,0,0,0
172696,0,0,0
63987,0,0,0
261406,0,0,0
376091,0,0,0
75736,0,0,0
44653,0,0,0
42605,0,0,0
197508,0,0,0
105609,0,0,0
326169,0,0,0
66919,0,0,0
189551,0,0,0
271519,0,0,0
254726,0,0,0
264230,0,0,0
162961,0,0,0
212127,0,0,0
371593,0,0,0
74470,0,0,0
333298,0,0,0
330176,0,0,0
183054,0,0,0
53689,0,0,0
103988,0,0,0
63974,0,0,0
26667,0,0,0
392151,0,0,0
116120,0,0,0
244717,0,0,0
55059,0,0,0
383414,0,0,0
301777,0,0,0
329796,0,0,0
46429,0,0,0
85485,0,0,0
332082,0,0,0
5681,0,0,0
363047,0,0,0
72583,0,0,0
20823,0,0,0
271561,0,0,0
163977,0,0,0
106329,0,0,0
143603,0,0,0
295440,0,0,0
49649,0,0,0
83874,0,0,0
234287,0,0,0
6689,0,0,0
181183,0,0,0
245903,0,0,0
394280,0,0,0
302097,0,0,0
32769,0,0,0
101303,0,0,0
206076,0,0,0
170479,0,0,0
279071,0,0,0
285429,0,0,0
194103,0,0,0
192298,0,0,0
121840,0,0,0
201533,0,0,0
158864,0,0,0
148750,0,0,0
326201,0,0,0
361653,0,0,0
398875,0,0,0
332232,0,0,0
171680,0,0,0
322147,0,0,0
366306,0,0,0
314089,0,0,0
320594,0,0,0
286195,0,0,0
257916,0,0,0
367701,0,0,0
73324,0,0,0
86513,0,0,0
371341,0,0,0
187287,0,0,0
139744,0,0,0
127688,0,0,0
45131,0,0,0
180589,0,0,0
98817,0,0,0
91573,0,0,0
57949,0,0,0
134543,0,0,0
30019,0,0,0
393959,0,0,0
92251,0,0,0
223454,0,0,0
47011,0,0,0
201669,0,0,0
131234,0,0,0
194792,0,0,0
201582,0,0,0
346460,0,0,0
60233,0,0,0
222669,0,0,0
130103,0,0,0
230581,0,0,0
339994,0,0,0
42466,0,0,0
258377,0,0,0
130640,0,0,0
257048,0,0,0
147624,0,0,0
315083,0,0,0
202496,0,0,0
372797,0,0,0
409318,0,0,0
306261,0,0,0
231087,0,0,0
303255,0,0,0
223218,0,0,0
370513,0,0,0
105769,0,0,0
16899,0,0,0
211970,0,0,0
202780,0,0,0
63162,0,0,0
219363,0,0,0
62878,0,0,0
376079,0,0,0
57765,0,0,0
336630,0,0,0
99282,0,0,0
207101,0,0,0
409278,0,0,0
58876,0,0,0
103707,0,0,0
286420,0,0,0
67242,0,0,0
154962,0,0,0
219753,0,0,0
380255,0,0,0
171826,0,0,0
306127,0,0,0
223414,0,0,0
34826,0,0,0
62407,0,0,0
180591,0,0,0
353495,0,0,0
397558,0,0,0
191119,0,0,0
258022,0,0,0
101624,0,0,0
175201,0,0,0
398277,0,0,0
350173,0,0,0
86723,0,0,0
229234,0,0,0
368055,0,0,0
37539,0,0,0
112992,0,0,0
223105,0,0,0
145654,0,0,0
119941,0,0,0
401192,0,0,0
342452,0,0,0
309542,0,0,0
78952,0,0,0
61553,0,0,0
28571,0,0,0
161156,0,0,0
257248,0,0,0
193798,0,0,0
310521,0,0,0
66515,0,0,0
117177,0,0,0
390310,0,0,0
186156,0,0,0
278523,0,0,0
199795,0,0,0
241033,0,0,0
356475,0,0,0
231060,0,0,0
297261,0,0,0
360791,0,0,0
110548,0,0,0
115734,0,0,0
217461,0,0,0
171331,0,0,0
103783,0,0,0
178163,0,0,0
334700,0,0,0
87206,0,0,0
325346,0,0,0
294821,0,0,0
226724,0,0,0
359151,0,0,0
19842,0,0,0
280234,0,0,0
158061,0,0,0
310215,0,0,0
46865,0,0,0
106062,0,0,0
262259,0,0,0
77594,0,0,0
372591,0,0,0
281266,0,0,0
405630,0,0,0
372290,0,0,0
293108,0,0,0
361281,0,0,0
50008,0,0,0
241623,0,0,0
203687,0,0,0
51306,0,0,0
195277,0,0,0
175785,0,0,0
74267,0,0,0
55153,0,0,0
84582,0,0,0
181349,0,0,0
248953,0,0,0
171338,0,0,0
55776,0,0,0
113115,0,0,0
341952,0,0,0
102529,0,0,0
186379,0,0,0
337641,0,0,0
299610,0,0,0
328702,0,0,0
377694,0,0,0
164448,0,0,0
101877,0,0,0
327010,0,0,0
105257,0,0,0
153857,0,0,0
410915,0,0,0
222824,0,0,0
309606,0,0,0
353175,0,0,0
198399,0,0,0
78588,0,0,0
97579,0,0,0
223295,0,0,0
61145,0,0,0
310960,0,0,0
369982,0,0,0
43035,0,0,0
50730,0,0,0
387435,0,0,0
306606,0,0,0
352009,0,0,0
45604,0,0,0
154597,0,0,0
4774,0,0,0
73868,0,0,0
262360,0,0,0
326614,0,0,0
178619,0,0,0
195875,0,0,0
400431,0,0,0
272035,0,0,0
22646,0,0,0
306462,0,0,0
13396,0,0,0
341107,0,0,0
197544,0,0,0
181118,0,0,0
260343,0,0,0
318830,0,0,0
230307,0,0,0
379162,0,0,0
236886,0,0,0
158154,0,0,0
173484,0,0,0
389092,0,0,0
394988,0,0,0
30055,0,0,0
284298,0,0,0
221769,0,0,0
276369,0,0,0
238038,0,0,0
99308,0,0,0
342553,0,0,0
47466,0,0,0
317440,0,0,0
25681,0,0,0
366428,0,0,0
25383,0,0,0
134014,0,0,0
88807,0,0,0
141879,0,0,0
229550,0,0,0
42902,0,0,0
236017,0,0,0
383463,0,0,0
233407,0,0,0
249096,0,0,0
365900,0,0,0
204471,0,0,0
70080,0,0,0
391083,0,0,0
378526,0,0,0
16105,0,0,0
143066,0,0,0
288226,0,0,0
348340,0,0,0
367904,0,0,0
346574,0,0,0
51994,0,0,0
278202,0,0,0
227783,0,0,0
269428,0,0,0
235776,0,0,0
271876,0,0,0
179248,0,0,0
54673,0,0,0
401249,0,0,0
141636,0,0,0
95019,0,0,0
80567,0,0,0
278378,0,0,0
32754,0,0,0
323189,0,0,0
331411,0,0,0
54405,0,0,0
252001,0,0,0
322683,0,0,0
206420,0,0,0
182412,0,0,0
114779,0,0,0
10167,0,0,0
359595,0,0,0
273364,0,0,0
248051,0,0,0
242299,0,0,0
400745,0,0,0
172884,0,0,0
16325,0,0,0
396161,0,0,0
253256,0,0,0
388426,0,0,0
27533,0,0,0
397739,0,0,0
271458,0,0,0
232462,0,0,0
329570,0,0,0
318227,0,0,0
58499,0,0,0
18549,0,0,0
299592,0,0,0
274131,0,0,0
366250,0,0,0
88082,0,0,0
179345,0,0,0
378071,0,0,0
267338,0,0,0
48261,0,0,0
65832,0,0,0
70208,0,0,0
162400,0,0,0
59046,0,0,0
13577,0,0,0
193417,0,0,0
405710,0,0,0
295029,0,0,0
325118,0,0,0
263523,0,0,0
44323,0,0,0
271611,0,0,0
373993,0,0,0
44736,0,0,0
205940,0,0,0
311023,0,0,0
82560,0,0,0
230904,0,0,0
33963,0,0,0
201912,0,0,0
253819,0,0,0
342601,0,0,0
30028,0,0,0
85432,0,0,0
366895,0,0,0
6372,0,0,0
297819,0,0,0
228316,0,0,0
388151,0,0,0
72234,0,0,0
378073,0,0,0
179518,0,0,0
248333,0,0,0
24062,0,0,0
286784,0,0,0
322755,0,0,0
232298,0,0,0
386191,0,0,0
221672,0,0,0
171585,0,0,0
389829,0,0,0
345120,0,0,0
155247,0,0,0
158048,0,0,0
44520,0,0,0
370790,0,0,0
386791,0,0,0
292988,0,0,0
157733,0,0,0
79460,0,0,0
323437,0,0,0
378980,0,0,0
53525,0,0,0
64248,0,0,0
322852,0,0,0
311674,0,0,0
333457,0,0,0
320076,0,0,0
378571,0,0,0
78642,0,0,0
164573,0,0,0
224516,0,0,0
343502,0,0,0
87532,0,0,0
207137,0,0,0
56768,0,0,0
333552,0,0,0
345644,0,0,0
53435,0,0,0
277718,0,0,0
118038,0,0,0
243687,0,0,0
7828,0,0,0
272612,0,0,0
291110,0,0,0
244594,0,0,0
37892,0,0,0
393928,0,0,0
265564,0,0,0
109924,0,0,0
96213,0,0,0
241339,0,0,0
80414,0,0,0
166996,0,0,0
166970,0,0,0
45653,0,0,0
145269,0,0,0
15970,0,0,0
270210,0,0,0
325605,0,0,0
42745,0,0,0
284412,0,0,0
29071,0,0,0
104263,0,0,0
151002,0,0,0
66032,0,0,0
48882,0,0,0
15907,0,0,0
33027,0,0,0
290681,0,0,0
248499,0,0,0
350001,0,0,0
47317,0,0,0
275931,0,0,0
251209,0,0,0
103877,0,0,0
268330,0,0,0
72715,0,0,0
275529,0,0,0
399295,0,0,0
305972,0,0,0
80121,0,0,0
35171,0,0,0
39351,0,0,0
29922,0,0,0
349486,0,0,0
79677,0,0,0
256123,0,0,0
182101,0,0,0
403695,0,0,0
254495,0,0,0
61824,0,0,0
331689,0,0,0
333808,0,0,0
182330,0,0,0
294838,0,0,0
15131,0,0,0
275010,0,0,0
74340,0,0,0
290144,0,0,0
23026,0,0,0
78446,0,0,0
187411,0,0,0
179239,0,0,0
186847,0,0,0
223155,0,0,0
170910,0,0,0
194584,0,0,0
355409,0,0,0
60646,0,0,0
116578,0,0,0
364232,0,0,0
7824,0,0,0
156103,0,0,0
130003,0,0,0
29166,0,0,0
220685,0,0,0
223260,0,0,0
368530,0,0,0
263330,0,0,0
131891,0,0,0
40237,0,0,0
114117,0,0,0
31591,0,0,0
115158,0,0,0
39422,0,0,0
233393,0,0,0
121678,0,0,0
278298,0,0,0
373705,0,0,0
295332,0,0,0
258414,0,0,0
364878,0,0,0
314460,0,0,0
201938,0,0,0
114169,0,0,0
83112,0,0,0
26331,0,0,0
131813,0,0,0
158971,0,0,0
114897,0,0,0
387546,0,0,0
255710,0,0,0
86777,0,0,0
114453,0,0,0
390701,0,0,0
124606,0,0,0
234179,0,0,0
256062,0,0,0
39594,0,0,0
54537,0,0,0
384867,0,0,0
291852,0,0,0
33501,0,0,0
384244,0,0,0
197969,0,0,0
137253,0,0,0
288283,0,0,0
134917,0,0,0
394632,0,0,0
361406,0,0,0
35229,0,0,0
279409,0,0,0
400663,0,0,0
165501,0,0,0
11545,0,0,0
243129,0,0,0
338865,0,0,0
61266,0,0,0
326368,0,0,0
377350,0,0,0
88201,0,0,0
157692,0,0,0
9863,0,0,0
275181,0,0,0
118054,0,0,0
142222,0,0,0
371044,0,0,0
315842,0,0,0
307603,0,0,0
82755,0,0,0
143873,0,0,0
141144,0,0,0
191748,0,0,0
207260,0,0,0
338827,0,0,0
246534,0,0,0
348367,0,0,0
277298,0,0,0
388308,0,0,0
381966,0,0,0
307215,0,0,0
231290,0,0,0
154913,0,0,0
383073,0,0,0
135140,0,0,0
243039,0,0,0
100419,0,0,0
61542,0,0,0
402214,0,0,0
2208,0,0,0
27639,0,0,0
406763,0,0,0
252439,0,0,0
235686,0,0,0
336995,0,0,0
304765,0,0,0
346582,0,0,0
339532,0,0,0
73930,0,0,0
55195,0,0,0
4142,0,0,0
54027,0,0,0
160539,0,0,0
37370,0,0,0
405424,0,0,0
374430,0,0,0
124077,0,0,0
201983,0,0,0
215313,0,0,0
333458,0,0,0
87282,0,0,0
173602,0,0,0
176316,0,0,0
344897,0,0,0
142675,0,0,0
96909,0,0,0
224647,0,0,0
226421,0,0,0
295461,0,0,0
97458,0,0,0
47641,0,0,0
355948,0,0,0
273829,0,0,0
128714,0,0,0
396198,0,0,0
66917,0,0,0
277607,0,0,0
170712,0,0,0
130997,0,0,0
335735,0,0,0
397812,0,0,0
380922,0,0,0
164500,0,0,0
225487,0,0,0
241414,0,0,0
268924,0,0,0
154770,0,0,0
12712,0,0,0
150999,0,0,0
44324,0,0,0
251426,0,0,0
403935,0,0,0
366401,0,0,0
145608,0,0,0
394992,0,0,0
409640,0,0,0
86651,0,0,0
120490,0,0,0
53640,0,0,0
163903,0,0,0
88727,0,0,0
325872,0,0,0
26047,0,0,0
253416,0,0,0
194669,0,0,0
297867,0,0,0
395377,0,0,0
147446,0,0,0
41206,0,0,0
322329,0,0,0
263685,0,0,0
157689,0,0,0
69887,0,0,0
319340,0,0,0
272514,0,0,0
184624,0,0,0
79488,0,0,0
384528,0,0,0
25979,0,0,0
290183,0,0,0
314843,0,0,0
409552,0,0,0
398634,0,0,0
277582,0,0,0
21396,0,0,0
377976,0,0,0
410536,0,0,0
342058,0,0,0
195519,0,0,0
55444,0,0,0
209829,0,0,0
115500,0,0,0
213025,0,0,0
77144,0,0,0
50871,0,0,0
102446,0,0,0
364023,0,0,0
343725,0,0,0
68603,0,0,0
287018,0,0,0
84499,0,0,0
324266,0,0,0
32992,0,0,0
53514,0,0,0
353687,0,0,0
86914,0,0,0
35318,0,0,0
328278,0,0,0
79928,0,0,0
255874,0,0,0
200706,0,0,0
17559,0,0,0
86167,0,0,0
379850,0,0,0
113030,0,0,0
75030,0,0,0
257904,0,0,0
365127,0,0,0
344273,0,0,0
166314,0,0,0
87510,0,0,0
151617,0,0,0
185136,0,0,0
182886,0,0,0
113195,0,0,0
148785,0,0,0
35591,0,0,0
20261,0,0,0
313789,0,0,0
130921,0,0,0
72837,0,0,0
316038,0,0,0
8412,0,0,0
193309,0,0,0
290072,0,0,0
337738,0,0,0
316279,0,0,0
75289,0,0,0
179500,0,0,0
290199,0,0,0
130456,0,0,0
124510,0,0,0
51526,0,0,0
407446,0,0,0
356033,0,0,0
407488,0,0,0
269469,0,0,0
253932,0,0,0
118931,0,0,0
90139,0,0,0
181521,0,0,0
277147,0,0,0
386991,0,0,0
41149,0,0,0
333105,0,0,0
312627,0,0,0
360260,0,0,0
290674,0,0,0
192533,0,0,0
242333,0,0,0
194866,0,0,0
354890,0,0,0
305899,0,0,0
354649,0,0,0
349178,0,0,0
174078,0,0,0
384090,0,0,0
398258,0,0,0
184633,0,0,0
180116,0,0,0
66328,0,0,0
5752,0,0,0
150105,0,0,0
371649,0,0,0
37479,0,0,0
131171,0,0,0
155099,0,0,0
103639,0,0,0
282236,0,0,0
343244,0,0,0
348816,0,0,0
214404,0,0,0
338330,0,0,0
387185,0,0,0
93212,0,0,0
28047,0,0,0
250253,0,0,0
118974,0,0,0
106991,0,0,0
53429,0,0,0
45609,0,0,0
329125,0,0,0
123024,0,0,0
366115,0,0,0
209497,0,0,0
177775,0,0,0
185188,0,0,0
300767,0,0,0
383280,0,0,0
45840,0,0,0
9116,0,0,0
362128,0,0,0
10134,0,0,0
86355,0,0,0
219472,0,0,0
47739,0,0,0
75983,0,0,0
402049,0,0,0
8511,0,0,0
24725,0,0,0
278878,0,0,0
275974,0,0,0
189231,0,0,0
182187,0,0,0
275233,0,0,0
103440,0,0,0
197272,0,0,0
48099,0,0,0
351046,0,0,0
121546,0,0,0
253053,0,0,0
210453,0,0,0
172691,0,0,0
317321,0,0,0
128772,0,0,0
10149,0,0,0
225165,0,0,0
331424,0,0,0
9170,0,0,0
11578,0,0,0
339482,0,0,0
232514,0,0,0
28918,0,0,0
374520,0,0,0
288947,0,0,0
111419,0,0,0
326715,0,0,0
266303,0,0,0
273874,0,0,0
369209,0,0,0
81233,0,0,0
393289,0,0,0
93824,0,0,0
252740,0,0,0
405283,0,0,0
271464,0,0,0
54547,0,0,0
19208,0,0,0
396846,0,0,0
234637,0,0,0
32219,0,0,0
193308,0,0,0
197152,0,0,0
237848,0,0,0
13433,0,0,0
19460,0,0,0
59837,0,0,0
151136,0,0,0
100058,0,0,0
185279,0,0,0
231874,0,0,0
370583,0,0,0
70465,0,0,0
250442,0,0,0
264202,0,0,0
95263,0,0,0
183441,0,0,0
135163,0,0,0
165376,0,0,0
41365,0,0,0
237306,0,0,0
346123,0,0,0
23741,0,0,0
179308,0,0,0
100145,0,0,0
56678,0,0,0
242150,0,0,0
244530,0,0,0
322039,0,0,0
84379,0,0,0
94163,0,0,0
333009,0,0,0
28518,0,0,0
4102,0,0,0
89554,0,0,0
194355,0,0,0
224482,0,0,0
333892,0,0,0
195368,0,0,0
366720,0,0,0
52930,0,0,0
308281,0,0,0
304464,0,0,0
290563,0,0,0
241688,0,0,0
339535,0,0,0
265262,0,0,0
1391,0,0,0
334705,0,0,0
11144,0,0,0
7118,0,0,0
366540,0,0,0
185765,0,0,0
385155,0,0,0
316118,0,0,0
243710,0,0,0
11963,0,0,0
393833,0,0,0
112194,0,0,0
82635,0,0,0
136202,0,0,0
350717,0,0,0
220053,0,0,0
176983,0,0,0
243184,0,0,0
87913,0,0,0
121146,0,0,0
27678,0,0,0
49970,0,0,0
244861,0,0,0
29949,0,0,0
101824,0,0,0
209045,0,0,0
325087,0,0,0
55007,0,0,0
232722,0,0,0
60493,0,0,0
249549,0,0,0
169427,0,0,0
346547,0,0,0
293346,0,0,0
55611,0,0,0
66468,0,0,0
357811,0,0,0
71071,0,0,0
388381,0,0,0
268104,0,0,0
95255,0,0,0
283966,0,0,0
283932,0,0,0
342009,0,0,0
114974,0,0,0
366203,0,0,0
302537,0,0,0
345542,0,0,0
125217,0,0,0
75968,0,0,0
373637,0,0,0
218944,0,0,0
291506,0,0,0
340453,0,0,0
270969,0,0,0
239827,0,0,0
379721,0,0,0
283446,0,0,0
13250,0,0,0
137133,0,0,0
124911,0,0,0
148803,0,0,0
107272,0,0,0
105148,0,0,0
59479,0,0,0
298439,0,0,0
115455,0,0,0
320523,0,0,0
210739,0,0,0
341414,0,0,0
123544,0,0,0
287045,0,0,0
347992,0,0,0
360810,0,0,0
147181,0,0,0
375880,0,0,0
316157,0,0,0
108192,0,0,0
105625,0,0,0
357610,0,0,0
276341,0,0,0
176757,0,0,0
401727,0,0,0
328768,0,0,0
32168,0,0,0
3306,0,0,0
312282,0,0,0
348944,0,0,0
328633,0,0,0
263415,0,0,0
302230,0,0,0
197330,0,0,0
337746,0,0,0
161548,0,0,0
259613,0,0,0
79594,0,0,0
54853,0,0,0
48758,0,0,0
216489,0,0,0
65454,0,0,0
166268,0,0,0
53265,0,0,0
183610,0,0,0
196975,0,0,0
374673,0,0,0
202145,0,0,0
401444,0,0,0
362681,0,0,0
405796,0,0,0
336210,0,0,0
144418,0,0,0
227413,0,0,0
113646,0,0,0
411145,0,0,0
254515,0,0,0
165989,0,0,0
400171,0,0,0
295419,0,0,0
105675,0,0,0
343076,0,0,0
227479,0,0,0
62408,0,0,0
44059,0,0,0
312261,0,0,0
358950,0,0,0
392958,0,0,0
286775,0,0,0
341411,0,0,0
48576,0,0,0
156368,0,0,0
364520,0,0,0
330106,0,0,0
384594,0,0,0
6815,0,0,0
308093,0,0,0
31831,0,0,0
18333,0,0,0
165819,0,0,0
166974,0,0,0
51508,0,0,0
147300,0,0,0
95703,0,0,0
272413,0,0,0
91540,0,0,0
279120,0,0,0
252228,0,0,0
337687,0,0,0
359185,0,0,0
369081,0,0,0
104241,0,0,0
37899,0,0,0
146456,0,0,0
386968,0,0,0
55751,0,0,0
192695,0,0,0
177237,0,0,0
382344,0,0,0
40284,0,0,0
256950,0,0,0
333897,0,0,0
357515,0,0,0
133472,0,0,0
297952,0,0,0
118815,0,0,0
354286,0,0,0
170475,0,0,0
387765,0,0,0
29016,0,0,0
279053,0,0,0
152969,0,0,0
203814,0,0,0
275189,0,0,0
41245,0,0,0
73794,0,0,0
14391,0,0,0
140127,0,0,0
73089,0,0,0
175274,0,0,0
347025,0,0,0
241658,0,0,0
154641,0,0,0
185925,0,0,0
178603,0,0,0
171083,0,0,0
216221,0,0,0
280946,0,0,0
134074,0,0,0
382010,0,0,0
153114,0,0,0
127587,0,0,0
250129,0,0,0
135271,0,0,0
395339,0,0,0
125048,0,0,0
157232,0,0,0
143910,0,0,0
115675,0,0,0
280318,0,0,0
83557,0,0,0
72886,0,0,0
209932,0,0,0
105733,0,0,0
330402,0,0,0
324233,0,0,0
115577,0,0,0
22029,0,0,0
235853,0,0,0
25215,0,0,0
334268,0,0,0
139278,0,0,0
156902,0,0,0
231480,0,0,0
337245,0,0,0
219214,0,0,0
112103,0,0,0
242104,0,0,0
160046,0,0,0
160594,0,0,0
158612,0,0,0
339682,0,0,0
28568,0,0,0
385359,0,0,0
355316,0,0,0
186270,0,0,0
38422,0,0,0
174863,0,0,0
4461,0,0,0
332969,0,0,0
178950,0,0,0
129501,0,0,0
267472,0,0,0
10105,0,0,0
38187,0,0,0
187113,0,0,0
151820,0,0,0
171039,0,0,0
214919,0,0,0
407502,0,0,0
119718,0,0,0
362961,0,0,0
76981,0,0,0
113614,0,0,0
287992,0,0,0
54766,0,0,0
323325,0,0,0
33381,0,0,0
243351,0,0,0
14609,0,0,0
238816,0,0,0
324780,0,0,0
392008,0,0,0
177066,0,0,0
167470,0,0,0
252227,0,0,0
52501,0,0,0
233391,0,0,0
38190,0,0,0
399882,0,0,0
155550,0,0,0
174867,0,0,0
411344,0,0,0
396062,0,0,0
107917,0,0,0
363665,0,0,0
142163,0,0,0
64895,0,0,0
167826,0,0,0
19297,0,0,0
339852,0,0,0
67841,0,0,0
11198,0,0,0
160767,0,0,0
382318,0,0,0
171573,0,0,0
268661,0,0,0
340357,0,0,0
88349,0,0,0
28660,0,0,0
367322,0,0,0
103358,0,0,0
306477,0,0,0
399736,0,0,0
63998,0,0,0
28576,0,0,0
299971,0,0,0
363458,0,0,0
365434,0,0,0
51835,0,0,0
149538,0,0,0
341204,0,0,0
143711,0,0,0
75915,0,0,0
228621,0,0,0
58807,0,0,0
116544,0,0,0
409048,0,0,0
170939,0,0,0
114234,0,0,0
20003,0,0,0
106794,0,0,0
44611,0,0,0
329508,0,0,0
401712,0,0,0
348572,0,0,0
342829,0,0,0
111230,0,0,0
348148,0,0,0
179379,0,0,0
294633,0,0,0
311089,0,0,0
155139,0,0,0
377513,0,0,0
165610,0,0,0
216370,0,0,0
106646,0,0,0
250406,0,0,0
79694,0,0,0
148166,0,0,0
176122,0,0,0
336580,0,0,0
361219,0,0,0
232604,0,0,0
172829,0,0,0
312622,0,0,0
240215,0,0,0
276653,0,0,0
390212,0,0,0
109443,0,0,0
96541,0,0,0
88362,0,0,0
297024,0,0,0
352334,0,0,0
251383,0,0,0
13723,0,0,0
132778,0,0,0
112736,0,0,0
10413,0,0,0
144579,0,0,0
92694,0,0,0
62523,0,0,0
62802,0,0,0
152870,0,0,0
380462,0,0,0
227621,0,0,0
286671,0,0,0
181751,0,0,0
155993,0,0,0
281753,0,0,0
393841,0,0,0
22800,0,0,0
50370,0,0,0
155912,0,0,0
160042,0,0,0
364436,0,0,0
329722,0,0,0
399577,0,0,0
314021,0,0,0
274000,0,0,0
279728,0,0,0
10166,0,0,0
339222,0,0,0
386769,0,0,0
93887,0,0,0
275509,0,0,0
376438,0,0,0
229436,0,0,0
59815,0,0,0
186878,0,0,0
395184,0,0,0
402033,0,0,0
250803,0,0,0
126414,0,0,0
78449,0,0,0
301925,0,0,0
83554,0,0,0
33022,0,0,0
362045,0,0,0
246994,0,0,0
223669,0,0,0
120830,0,0,0
103162,0,0,0
82538,0,0,0
360576,0,0,0
212797,0,0,0
201592,0,0,0
43093,0,0,0
184773,0,0,0
347747,0,0,0
148186,0,0,0
377344,0,0,0
81976,0,0,0
161700,0,0,0
87421,0,0,0
91310,0,0,0
65898,0,0,0
330006,0,0,0
260689,0,0,0
238467,0,0,0
212598,0,0,0
335649,0,0,0
291234,0,0,0
393401,0,0,0
174262,0,0,0
114634,0,0,0
79358,0,0,0
11096,0,0,0
370496,0,0,0
262521,0,0,0
225396,0,0,0
350706,0,0,0
278684,0,0,0
369452,0,0,0
256503,0,0,0
231178,0,0,0
405779,0,0,0
196745,0,0,0
201712,0,0,0
117974,0,0,0
370677,0,0,0
218979,0,0,0
16208,0,0,0
293337,0,0,0
55659,0,0,0
32378,0,0,0
80139,0,0,0
105778,0,0,0
35211,0,0,0
10347,0,0,0
3698,0,0,0
14325,0,0,0
334712,0,0,0
246931,0,0,0
208349,0,0,0
128468,0,0,0
96015,0,0,0
374210,0,0,0
394261,0,0,0
45987,0,0,0
155696,0,0,0
228328,0,0,0
42053,0,0,0
83824,0,0,0
78455,0,0,0
352033,0,0,0
315279,0,0,0
182793,0,0,0
54940,0,0,0
64715,0,0,0
375326,0,0,0
396788,0,0,0
253877,0,0,0
390040,0,0,0
305446,0,0,0
65982,0,0,0
185377,0,0,0
397095,0,0,0
392664,0,0,0
18741,0,0,0
184980,0,0,0
34122,0,0,0
151899,0,0,0
273073,0,0,0
355604,0,0,0
190141,0,0,0
349881,0,0,0
91634,0,0,0
94776,0,0,0
285437,0,0,0
99421,0,0,0
78937,0,0,0
132654,0,0,0
400845,0,0,0
231078,0,0,0
290609,0,0,0
335167,0,0,0
122367,0,0,0
285504,0,0,0
200930,0,0,0
384579,0,0,0
168965,0,0,0
46639,0,0,0
229671,0,0,0
212108,0,0,0
269586,0,0,0
272249,0,0,0
397496,0,0,0
327829,0,0,0
410862,0,0,0
46705,0,0,0
274458,0,0,0
300861,0,0,0
312604,0,0,0
63360,0,0,0
114636,0,0,0
353416,0,0,0
81231,0,0,0
56818,0,0,0
64146,0,0,0
112238,0,0,0
388093,0,0,0
352035,0,0,0
196898,0,0,0
154924,0,0,0
111260,0,0,0
146568,0,0,0
31843,0,0,0
270311,0,0,0
289019,0,0,0
216934,0,0,0
69036,0,0,0
182264,0,0,0
131928,0,0,0
202370,0,0,0
365136,0,0,0
354809,0,0,0
154839,0,0,0
20413,0,0,0
248121,0,0,0
397771,0,0,0
292492,0,0,0
329387,0,0,0
212720,0,0,0
77544,0,0,0
55436,0,0,0
144528,0,0,0
315978,0,0,0
300007,0,0,0
53498,0,0,0
199205,0,0,0
206966,0,0,0
367155,0,0,0
29738,0,0,0
71123,0,0,0
359844,0,0,0
3930,0,0,0
37996,0,0,0
330824,0,0,0
80049,0,0,0
162986,0,0,0
347306,0,0,0
271305,0,0,0
371174,0,0,0
235051,0,0,0
181789,0,0,0
183904,0,0,0
130856,0,0,0
230194,0,0,0
341792,0,0,0
215960,0,0,0
269238,0,0,0
189239,0,0,0
276159,0,0,0
123073,0,0,0
45790,0,0,0
90143,0,0,0
146065,0,0,0
293514,0,0,0
402010,0,0,0
52466,0,0,0
225326,0,0,0
69367,0,0,0
262978,0,0,0
215235,0,0,0
101138,0,0,0
103287,0,0,0
70178,0,0,0
117743,0,0,0
199660,0,0,0
310539,0,0,0
274954,0,0,0
310837,0,0,0
136353,0,0,0
175489,0,0,0
352015,0,0,0
44038,0,0,0
398432,0,0,0
24588,0,0,0
347815,0,0,0
309831,0,0,0
139711,0,0,0
393504,0,0,0
330345,0,0,0
192813,0,0,0
194084,0,0,0
401639,0,0,0
219592,0,0,0
123185,0,0,0
23317,0,0,0
356374,0,0,0
253397,0,0,0
119945,0,0,0
284489,0,0,0
66815,0,0,0
170312,0,0,0
374268,0,0,0
87997,0,0,0
303726,0,0,0
405916,0,0,0
170118,0,0,0
333030,0,0,0
81995,0,0,0
127699,0,0,0
354989,0,0,0
136176,0,0,0
225960,0,0,0
277502,0,0,0
383955,0,0,0
333143,0,0,0
365771,0,0,0
161450,0,0,0
180677,0,0,0
183909,0,0,0
224484,0,0,0
184362,0,0,0
323763,0,0,0
209098,0,0,0
288899,0,0,0
227118,0,0,0
171134,0,0,0
135190,0,0,0
253590,0,0,0
56540,0,0,0
113024,0,0,0
113296,0,0,0
163632,0,0,0
83919,0,0,0
132569,0,0,0
265167,0,0,0
283671,0,0,0
383981,0,0,0
128095,0,0,0
173725,0,0,0
65607,0,0,0
298672,0,0,0
111780,0,0,0
403274,0,0,0
383847,0,0,0
93062,0,0,0
21545,0,0,0
250199,0,0,0
271461,0,0,0
378880,0,0,0
254615,0,0,0
246338,0,0,0
314631,0,0,0
357034,0,0,0
5542,0,0,0
365390,0,0,0
174094,0,0,0
221204,0,0,0
21788,0,0,0
378385,0,0,0
19587,0,0,0
351956,0,0,0
340537,0,0,0
111088,0,0,0
12970,0,0,0
402527,0,0,0
249275,0,0,0
404170,0,0,0
354912,0,0,0
284074,0,0,0
147342,0,0,0
211691,0,0,0
62423,0,0,0
113733,0,0,0
330569,0,0,0
804,0,0,0
175808,0,0,0
9242,0,0,0
7959,0,0,0
166886,0,0,0
134438,0,0,0
217498,0,0,0
113957,0,0,0
277797,0,0,0
35788,0,0,0
41864,0,0,0
7128,0,0,0
106749,0,0,0
55267,0,0,0
142911,0,0,0
145367,0,0,0
141533,0,0,0
104847,0,0,0
182194,0,0,0
241481,0,0,0
132185,0,0,0
260608,0,0,0
69045,0,0,0
304481,0,0,0
225810,0,0,0
109090,0,0,0
369041,0,0,0
311631,0,0,0
318381,0,0,0
260536,0,0,0
271551,0,0,0
298181,0,0,0
180858,0,0,0
209383,0,0,0
201295,0,0,0
172842,0,0,0
308233,0,0,0
115755,0,0,0
92852,0,0,0
11075,0,0,0
314116,0,0,0
222907,0,0,0
20575,0,0,0
179013,0,0,0
238775,0,0,0
389325,0,0,0
63501,0,0,0
199161,0,0,0
339217,0,0,0
317493,0,0,0
247257,0,0,0
306369,0,0,0
237819,0,0,0
324024,0,0,0
280549,0,0,0
72027,0,0,0
394396,0,0,0
320984,0,0,0
233776,0,0,0
311060,0,0,0
363503,0,0,0
363121,0,0,0
104719,0,0,0
58195,0,0,0
317068,0,0,0
191155,0,0,0
255693,0,0,0
375007,0,0,0
344113,0,0,0
175832,0,0,0
191879,0,0,0
26415,0,0,0
155110,0,0,0
340647,0,0,0
59831,0,0,0
172459,0,0,0
171520,0,0,0
43746,0,0,0
148817,0,0,0
165627,0,0,0
290516,0,0,0
4610,0,0,0
180824,0,0,0
26301,0,0,0
281910,0,0,0
361231,0,0,0
141407,0,0,0
149389,0,0,0
226414,0,0,0
306198,0,0,0
274528,0,0,0
240696,0,0,0
183509,0,0,0
306799,0,0,0
186699,0,0,0
276565,0,0,0
221043,0,0,0
381198,0,0,0
179151,0,0,0
297151,0,0,0
62830,0,0,0
52773,0,0,0
110986,0,0,0
129755,0,0,0
388102,0,0,0
377448,0,0,0
8564,0,0,0
381114,0,0,0
360778,0,0,0
167597,0,0,0
270841,0,0,0
259295,0,0,0
359333,0,0,0
282784,0,0,0
233286,0,0,0
83582,0,0,0
237931,0,0,0
104218,0,0,0
113447,0,0,0
107410,0,0,0
264311,0,0,0
296167,0,0,0
262184,0,0,0
86864,0,0,0
230971,0,0,0
103479,0,0,0
245635,0,0,0
263483,0,0,0
75958,0,0,0
54296,0,0,0
152589,0,0,0
311729,0,0,0
121386,0,0,0
408725,0,0,0
276047,0,0,0
237378,0,0,0
257982,0,0,0
11526,0,0,0
149279,0,0,0
62354,0,0,0
14603,0,0,0
234995,0,0,0
299934,0,0,0
41544,0,0,0
188457,0,0,0
350313,0,0,0
90626,0,0,0
396389,0,0,0
174516,0,0,0
164044,0,0,0
104255,0,0,0
77569,0,0,0
247549,0,0,0
137263,0,0,0
212031,0,0,0
25759,0,0,0
114798,0,0,0
136518,0,0,0
88610,0,0,0
97042,0,0,0
106864,0,0,0
182160,0,0,0
55335,0,0,0
117333,0,0,0
58070,0,0,0
212319,0,0,0
12826,0,0,0
225098,0,0,0
43016,0,0,0
242363,0,0,0
275738,0,0,0
276881,0,0,0
410594,0,0,0
213029,0,0,0
82537,0,0,0
237642,0,0,0
239817,0,0,0
340256,0,0,0
254115,0,0,0
60127,0,0,0
71109,0,0,0
385358,0,0,0
40980,0,0,0
222687,0,0,0
10926,0,0,0
263520,0,0,0
290682,0,0,0
371668,0,0,0
39111,0,0,0
313758,0,0,0
246954,0,0,0
379126,0,0,0
340631,0,0,0
16763,0,0,0
12206,0,0,0
223785,0,0,0
122316,0,0,0
88484,0,0,0
39711,0,0,0
315530,0,0,0
243538,0,0,0
88105,0,0,0
42176,0,0,0
62225,0,0,0
45352,0,0,0
7352,0,0,0
382554,0,0,0
124786,0,0,0
116561,0,0,0
42958,0,0,0
250750,0,0,0
279028,0,0,0
250883,0,0,0
326317,0,0,0
38953,0,0,0
180515,0,0,0
291353,0,0,0
265309,0,0,0
226636,0,0,0
192743,0,0,0
362237,0,0,0
306801,0,0,0
81616,0,0,0
380987,0,0,0
408898,0,0,0
237777,0,0,0
195827,0,0,0
143769,0,0,0
352479,0,0,0
354504,0,0,0
75862,0,0,0
379773,0,0,0
247266,0,0,0
319968,0,0,0
114753,0,0,0
120058,0,0,0
239822,0,0,0
330884,0,0,0
392370,0,0,0
175976,0,0,0
282531,0,0,0
120863,0,0,0
71093,0,0,0
87928,0,0,0
334387,0,0,0
328381,0,0,0
147033,0,0,0
257840,0,0,0
182395,0,0,0
276720,0,0,0
139649,0,0,0
101347,0,0,0
366225,0,0,0
74771,0,0,0
120606,0,0,0
220096,0,0,0
71105,0,0,0
86082,0,0,0
378165,0,0,0
319660,0,0,0
147244,0,0,0
305075,0,0,0
216890,0,0,0
257570,0,0,0
363053,0,0,0
71168,0,0,0
233076,0,0,0
102892,0,0,0
374198,0,0,0
7830,0,0,0
98513,0,0,0
408191,0,0,0
183315,0,0,0
214889,0,0,0
43853,0,0,0
2201,0,0,0
356897,0,0,0
382280,0,0,0
261239,0,0,0
277216,0,0,0
228389,0,0,0
409632,0,0,0
373231,0,0,0
82605,0,0,0
217411,0,0,0
71561,0,0,0
99159,0,0,0
157216,0,0,0
73399,0,0,0
363834,0,0,0
330766,0,0,0
40962,0,0,0
9969,0,0,0
70884,0,0,0
213958,0,0,0
248486,0,0,0
318389,0,0,0
288267,0,0,0
311959,0,0,0
156962,0,0,0
229035,0,0,0
304567,0,0,0
321608,0,0,0
240312,0,0,0
25871,0,0,0
359186,0,0,0
144837,0,0,0
389723,0,0,0
185928,0,0,0
210433,0,0,0
277913,0,0,0
327616,0,0,0
325903,0,0,0
365406,0,0,0
349839,0,0,0
339138,0,0,0
377585,0,0,0
266449,0,0,0
201955,0,0,0
218494,0,0,0
402838,0,0,0
185219,0,0,0
222800,0,0,0
402134,0,0,0
181531,0,0,0
137233,0,0,0
153628,0,0,0
258181,0,0,0
250223,0,0,0
356862,0,0,0
258773,0,0,0
270269,0,0,0
150916,0,0,0
227380,0,0,0
239396,0,0,0
125581,0,0,0
259006,0,0,0
208188,0,0,0
204576,0,0,0
5709,0,0,0
26483,0,0,0
359631,0,0,0
109015,0,0,0
374949,0,0,0
280347,0,0,0
141602,0,0,0
260787,0,0,0
411404,0,0,0
386289,0,0,0
30543,0,0,0
326948,0,0,0
288671,0,0,0
261925,0,0,0
294023,0,0,0
355914,0,0,0
225481,0,0,0
31313,0,0,0
273930,0,0,0
142116,0,0,0
111885,0,0,0
183741,0,0,0
252815,0,0,0
319612,0,0,0
384613,0,0,0
307891,0,0,0
178413,0,0,0
372980,0,0,0
138893,0,0,0
37692,0,0,0
158212,0,0,0
350185,0,0,0
120395,0,0,0
14411,0,0,0
229695,0,0,0
387475,0,0,0
220440,0,0,0
288328,0,0,0
327132,0,0,0
289324,0,0,0
336812,0,0,0
305731,0,0,0
63199,0,0,0
119786,0,0,0
387719,0,0,0
327602,0,0,0
27812,0,0,0
274485,0,0,0
150164,0,0,0
342055,0,0,0
276506,0,0,0
217314,0,0,0
30362,0,0,0
57559,0,0,0
83426,0,0,0
305365,0,0,0
200943,0,0,0
161237,0,0,0
333311,0,0,0
49736,0,0,0
170969,0,0,0
170592,0,0,0
181984,0,0,0
368755,0,0,0
403670,0,0,0
211850,0,0,0
133009,0,0,0
268360,0,0,0
49224,0,0,0
230279,0,0,0
107405,0,0,0
163935,0,0,0
400415,0,0,0
338005,0,0,0
391136,0,0,0
377415,0,0,0
285217,0,0,0
288765,0,0,0
289525,0,0,0
190148,0,0,0
379906,0,0,0
91717,0,0,0
157493,0,0,0
267447,0,0,0
18232,0,0,0
91064,0,0,0
177213,0,0,0
356239,0,0,0
340441,0,0,0
396095,0,0,0
98895,0,0,0
136395,0,0,0
393014,0,0,0
151805,0,0,0
158700,0,0,0
357562,0,0,0
144249,0,0,0
392300,0,0,0
25712,0,0,0
122341,0,0,0
210035,0,0,0
61906,0,0,0
69105,0,0,0
53123,0,0,0
285116,0,0,0
128658,0,0,0
260750,0,0,0
9727,0,0,0
258693,0,0,0
261110,0,0,0
73227,0,0,0
322529,0,0,0
133232,0,0,0
240964,0,0,0
308268,0,0,0
342585,0,0,0
410705,0,0,0
89038,0,0,0
231137,0,0,0
257123,0,0,0
163864,0,0,0
163348,0,0,0
345427,0,0,0
185058,0,0,0
301313,0,0,0
149150,0,0,0
387654,0,0,0
248958,0,0,0
285221,0,0,0
223945,0,0,0
236223,0,0,0
319770,0,0,0
226982,0,0,0
184208,0,0,0
129931,0,0,0
141163,0,0,0
129057,0,0,0
57582,0,0,0
271763,0,0,0
32561,0,0,0
77173,0,0,0
183641,0,0,0
14361,0,0,0
356684,0,0,0
31192,0,0,0
187049,0,0,0
324456,0,0,0
3488,0,0,0
28730,0,0,0
111401,0,0,0
45084,0,0,0
399833,0,0,0
312500,0,0,0
12508,0,0,0
207581,0,0,0
149171,0,0,0
147102,0,0,0
129608,0,0,0
279846,0,0,0
53589,0,0,0
133700,0,0,0
143275,0,0,0
260529,0,0,0
409936,0,0,0
256566,0,0,0
116437,0,0,0
6930,0,0,0
342588,0,0,0
73643,0,0,0
59641,0,0,0
92815,0,0,0
302182,0,0,0
95063,0,0,0
177110,0,0,0
163998,0,0,0
238563,0,0,0
328298,0,0,0
93906,0,0,0
27296,0,0,0
136216,0,0,0
101547,0,0,0
387058,0,0,0
222954,0,0,0
129485,0,0,0
336174,0,0,0
276268,0,0,0
130078,0,0,0
321187,0,0,0
56150,0,0,0
141977,0,0,0
340832,0,0,0
213799,0,0,0
67231,0,0,0
226544,0,0,0
322609,0,0,0
220868,0,0,0
410539,0,0,0
50823,0,0,0
150720,0,0,0
410920,0,0,0
20918,0,0,0
377892,0,0,0
238021,0,0,0
65185,0,0,0
154579,0,0,0
83380,0,0,0
259782,0,0,0
234487,0,0,0
273583,0,0,0
45979,0,0,0
24180,0,0,0
409135,0,0,0
325344,0,0,0
271754,0,0,0
131856,0,0,0
106105,0,0,0
5028,0,0,0
348515,0,0,0
376677,0,0,0
237764,0,0,0
249086,0,0,0
320369,0,0,0
408243,0,0,0
156868,0,0,0
273294,0,0,0
343421,0,0,0
117607,0,0,0
256124,0,0,0
104806,0,0,0
158277,0,0,0
229836,0,0,0
33364,0,0,0
236357,0,0,0
11770,0,0,0
92091,0,0,0
15560,0,0,0
410865,0,0,0
228922,0,0,0
374215,0,0,0
58893,0,0,0
261795,0,0,0
410225,0,0,0
15004,0,0,0
227126,0,0,0
169984,0,0,0
410892,0,0,0
127979,0,0,0
397769,0,0,0
73998,0,0,0
244139,0,0,0
55053,0,0,0
378672,0,0,0
45345,0,0,0
155398,0,0,0
19401,0,0,0
284026,0,0,0
73537,0,0,0
153322,0,0,0
369204,0,0,0
132485,0,0,0
330338,0,0,0
323159,0,0,0
201010,0,0,0
344159,0,0,0
28144,0,0,0
19657,0,0,0
241280,0,0,0
153822,0,0,0
381231,0,0,0
10090,0,0,0
136629,0,0,0
141062,0,0,0
89713,0,0,0
329334,0,0,0
35660,0,0,0
217926,0,0,0
369373,0,0,0
82497,0,0,0
240937,0,0,0
388178,0,0,0
113266,0,0,0
130939,0,0,0
205344,0,0,0
126372,0,0,0
278292,0,0,0
292071,0,0,0
393601,0,0,0
56184,0,0,0
363584,0,0,0
79017,0,0,0
116883,0,0,0
164218,0,0,0
9154,0,0,0
210312,0,0,0
309103,0,0,0
364744,0,0,0
355321,0,0,0
375651,0,0,0
410097,0,0,0
384104,0,0,0
395045,0,0,0
179798,0,0,0
12204,0,0,0
382777,0,0,0
99848,0,0,0
240518,0,0,0
55854,0,0,0
277973,0,0,0
26317,0,0,0
56061,0,0,0
375637,0,0,0
143929,0,0,0
63483,0,0,0
304040,0,0,0
334021,0,0,0
145682,0,0,0
88920,0,0,0
73813,0,0,0
259063,0,0,0
334487,0,0,0
127395,0,0,0
201132,0,0,0
84586,0,0,0
287757,0,0,0
347107,0,0,0
34961,0,0,0
85134,0,0,0
241192,0,0,0
100593,0,0,0
57010,0,0,0
91004,0,0,0
153763,0,0,0
98663,0,0,0
386390,0,0,0
388128,0,0,0
271385,0,0,0
362197,0,0,0
21619,0,0,0
74203,0,0,0
292313,0,0,0
292332,0,0,0
169894,0,0,0
98883,0,0,0
277050,0,0,0
331649,0,0,0
361858,0,0,0
285108,0,0,0
396972,0,0,0
67473,0,0,0
84945,0,0,0
376052,0,0,0
97189,0,0,0
278400,0,0,0
180121,0,0,0
127155,0,0,0
140046,0,0,0
192299,0,0,0
36325,0,0,0
175244,0,0,0
305551,0,0,0
233070,0,0,0
76265,0,0,0
165416,0,0,0
137716,0,0,0
182587,0,0,0
342650,0,0,0
408284,0,0,0
21262,0,0,0
68164,0,0,0
101812,0,0,0
191236,0,0,0
402384,0,0,0
399742,0,0,0
75665,0,0,0
36874,0,0,0
403718,0,0,0
104868,0,0,0
313843,0,0,0
24171,0,0,0
257652,0,0,0
300617,0,0,0
216750,0,0,0
334226,0,0,0
224631,0,0,0
291599,0,0,0
37511,0,0,0
294522,0,0,0
136488,0,0,0
208807,0,0,0
23632,0,0,0
226934,0,0,0
394801,0,0,0
236423,0,0,0
33786,0,0,0
31788,0,0,0
252170,0,0,0
355515,0,0,0
114528,0,0,0
410291,0,0,0
295140,0,0,0
365002,0,0,0
248448,0,0,0
399808,0,0,0
218480,0,0,0
70342,0,0,0
350670,0,0,0
380295,0,0,0
116265,0,0,0
117840,0,0,0
55731,0,0,0
365102,0,0,0
61478,0,0,0
200996,0,0,0
90681,0,0,0
149560,0,0,0
187445,0,0,0
135710,0,0,0
252029,0,0,0
225177,0,0,0
119292,0,0,0
340876,0,0,0
274088,0,0,0
197692,0,0,0
133830,0,0,0
78738,0,0,0
237172,0,0,0
151588,0,0,0
242550,0,0,0
63372,0,0,0
227193,0,0,0
249599,0,0,0
198490,0,0,0
347488,0,0,0
111177,0,0,0
163700,0,0,0
271378,0,0,0
216992,0,0,0
265769,0,0,0
70204,0,0,0
150920,0,0,0
341768,0,0,0
139918,0,0,0
400911,0,0,0
383490,0,0,0
96345,0,0,0
243333,0,0,0
169273,0,0,0
241261,0,0,0
409344,0,0,0
327695,0,0,0
272358,0,0,0
266781,0,0,0
213595,0,0,0
298641,0,0,0
165552,0,0,0
223138,0,0,0
240538,0,0,0
19324,0,0,0
387548,0,0,0
304551,0,0,0
214490,0,0,0
225327,0,0,0
128033,0,0,0
48456,0,0,0
323720,0,0,0
307295,0,0,0
170372,0,0,0
125095,0,0,0
30231,0,0,0
237533,0,0,0
373585,0,0,0
33375,0,0,0
370927,0,0,0
334451,0,0,0
281069,0,0,0
390329,0,0,0
350055,0,0,0
364409,0,0,0
67710,0,0,0
383167,0,0,0
221543,0,0,0
118637,0,0,0
259210,0,0,0
107565,0,0,0
157236,0,0,0
270483,0,0,0
36350,0,0,0
253811,0,0,0
189809,0,0,0
369459,0,0,0
267926,0,0,0
105936,0,0,0
397667,0,0,0
218681,0,0,0
53075,0,0,0
384359,0,0,0
3792,0,0,0
219912,0,0,0
221606,0,0,0
4019,0,0,0
404785,0,0,0
154790,0,0,0
122263,0,0,0
329358,0,0,0
193326,0,0,0
318804,0,0,0
144357,0,0,0
188912,0,0,0
222206,0,0,0
388531,0,0,0
141243,0,0,0
229740,0,0,0
382799,0,0,0
132563,0,0,0
193973,0,0,0
65560,0,0,0
168932,0,0,0
371595,0,0,0
243713,0,0,0
196803,0,0,0
24258,0,0,0
114374,0,0,0
361752,0,0,0
9259,0,0,0
348265,0,0,0
33081,0,0,0
186450,0,0,0
179782,0,0,0
48395,0,0,0
280171,0,0,0
10923,0,0,0
122960,0,0,0
343897,0,0,0
78370,0,0,0
47243,0,0,0
125413,0,0,0
138556,0,0,0
212910,0,0,0
169257,0,0,0
148950,0,0,0
143005,0,0,0
353361,0,0,0
313107,0,0,0
301031,0,0,0
26358,0,0,0
33192,0,0,0
204122,0,0,0
84467,0,0,0
77370,0,0,0
33346,0,0,0
102074,0,0,0
177694,0,0,0
161549,0,0,0
283134,0,0,0
138481,0,0,0
280875,0,0,0
374983,0,0,0
227667,0,0,0
167079,0,0,0
3567,0,0,0
295083,0,0,0
382030,0,0,0
106486,0,0,0
131686,0,0,0
166793,0,0,0
348137,0,0,0
40588,0,0,0
317948,0,0,0
144028,0,0,0
72985,0,0,0
205208,0,0,0
80038,0,0,0
230913,0,0,0
326176,0,0,0
225497,0,0,0
309862,0,0,0
174204,0,0,0
21196,0,0,0
184485,0,0,0
380821,0,0,0
44971,0,0,0
124265,0,0,0
273744,0,0,0
80301,0,0,0
250720,0,0,0
220964,0,0,0
158723,0,0,0
384882,0,0,0
231809,0,0,0
359163,0,0,0
202814,0,0,0
155547,0,0,0
133651,0,0,0
350812,0,0,0
282122,0,0,0
264918,0,0,0
227070,0,0,0
253087,0,0,0
4055,0,0,0
269836,0,0,0
369065,0,0,0
232175,0,0,0
13615,0,0,0
21782,0,0,0
190588,0,0,0
19757,0,0,0
272556,0,0,0
61643,0,0,0
201229,0,0,0
258533,0,0,0
317028,0,0,0
266386,0,0,0
82282,0,0,0
391971,0,0,0
163350,0,0,0
119453,0,0,0
273877,0,0,0
67413,0,0,0
46935,0,0,0
47880,0,0,0
161772,0,0,0
170457,0,0,0
357385,0,0,0
8730,0,0,0
23920,0,0,0
110859,0,0,0
27841,0,0,0
192848,0,0,0
51232,0,0,0
408179,0,0,0
37420,0,0,0
93836,0,0,0
231981,0,0,0
359668,0,0,0
324080,0,0,0
200938,0,0,0
340488,0,0,0
8566,0,0,0
398312,0,0,0
132271,0,0,0
343559,0,0,0
145038,0,0,0
185203,0,0,0
307492,0,0,0
342841,0,0,0
158451,0,0,0
301600,0,0,0
139335,0,0,0
61056,0,0,0
103275,0,0,0
159820,0,0,0
144216,0,0,0
242891,0,0,0
364198,0,0,0
342584,0,0,0
147754,0,0,0
356330,0,0,0
44682,0,0,0
49191,0,0,0
366451,0,0,0
216334,0,0,0
205758,0,0,0
133454,0,0,0
275842,0,0,0
57620,0,0,0
345877,0,0,0
40170,0,0,0
406899,0,0,0
198467,0,0,0
90263,0,0,0
99130,0,0,0
178023,0,0,0
107808,0,0,0
122019,0,0,0
303696,0,0,0
299291,0,0,0
85730,0,0,0
185346,0,0,0
225260,0,0,0
31710,0,0,0
107169,0,0,0
294416,0,0,0
157487,0,0,0
162613,0,0,0
410642,0,0,0
114705,0,0,0
375173,0,0,0
315861,0,0,0
268935,0,0,0
175266,0,0,0
232480,0,0,0
108218,0,0,0
176429,0,0,0
183149,0,0,0
343642,0,0,0
280895,0,0,0
394903,0,0,0
394670,0,0,0
263792,0,0,0
269941,0,0,0
110956,0,0,0
247608,0,0,0
320471,0,0,0
169339,0,0,0
381106,0,0,0
31351,0,0,0
318599,0,0,0
7967,0,0,0
408241,0,0,0
403921,0,0,0
409327,0,0,0
271707,0,0,0
324681,0,0,0
179285,0,0,0
116289,0,0,0
218156,0,0,0
74411,0,0,0
98991,0,0,0
159876,0,0,0
321573,0,0,0
199525,0,0,0
57172,0,0,0
74928,0,0,0
389972,0,0,0
374844,0,0,0
257677,0,0,0
35666,0,0,0
162520,0,0,0
206627,0,0,0
343504,0,0,0
72173,0,0,0
205618,0,0,0
371630,0,0,0
58553,0,0,0
296639,0,0,0
9203,0,0,0
14260,0,0,0
105276,0,0,0
166979,0,0,0
377688,0,0,0
184609,0,0,0
140928,0,0,0
312256,0,0,0
137471,0,0,0
248926,0,0,0
399734,0,0,0
279986,0,0,0
219242,0,0,0
347455,0,0,0
31789,0,0,0
278552,0,0,0
181938,0,0,0
327119,0,0,0
14522,0,0,0
236836,0,0,0
211067,0,0,0
409571,0,0,0
370414,0,0,0
181960,0,0,0
257616,0,0,0
75598,0,0,0
114575,0,0,0
185129,0,0,0
78239,0,0,0
148939,0,0,0
248053,0,0,0
73710,0,0,0
25738,0,0,0
359119,0,0,0
309874,0,0,0
181908,0,0,0
298030,0,0,0
9555,0,0,0
19361,0,0,0
145910,0,0,0
354823,0,0,0
134686,0,0,0
315538,0,0,0
13940,0,0,0
16768,0,0,0
245271,0,0,0
230723,0,0,0
255602,0,0,0
161667,0,0,0
394657,0,0,0
87194,0,0,0
45820,0,0,0
5748,0,0,0
307598,0,0,0
396202,0,0,0
294363,0,0,0
342396,0,0,0
99453,0,0,0
118677,0,0,0
382016,0,0,0
130276,0,0,0
360896,0,0,0
348357,0,0,0
21194,0,0,0
217671,0,0,0
228989,0,0,0
78167,0,0,0
233991,0,0,0
23605,0,0,0
251582,0,0,0
358286,0,0,0
65744,0,0,0
23865,0,0,0
288997,0,0,0
97630,0,0,0
71502,0,0,0
360925,0,0,0
387694,0,0,0
71078,0,0,0
410983,0,0,0
403807,0,0,0
127034,0,0,0
344913,0,0,0
199945,0,0,0
92268,0,0,0
5380,0,0,0
319524,0,0,0
200045,0,0,0
225222,0,0,0
165522,0,0,0
399669,0,0,0
193905,0,0,0
300983,0,0,0
267783,0,0,0
213281,0,0,0
221709,0,0,0
356275,0,0,0
24925,0,0,0
121475,0,0,0
33298,0,0,0
308843,0,0,0
100559,0,0,0
175724,0,0,0
297758,0,0,0
380008,0,0,0
332387,0,0,0
287122,0,0,0
250362,0,0,0
27219,0,0,0
119824,0,0,0
120437,0,0,0
393549,0,0,0
354068,0,0,0
15868,0,0,0
241052,0,0,0
326105,0,0,0
151498,0,0,0
328933,0,0,0
214418,0,0,0
210936,0,0,0
311086,0,0,0
283526,0,0,0
244464,0,0,0
11133,0,0,0
187107,0,0,0
72098,0,0,0
40782,0,0,0
376151,0,0,0
272924,0,0,0
195069,0,0,0
14392,0,0,0
263632,0,0,0
48785,0,0,0
256004,0,0,0
391344,0,0,0
76803,0,0,0
104070,0,0,0
84451,0,0,0
397064,0,0,0
57108,0,0,0
266867,0,0,0
392349,0,0,0
115909,0,0,0
8427,0,0,0
375860,0,0,0
364870,0,0,0
363133,0,0,0
6072,0,0,0
312264,0,0,0
314780,0,0,0
352838,0,0,0
377814,0,0,0
195738,0,0,0
189901,0,0,0
319134,0,0,0
227626,0,0,0
327812,0,0,0
237014,0,0,0
170365,0,0,0
173434,0,0,0
246526,0,0,0
281344,0,0,0
74220,0,0,0
30141,0,0,0
328515,0,0,0
324904,0,0,0
323256,0,0,0
393434,0,0,0
27304,0,0,0
340695,0,0,0
106681,0,0,0
330829,0,0,0
83780,0,0,0
92939,0,0,0
273404,0,0,0
218127,0,0,0
294399,0,0,0
102999,0,0,0
39451,0,0,0
5990,0,0,0
17283,0,0,0
341233,0,0,0
190093,0,0,0
235474,0,0,0
147362,0,0,0
297877,0,0,0
264940,0,0,0
142578,0,0,0
55938,0,0,0
351560,0,0,0
341127,0,0,0
89106,0,0,0
28522,0,0,0
321601,0,0,0
99339,0,0,0
216702,0,0,0
239972,0,0,0
93226,0,0,0
60271,0,0,0
184521,0,0,0
289372,0,0,0
141934,0,0,0
42227,0,0,0
199884,0,0,0
404153,0,0,0
101372,0,0,0
127960,0,0,0
277782,0,0,0
305603,0,0,0
338372,0,0,0
343001,0,0,0
390358,0,0,0
352102,0,0,0
392438,0,0,0
53370,0,0,0
326012,0,0,0
212924,0,0,0
102620,0,0,0
114269,0,0,0
301365,0,0,0
266505,0,0,0
243735,0,0,0
206300,0,0,0
299404,0,0,0
105912,0,0,0
100271,0,0,0
276919,0,0,0
234137,0,0,0
198742,0,0,0
99403,0,0,0
99263,0,0,0
44188,0,0,0
78901,0,0,0
15661,0,0,0
51697,0,0,0
245595,0,0,0
364053,0,0,0
397668,0,0,0
199428,0,0,0
162806,0,0,0
369011,0,0,0
409939,0,0,0
171956,0,0,0
150601,0,0,0
216878,0,0,0
337698,0,0,0
233071,0,0,0
348024,0,0,0
258561,0,0,0
138408,0,0,0
358936,0,0,0
83443,0,0,0
282209,0,0,0
363950,0,0,0
389759,0,0,0
171774,0,0,0
117420,0,0,0
134729,0,0,0
209790,0,0,0
191354,0,0,0
207818,0,0,0
221150,0,0,0
53913,0,0,0
329889,0,0,0
387333,0,0,0
39247,0,0,0
341313,0,0,0
66366,0,0,0
384658,0,0,0
104883,0,0,0
379156,0,0,0
213212,0,0,0
222000,0,0,0
17661,0,0,0
145009,0,0,0
111950,0,0,0
31838,0,0,0
347429,0,0,0
59269,0,0,0
41034,0,0,0
62349,0,0,0
307048,0,0,0
228350,0,0,0
151586,0,0,0
288894,0,0,0
34024,0,0,0
86443,0,0,0
358713,0,0,0
319290,0,0,0
85864,0,0,0
189415,0,0,0
27178,0,0,0
307193,0,0,0
281615,0,0,0
58723,0,0,0
166262,0,0,0
94130,0,0,0
269096,0,0,0
305173,0,0,0
306450,0,0,0
242861,0,0,0
196382,0,0,0
335970,0,0,0
123872,0,0,0
92025,0,0,0
83115,0,0,0
359215,0,0,0
90335,0,0,0
217729,0,0,0
231975,0,0,0
224289,0,0,0
121163,0,0,0
81820,0,0,0
408413,0,0,0
208715,0,0,0
192145,0,0,0
235954,0,0,0
313212,0,0,0
386638,0,0,0
355367,0,0,0
239440,0,0,0
87648,0,0,0
49249,0,0,0
36630,0,0,0
238372,0,0,0
353095,0,0,0
95871,0,0,0
379232,0,0,0
342214,0,0,0
62000,0,0,0
119898,0,0,0
398264,0,0,0
227195,0,0,0
164703,0,0,0
377566,0,0,0
97769,0,0,0
373399,0,0,0
161892,0,0,0
322596,0,0,0
229304,0,0,0
74109,0,0,0
316182,0,0,0
309227,0,0,0
125056,0,0,0
30718,0,0,0
119389,0,0,0
238645,0,0,0
114959,0,0,0
253334,0,0,0
41011,0,0,0
211990,0,0,0
162071,0,0,0
326866,0,0,0
118906,0,0,0
159956,0,0,0
377868,0,0,0
94906,0,0,0
156699,0,0,0
145942,0,0,0
255146,0,0,0
204419,0,0,0
129432,0,0,0
74467,0,0,0
374865,0,0,0
104316,0,0,0
391995,0,0,0
143602,0,0,0
186417,0,0,0
315036,0,0,0
333658,0,0,0
59045,0,0,0
146149,0,0,0
91076,0,0,0
87432,0,0,0
201223,0,0,0
90575,0,0,0
389863,0,0,0
372750,0,0,0
282807,0,0,0
349009,0,0,0
129118,0,0,0
278582,0,0,0
242717,0,0,0
63305,0,0,0
207049,0,0,0
109692,0,0,0
285076,0,0,0
316555,0,0,0
282286,0,0,0
70610,0,0,0
173331,0,0,0
235436,0,0,0
43356,0,0,0
73352,0,0,0
88496,0,0,0
149202,0,0,0
298988,0,0,0
197535,0,0,0
378279,0,0,0
352893,0,0,0
176002,0,0,0
164877,0,0,0
153468,0,0,0
200244,0,0,0
354483,0,0,0
159190,0,0,0
150693,0,0,0
117458,0,0,0
144615,0,0,0
380177,0,0,0
51996,0,0,0
188422,0,0,0
181817,0,0,0
111018,0,0,0
115529,0,0,0
87652,0,0,0
166928,0,0,0
226818,0,0,0
54188,0,0,0
161119,0,0,0
187823,0,0,0
327357,0,0,0
345758,0,0,0
31297,0,0,0
167493,0,0,0
272598,0,0,0
321807,0,0,0
40293,0,0,0
127826,0,0,0
247511,0,0,0
82710,0,0,0
44149,0,0,0
147412,0,0,0
103587,0,0,0
406719,0,0,0
128158,0,0,0
117394,0,0,0
315201,0,0,0
110494,0,0,0
19791,0,0,0
310507,0,0,0
145836,0,0,0
272190,0,0,0
233442,0,0,0
302106,0,0,0
275516,0,0,0
309233,0,0,0
319678,0,0,0
123359,0,0,0
170556,0,0,0
248185,0,0,0
151700,0,0,0
291093,0,0,0
272850,0,0,0
391986,0,0,0
145217,0,0,0
189139,0,0,0
256418,0,0,0
235953,0,0,0
1260,0,0,0
346143,0,0,0
317678,0,0,0
255029,0,0,0
27015,0,0,0
7272,0,0,0
242357,0,0,0
120299,0,0,0
243066,0,0,0
90975,0,0,0
265376,0,0,0
228173,0,0,0
187072,0,0,0
295401,0,0,0
318197,0,0,0
243414,0,0,0
184237,0,0,0
161755,0,0,0
117042,0,0,0
90355,0,0,0
79491,0,0,0
319919,0,0,0
181538,0,0,0
266763,0,0,0
262934,0,0,0
122419,0,0,0
38123,0,0,0
372874,0,0,0
83649,0,0,0
84551,0,0,0
399031,0,0,0
314041,0,0,0
152481,0,0,0
303524,0,0,0
144326,0,0,0
325915,0,0,0
119089,0,0,0
80344,0,0,0
238149,0,0,0
203431,0,0,0
38395,0,0,0
61433,0,0,0
341386,0,0,0
150190,0,0,0
332362,0,0,0
406564,0,0,0
403947,0,0,0
311258,0,0,0
301669,0,0,0
112692,0,0,0
301088,0,0,0
233906,0,0,0
97447,0,0,0
202288,0,0,0
274601,0,0,0
56321,0,0,0
323403,0,0,0
231459,0,0,0
125156,0,0,0
258372,0,0,0
285419,0,0,0
343053,0,0,0
170172,0,0,0
248063,0,0,0
143290,0,0,0
331087,0,0,0
216494,0,0,0
181387,0,0,0
8510,0,0,0
268299,0,0,0
244148,0,0,0
111080,0,0,0
98196,0,0,0
2982,0,0,0
214939,0,0,0
10372,0,0,0
32711,0,0,0
10443,0,0,0
7254,0,0,0
132476,0,0,0
224592,0,0,0
51174,0,0,0
238151,0,0,0
134274,0,0,0
130366,0,0,0
106525,0,0,0
153569,0,0,0
195304,0,0,0
146600,0,0,0
67842,0,0,0
82873,0,0,0
122665,0,0,0
65381,0,0,0
344323,0,0,0
368545,0,0,0
184534,0,0,0
17127,0,0,0
335702,0,0,0
364304,0,0,0
108457,0,0,0
52621,0,0,0
317903,0,0,0
334293,0,0,0
271254,0,0,0
266672,0,0,0
170427,0,0,0
369424,0,0,0
187357,0,0,0
276462,0,0,0
199449,0,0,0
371183,0,0,0
222911,0,0,0
76621,0,0,0
227430,0,0,0
378149,0,0,0
48468,0,0,0
71165,0,0,0
363204,0,0,0
384261,0,0,0
243691,0,0,0
353664,0,0,0
226002,0,0,0
268779,0,0,0
77265,0,0,0
85306,0,0,0
250610,0,0,0
12165,0,0,0
335070,0,0,0
394088,0,0,0
337202,0,0,0
402615,0,0,0
341052,0,0,0
210970,0,0,0
238485,0,0,0
407280,0,0,0
384058,0,0,0
359292,0,0,0
3868,0,0,0
255804,0,0,0
8305,0,0,0
277507,0,0,0
216749,0,0,0
201581,0,0,0
232657,0,0,0
137899,0,0,0
55397,0,0,0
45139,0,0,0
97135,0,0,0
226289,0,0,0
2520,0,0,0
331260,0,0,0
85237,0,0,0
181307,0,0,0
313362,0,0,0
291333,0,0,0
49402,0,0,0
193129,0,0,0
228513,0,0,0
251729,0,0,0
239259,0,0,0
314817,0,0,0
104611,0,0,0
254931,0,0,0
1477,0,0,0
135277,0,0,0
208960,0,0,0
301814,0,0,0
339251,0,0,0
112023,0,0,0
141434,0,0,0
200179,0,0,0
368494,0,0,0
61833,0,0,0
193631,0,0,0
182828,0,0,0
178730,0,0,0
301086,0,0,0
26714,0,0,0
216210,0,0,0
374975,0,0,0
222628,0,0,0
166765,0,0,0
184148,0,0,0
245812,0,0,0
230761,0,0,0
386715,0,0,0
59079,0,0,0
162482,0,0,0
373887,0,0,0
4672,0,0,0
398915,0,0,0
13498,0,0,0
303689,0,0,0
176420,0,0,0
123593,0,0,0
244875,0,0,0
393905,0,0,0
272153,0,0,0
212063,0,0,0
264742,0,0,0
65232,0,0,0
384747,0,0,0
7894,0,0,0
325943,0,0,0
163157,0,0,0
311097,0,0,0
199318,0,0,0
122318,0,0,0
308295,0,0,0
132891,0,0,0
159062,0,0,0
213965,0,0,0
164417,0,0,0
70231,0,0,0
40724,0,0,0
31931,0,0,0
123989,0,0,0
359645,0,0,0
357782,0,0,0
85346,0,0,0
285066,0,0,0
167398,0,0,0
359322,0,0,0
375058,0,0,0
287133,0,0,0
156322,0,0,0
100331,0,0,0
51654,0,0,0
28950,0,0,0
198273,0,0,0
113375,0,0,0
82499,0,0,0
89364,0,0,0
327419,0,0,0
110453,0,0,0
301273,0,0,0
167363,0,0,0
375782,0,0,0
157574,0,0,0
153768,0,0,0
198691,0,0,0
205414,0,0,0
39174,0,0,0
283320,0,0,0
133010,0,0,0
279421,0,0,0
109863,0,0,0
375497,0,0,0
12915,0,0,0
339615,0,0,0
313675,0,0,0
65036,0,0,0
291672,0,0,0
14698,0,0,0
344085,0,0,0
139532,0,0,0
246759,0,0,0
138836,0,0,0
110978,0,0,0
75461,0,0,0
410752,0,0,0
332101,0,0,0
53915,0,0,0
338846,0,0,0
343253,0,0,0
76493,0,0,0
280963,0,0,0
214717,0,0,0
405834,0,0,0
218609,0,0,0
396973,0,0,0
377807,0,0,0
293039,0,0,0
409164,0,0,0
411415,0,0,0
246791,0,0,0
394403,0,0,0
239549,0,0,0
334881,0,0,0
51505,0,0,0
184575,0,0,0
313782,0,0,0
69670,0,0,0
24144,0,0,0
242793,0,0,0
52498,0,0,0
293588,0,0,0
386563,0,0,0
6252,0,0,0
150083,0,0,0
201862,0,0,0
45092,0,0,0
215676,0,0,0
397807,0,0,0
119885,0,0,0
298745,0,0,0
347661,0,0,0
121728,0,0,0
34005,0,0,0
47261,0,0,0
317740,0,0,0
256270,0,0,0
88821,0,0,0
287365,0,0,0
72624,0,0,0
182013,0,0,0
269646,0,0,0
285084,0,0,0
143686,0,0,0
128803,0,0,0
362022,0,0,0
30606,0,0,0
388306,0,0,0
385932,0,0,0
89655,0,0,0
115272,0,0,0
79899,0,0,0
76818,0,0,0
184076,0,0,0
251840,0,0,0
116549,0,0,0
323385,0,0,0
17321,0,0,0
205996,0,0,0
265893,0,0,0
30488,0,0,0
137974,0,0,0
268685,0,0,0
117980,0,0,0
149354,0,0,0
278751,0,0,0
37853,0,0,0
134292,0,0,0
320685,0,0,0
357705,0,0,0
400089,0,0,0
157475,0,0,0
17750,0,0,0
186288,0,0,0
82861,0,0,0
211982,0,0,0
303952,0,0,0
137673,0,0,0
394080,0,0,0
266042,0,0,0
230226,0,0,0
138371,0,0,0
115895,0,0,0
122428,0,0,0
47963,0,0,0
21100,0,0,0
294319,0,0,0
358359,0,0,0
6833,0,0,0
176390,0,0,0
259842,0,0,0
406600,0,0,0
71604,0,0,0
91316,0,0,0
165243,0,0,0
102104,0,0,0
300863,0,0,0
231856,0,0,0
407094,0,0,0
307255,0,0,0
30943,0,0,0
244106,0,0,0
209271,0,0,0
318767,0,0,0
17249,0,0,0
309375,0,0,0
149182,0,0,0
162786,0,0,0
375712,0,0,0
323875,0,0,0
159621,0,0,0
213428,0,0,0
347280,0,0,0
202256,0,0,0
44569,0,0,0
136988,0,0,0
77549,0,0,0
152428,0,0,0
381994,0,0,0
256101,0,0,0
351644,0,0,0
307565,0,0,0
214243,0,0,0
382104,0,0,0
235597,0,0,0
14421,0,0,0
298859,0,0,0
259988,0,0,0
282864,0,0,0
130282,0,0,0
191209,0,0,0
356350,0,0,0
114681,0,0,0
35589,0,0,0
339109,0,0,0
370637,0,0,0
22455,0,0,0
271271,0,0,0
326315,0,0,0
154731,0,0,0
106159,0,0,0
250851,0,0,0
120700,0,0,0
143336,0,0,0
248744,0,0,0
312617,0,0,0
363777,0,0,0
158495,0,0,0
8711,0,0,0
293019,0,0,0
187558,0,0,0
260818,0,0,0
63861,0,0,0
104596,0,0,0
357925,0,0,0
367191,0,0,0
289499,0,0,0
343631,0,0,0
197218,0,0,0
212248,0,0,0
385635,0,0,0
100967,0,0,0
91555,0,0,0
197390,0,0,0
395598,0,0,0
204312,0,0,0
339049,0,0,0
185542,0,0,0
7331,0,0,0
377119,0,0,0
216015,0,0,0
374883,0,0,0
342221,0,0,0
66200,0,0,0
327391,0,0,0
169323,0,0,0
109614,0,0,0
328457,0,0,0
280722,0,0,0
346607,0,0,0
298140,0,0,0
149957,0,0,0
308711,0,0,0
57836,0,0,0
283425,0,0,0
4522,0,0,0
17394,0,0,0
188974,0,0,0
275366,0,0,0
133074,0,0,0
153725,0,0,0
126168,0,0,0
275135,0,0,0
49772,0,0,0
75653,0,0,0
169740,0,0,0
272842,0,0,0
138752,0,0,0
119754,0,0,0
93832,0,0,0
84281,0,0,0
366364,0,0,0
29724,0,0,0
266045,0,0,0
151944,0,0,0
118266,0,0,0
278594,0,0,0
179708,0,0,0
13827,0,0,0
343604,0,0,0
347217,0,0,0
293540,0,0,0
27182,0,0,0
331131,0,0,0
258006,0,0,0
228137,0,0,0
51258,0,0,0
368649,0,0,0
99163,0,0,0
400747,0,0,0
341190,0,0,0
359633,0,0,0
126839,0,0,0
198017,0,0,0
111201,0,0,0
89150,0,0,0
395880,0,0,0
146875,0,0,0
327787,0,0,0
116685,0,0,0
156093,0,0,0
392545,0,0,0
386400,0,0,0
296671,0,0,0
276764,0,0,0
45425,0,0,0
330175,0,0,0
396779,0,0,0
53196,0,0,0
134954,0,0,0
240950,0,0,0
51900,0,0,0
178389,0,0,0
404691,0,0,0
81128,0,0,0
289726,0,0,0
399885,0,0,0
14291,0,0,0
289273,0,0,0
142553,0,0,0
365780,0,0,0
139090,0,0,0
271231,0,0,0
195423,0,0,0
371020,0,0,0
363026,0,0,0
21281,0,0,0
401278,0,0,0
8595,0,0,0
311472,0,0,0
91038,0,0,0
253990,0,0,0
282191,0,0,0
234763,0,0,0
385800,0,0,0
3450,0,0,0
217368,0,0,0
399648,0,0,0
218645,0,0,0
327185,0,0,0
118143,0,0,0
77376,0,0,0
344614,0,0,0
44325,0,0,0
221195,0,0,0
282575,0,0,0
210337,0,0,0
357771,0,0,0
221755,0,0,0
344925,0,0,0
373690,0,0,0
251141,0,0,0
105036,0,0,0
254857,0,0,0
57503,0,0,0
304335,0,0,0
269136,0,0,0
272851,0,0,0
43232,0,0,0
202971,0,0,0
378056,0,0,0
263760,0,0,0
122680,0,0,0
23301,0,0,0
13169,0,0,0
284608,0,0,0
17167,0,0,0
67239,0,0,0
161829,0,0,0
186804,0,0,0
327197,0,0,0
145821,0,0,0
63906,0,0,0
333140,0,0,0
97641,0,0,0
258413,0,0,0
81097,0,0,0
251714,0,0,0
360126,0,0,0
130080,0,0,0
119954,0,0,0
202230,0,0,0
154417,0,0,0
235451,0,0,0
258178,0,0,0
73189,0,0,0
16275,0,0,0
145620,0,0,0
313551,0,0,0
50284,0,0,0
218606,0,0,0
5643,0,0,0
350663,0,0,0
359561,0,0,0
167357,0,0,0
241793,0,0,0
70368,0,0,0
86534,0,0,0
337161,0,0,0
133111,0,0,0
153038,0,0,0
73293,0,0,0
154836,0,0,0
298192,0,0,0
250119,0,0,0
30040,0,0,0
198765,0,0,0
393918,0,0,0
71412,0,0,0
194047,0,0,0
161475,0,0,0
264495,0,0,0
12704,0,0,0
302255,0,0,0
274257,0,0,0
170387,0,0,0
72775,0,0,0
242114,0,0,0
209474,0,0,0
384281,0,0,0
166349,0,0,0
79249,0,0,0
230705,0,0,0
135378,0,0,0
361296,0,0,0
199178,0,0,0
166196,0,0,0
170665,0,0,0
235076,0,0,0
158082,0,0,0
406440,0,0,0
281313,0,0,0
291423,0,0,0
88966,0,0,0
277058,0,0,0
64920,0,0,0
305746,0,0,0
335347,0,0,0
157528,0,0,0
292041,0,0,0
139805,0,0,0
33851,0,0,0
45444,0,0,0
392275,0,0,0
337382,0,0,0
256237,0,0,0
340356,0,0,0
391314,0,0,0
343237,0,0,0
222053,0,0,0
321870,0,0,0
276422,0,0,0
87638,0,0,0
330719,0,0,0
136837,0,0,0
331655,0,0,0
164649,0,0,0
383621,0,0,0
348252,0,0,0
373267,0,0,0
251110,0,0,0
334535,0,0,0
56589,0,0,0
392681,0,0,0
378453,0,0,0
109426,0,0,0
369958,0,0,0
293331,0,0,0
226053,0,0,0
302491,0,0,0
41079,0,0,0
242674,0,0,0
185931,0,0,0
329347,0,0,0
340019,0,0,0
310839,0,0,0
233142,0,0,0
9739,0,0,0
320419,0,0,0
405995,0,0,0
227644,0,0,0
164379,0,0,0
369541,0,0,0
44551,0,0,0
356244,0,0,0
50867,0,0,0
21480,0,0,0
84970,0,0,0
231761,0,0,0
223634,0,0,0
307200,0,0,0
234887,0,0,0
180508,0,0,0
225710,0,0,0
201430,0,0,0
353835,0,0,0
386758,0,0,0
373944,0,0,0
226399,0,0,0
90137,0,0,0
58764,0,0,0
360373,0,0,0
176857,0,0,0
376020,0,0,0
47173,0,0,0
7498,0,0,0
263466,0,0,0
17860,0,0,0
51057,0,0,0
315467,0,0,0
224848,0,0,0
153641,0,0,0
190699,0,0,0
369040,0,0,0
266837,0,0,0
169226,0,0,0
317796,0,0,0
236738,0,0,0
28288,0,0,0
41224,0,0,0
372719,0,0,0
322905,0,0,0
61211,0,0,0
304180,0,0,0
150030,0,0,0
337252,0,0,0
397006,0,0,0
184027,0,0,0
10505,0,0,0
144150,0,0,0
163221,0,0,0
396166,0,0,0
133014,0,0,0
72908,0,0,0
126339,0,0,0
140135,0,0,0
238790,0,0,0
208193,0,0,0
341740,0,0,0
287170,0,0,0
398633,0,0,0
143625,0,0,0
312278,0,0,0
399419,0,0,0
23533,0,0,0
20973,0,0,0
118659,0,0,0
339828,0,0,0
179294,0,0,0
357783,0,0,0
163270,0,0,0
78895,0,0,0
179187,0,0,0
88075,0,0,0
224679,0,0,0
261150,0,0,0
106684,0,0,0
261791,0,0,0
357687,0,0,0
321519,0,0,0
62565,0,0,0
59940,0,0,0
1005,0,0,0
276917,0,0,0
129978,0,0,0
311357,0,0,0
316608,0,0,0
205418,0,0,0
30524,0,0,0
220620,0,0,0
153222,0,0,0
278224,0,0,0
71560,0,0,0
63903,0,0,0
155403,0,0,0
113908,0,0,0
218469,0,0,0
206615,0,0,0
184291,0,0,0
228128,0,0,0
325959,0,0,0
263616,0,0,0
42818,0,0,0
116254,0,0,0
275018,0,0,0
343491,0,0,0
67804,0,0,0
170471,0,0,0
171590,0,0,0
359246,0,0,0
122719,0,0,0
303247,0,0,0
143254,0,0,0
357460,0,0,0
14503,0,0,0
286516,0,0,0
242948,0,0,0
3565,0,0,0
22509,0,0,0
88408,0,0,0
326763,0,0,0
371232,0,0,0
363086,0,0,0
336313,0,0,0
267055,0,0,0
295645,0,0,0
377667,0,0,0
25925,0,0,0
18697,0,0,0
212831,0,0,0
167198,0,0,0
289522,0,0,0
105129,0,0,0
64849,0,0,0
271534,0,0,0
268176,0,0,0
395391,0,0,0
224329,0,0,0
205279,0,0,0
301215,0,0,0
92761,0,0,0
363621,0,0,0
373396,0,0,0
224371,0,0,0
308240,0,0,0
380653,0,0,0
88766,0,0,0
105686,0,0,0
138205,0,0,0
185554,0,0,0
176365,0,0,0
326841,0,0,0
10001,0,0,0
250092,0,0,0
48600,0,0,0
310651,0,0,0
84829,0,0,0
335134,0,0,0
27450,0,0,0
61969,0,0,0
68207,0,0,0
185548,0,0,0
5803,0,0,0
408944,0,0,0
105188,0,0,0
312602,0,0,0
275097,0,0,0
156219,0,0,0
273179,0,0,0
318211,0,0,0
317553,0,0,0
246613,0,0,0
8383,0,0,0
191768,0,0,0
186621,0,0,0
215118,0,0,0
329510,0,0,0
315348,0,0,0
129908,0,0,0
41414,0,0,0
381905,0,0,0
352484,0,0,0
6051,0,0,0
314036,0,0,0
271089,0,0,0
137388,0,0,0
399082,0,0,0
237528,0,0,0
365466,0,0,0
302141,0,0,0
148608,0,0,0
369994,0,0,0
68049,0,0,0
30005,0,0,0
111662,0,0,0
140646,0,0,0
239409,0,0,0
235400,0,0,0
279691,0,0,0
251613,0,0,0
356611,0,0,0
310269,0,0,0
275776,0,0,0
303913,0,0,0
393003,0,0,0
262229,0,0,0
16093,0,0,0
4321,0,0,0
114435,0,0,0
406771,0,0,0
376523,0,0,0
306253,0,0,0
333623,0,0,0
365526,0,0,0
294929,0,0,0
10972,0,0,0
365933,0,0,0
408087,0,0,0
66128,0,0,0
16802,0,0,0
150472,0,0,0
150059,0,0,0
198801,0,0,0
263816,0,0,0
168163,0,0,0
260706,0,0,0
155186,0,0,0
107766,0,0,0
388788,0,0,0
318543,0,0,0
96941,0,0,0
164726,0,0,0
377269,0,0,0
344775,0,0,0
271706,0,0,0
155759,0,0,0
128615,0,0,0
21031,0,0,0
323175,0,0,0
336799,0,0,0
377067,0,0,0
151490,0,0,0
45407,0,0,0
91576,0,0,0
31771,0,0,0
274372,0,0,0
5879,0,0,0
116660,0,0,0
98510,0,0,0
252565,0,0,0
306504,0,0,0
215971,0,0,0
188505,0,0,0
163697,0,0,0
362368,0,0,0
184192,0,0,0
251153,0,0,0
231496,0,0,0
156402,0,0,0
115697,0,0,0
368921,0,0,0
72607,0,0,0
244063,0,0,0
164210,0,0,0
67093,0,0,0
99059,0,0,0
7436,0,0,0
237689,0,0,0
390458,0,0,0
164916,0,0,0
134371,0,0,0
147153,0,0,0
235250,0,0,0
357711,0,0,0
397490,0,0,0
349159,0,0,0
139741,0,0,0
148420,0,0,0
163937,0,0,0
382696,0,0,0
180123,0,0,0
377579,0,0,0
34285,0,0,0
66784,0,0,0
339116,0,0,0
270170,0,0,0
372098,0,0,0
353449,0,0,0
166898,0,0,0
401893,0,0,0
151076,0,0,0
50189,0,0,0
263413,0,0,0
18984,0,0,0
211069,0,0,0
333037,0,0,0
134338,0,0,0
300367,0,0,0
230919,0,0,0
198634,0,0,0
273621,0,0,0
103556,0,0,0
370920,0,0,0
145042,0,0,0
306829,0,0,0
320215,0,0,0
27380,0,0,0
313381,0,0,0
306408,0,0,0
246235,0,0,0
375439,0,0,0
81709,0,0,0
246053,0,0,0
6744,0,0,0
406683,0,0,0
332575,0,0,0
214727,0,0,0
192090,0,0,0
169983,0,0,0
74669,0,0,0
57734,0,0,0
185054,0,0,0
345713,0,0,0
315976,0,0,0
213675,0,0,0
216938,0,0,0
4471,0,0,0
114728,0,0,0
285451,0,0,0
60871,0,0,0
135794,0,0,0
189770,0,0,0
6696,0,0,0
389734,0,0,0
93105,0,0,0
76703,0,0,0
105251,0,0,0
281433,0,0,0
405901,0,0,0
98710,0,0,0
259586,0,0,0
281648,0,0,0
122749,0,0,0
204909,0,0,0
287124,0,0,0
399729,0,0,0
137259,0,0,0
266426,0,0,0
95010,0,0,0
338696,0,0,0
237852,0,0,0
233344,0,0,0
398887,0,0,0
34842,0,0,0
20955,0,0,0
306718,0,0,0
383413,0,0,0
163409,0,0,0
151519,0,0,0
26157,0,0,0
97488,0,0,0
52130,0,0,0
83612,0,0,0
274595,0,0,0
52377,0,0,0
25006,0,0,0
175106,0,0,0
90249,0,0,0
174090,0,0,0
147056,0,0,0
134656,0,0,0
212543,0,0,0
95706,0,0,0
104638,0,0,0
304827,0,0,0
266696,0,0,0
239233,0,0,0
286611,0,0,0
182856,0,0,0
364654,0,0,0
107442,0,0,0
84250,0,0,0
257493,0,0,0
81286,0,0,0
265560,0,0,0
355133,0,0,0
378575,0,0,0
100694,0,0,0
361466,0,0,0
325559,0,0,0
313669,0,0,0
124322,0,0,0
229523,0,0,0
136572,0,0,0
269830,0,0,0
304950,0,0,0
38114,0,0,0
234214,0,0,0
53152,0,0,0
35198,0,0,0
79471,0,0,0
266542,0,0,0
41173,0,0,0
127134,0,0,0
193250,0,0,0
181457,0,0,0
71787,0,0,0
233242,0,0,0
321543,0,0,0
97694,0,0,0
240086,0,0,0
35316,0,0,0
204915,0,0,0
57062,0,0,0
211300,0,0,0
130277,0,0,0
401062,0,0,0
14357,0,0,0
294382,0,0,0
109619,0,0,0
219788,0,0,0
314247,0,0,0
357014,0,0,0
136984,0,0,0
364416,0,0,0
218257,0,0,0
318058,0,0,0
348062,0,0,0
160107,0,0,0
396503,0,0,0
254464,0,0,0
216193,0,0,0
325819,0,0,0
232308,0,0,0
374705,0,0,0
220545,0,0,0
324119,0,0,0
55803,0,0,0
180704,0,0,0
250794,0,0,0
228511,0,0,0
64929,0,0,0
81332,0,0,0
251253,0,0,0
66491,0,0,0
40889,0,0,0
388458,0,0,0
38023,0,0,0
105378,0,0,0
81016,0,0,0
219569,0,0,0
83537,0,0,0
138852,0,0,0
169092,0,0,0
26,0,0,0
188823,0,0,0
47924,0,0,0
73653,0,0,0
160907,0,0,0
351213,0,0,0
399955,0,0,0
135983,0,0,0
67391,0,0,0
75970,0,0,0
337261,0,0,0
65498,0,0,0
231691,0,0,0
27000,0,0,0
343603,0,0,0
188976,0,0,0
233912,0,0,0
359964,0,0,0
223368,0,0,0
282976,0,0,0
378930,0,0,0
204193,0,0,0
302251,0,0,0
277166,0,0,0
61814,0,0,0
158193,0,0,0
2465,0,0,0
127811,0,0,0
356176,0,0,0
55248,0,0,0
369091,0,0,0
222202,0,0,0
384746,0,0,0
315764,0,0,0
195551,0,0,0
399502,0,0,0
174009,0,0,0
285807,0,0,0
335622,0,0,0
1943,0,0,0
357169,0,0,0
78962,0,0,0
224058,0,0,0
206101,0,0,0
220555,0,0,0
254843,0,0,0
378652,0,0,0
263335,0,0,0
264812,0,0,0
252146,0,0,0
283593,0,0,0
118522,0,0,0
83596,0,0,0
392388,0,0,0
299583,0,0,0
397627,0,0,0
283826,0,0,0
193949,0,0,0
378394,0,0,0
188581,0,0,0
203566,0,0,0
163629,0,0,0
64749,0,0,0
259749,0,0,0
174564,0,0,0
252537,0,0,0
156072,0,0,0
351858,0,0,0
337815,0,0,0
328259,0,0,0
329262,0,0,0
152430,0,0,0
207731,0,0,0
318488,0,0,0
343066,0,0,0
334821,0,0,0
294478,0,0,0
236346,0,0,0
398397,0,0,0
148911,0,0,0
382607,0,0,0
30075,0,0,0
286281,0,0,0
88685,0,0,0
164109,0,0,0
327315,0,0,0
59745,0,0,0
329069,0,0,0
357584,0,0,0
94983,0,0,0
254559,0,0,0
66812,0,0,0
392134,0,0,0
293710,0,0,0
82366,0,0,0
207784,0,0,0
224334,0,0,0
330920,0,0,0
133336,0,0,0
136020,0,0,0
362955,0,0,0
116915,0,0,0
331702,0,0,0
357356,0,0,0
272740,0,0,0
309321,0,0,0
327455,0,0,0
237688,0,0,0
240320,0,0,0
159899,0,0,0
351270,0,0,0
321909,0,0,0
184597,0,0,0
129488,0,0,0
11049,0,0,0
249625,0,0,0
139396,0,0,0
80857,0,0,0
366310,0,0,0
143709,0,0,0
278226,0,0,0
315432,0,0,0
109995,0,0,0
130963,0,0,0
234799,0,0,0
55616,0,0,0
138293,0,0,0
115805,0,0,0
179884,0,0,0
102082,0,0,0
212130,0,0,0
43294,0,0,0
59550,0,0,0
37831,0,0,0
2281,0,0,0
251733,0,0,0
387423,0,0,0
330184,0,0,0
16671,0,0,0
269495,0,0,0
202603,0,0,0
324269,0,0,0
182921,0,0,0
369650,0,0,0
124931,0,0,0
166435,0,0,0
367495,0,0,0
9501,0,0,0
60226,0,0,0
405611,0,0,0
201658,0,0,0
290224,0,0,0
77272,0,0,0
138176,0,0,0
16653,0,0,0
83562,0,0,0
155404,0,0,0
330989,0,0,0
395183,0,0,0
108179,0,0,0
399943,0,0,0
200210,0,0,0
347302,0,0,0
81845,0,0,0
137640,0,0,0
2311,0,0,0
87585,0,0,0
127880,0,0,0
288891,0,0,0
395681,0,0,0
368606,0,0,0
48501,0,0,0
284538,0,0,0
294675,0,0,0
256247,0,0,0
3314,0,0,0
160478,0,0,0
64240,0,0,0
170684,0,0,0
73230,0,0,0
404203,0,0,0
151326,0,0,0
160608,0,0,0
121530,0,0,0
163644,0,0,0
138628,0,0,0
176585,0,0,0
3341,0,0,0
346980,0,0,0
387031,0,0,0
335425,0,0,0
272660,0,0,0
161305,0,0,0
4445,0,0,0
403630,0,0,0
374834,0,0,0
78989,0,0,0
199380,0,0,0
326515,0,0,0
234762,0,0,0
84967,0,0,0
209221,0,0,0
48242,0,0,0
201245,0,0,0
129921,0,0,0
217381,0,0,0
247690,0,0,0
339758,0,0,0
282809,0,0,0
376491,0,0,0
89879,0,0,0
10265,0,0,0
392716,0,0,0
96706,0,0,0
361894,0,0,0
17436,0,0,0
128217,0,0,0
386906,0,0,0
229582,0,0,0
40390,0,0,0
342776,0,0,0
236210,0,0,0
191030,0,0,0
41783,0,0,0
238275,0,0,0
31671,0,0,0
91749,0,0,0
272026,0,0,0
4066,0,0,0
90463,0,0,0
259546,0,0,0
292781,0,0,0
204132,0,0,0
271158,0,0,0
209263,0,0,0
108282,0,0,0
153598,0,0,0
114320,0,0,0
384280,0,0,0
280669,0,0,0
272866,0,0,0
332197,0,0,0
227482,0,0,0
363111,0,0,0
281330,0,0,0
296130,0,0,0
95341,0,0,0
371775,0,0,0
105155,0,0,0
105357,0,0,0
106521,0,0,0
181207,0,0,0
91023,0,0,0
230515,0,0,0
410859,0,0,0
101401,0,0,0
363467,0,0,0
46162,0,0,0
133006,0,0,0
30206,0,0,0
192066,0,0,0
68992,0,0,0
19429,0,0,0
328939,0,0,0
393277,0,0,0
152829,0,0,0
148456,0,0,0
167114,0,0,0
38290,0,0,0
357187,0,0,0
6860,0,0,0
335810,0,0,0
46199,0,0,0
355337,0,0,0
267401,0,0,0
138871,0,0,0
299624,0,0,0
261127,0,0,0
389192,0,0,0
71825,0,0,0
321774,0,0,0
89799,0,0,0
351293,0,0,0
9874,0,0,0
396240,0,0,0
214154,0,0,0
125018,0,0,0
115792,0,0,0
405986,0,0,0
345896,0,0,0
401949,0,0,0
252197,0,0,0
278008,0,0,0
310549,0,0,0
300781,0,0,0
36059,0,0,0
173856,0,0,0
184322,0,0,0
120013,0,0,0
226711,0,0,0
261617,0,0,0
93239,0,0,0
144933,0,0,0
170081,0,0,0
185133,0,0,0
298269,0,0,0
318962,0,0,0
86472,0,0,0
285164,0,0,0
406905,0,0,0
170601,0,0,0
92974,0,0,0
137029,0,0,0
107300,0,0,0
42202,0,0,0
1655,0,0,0
48452,0,0,0
388710,0,0,0
33233,0,0,0
38397,0,0,0
58116,0,0,0
51213,0,0,0
279221,0,0,0
401043,0,0,0
329423,0,0,0
147458,0,0,0
149842,0,0,0
157961,0,0,0
188862,0,0,0
132258,0,0,0
10088,0,0,0
328120,0,0,0
103818,0,0,0
53226,0,0,0
377396,0,0,0
29673,0,0,0
24603,0,0,0
241725,0,0,0
185794,0,0,0
303779,0,0,0
49903,0,0,0
298137,0,0,0
170751,0,0,0
304075,0,0,0
252373,0,0,0
124825,0,0,0
385087,0,0,0
194858,0,0,0
6736,0,0,0
16584,0,0,0
140275,0,0,0
173392,0,0,0
262050,0,0,0
41628,0,0,0
177488,0,0,0
40854,0,0,0
49713,0,0,0
18925,0,0,0
316644,0,0,0
291085,0,0,0
337819,0,0,0
286179,0,0,0
73171,0,0,0
342870,0,0,0
392718,0,0,0
244444,0,0,0
173084,0,0,0
200391,0,0,0
355885,0,0,0
135239,0,0,0
362632,0,0,0
83885,0,0,0
251824,0,0,0
146240,0,0,0
256171,0,0,0
207813,0,0,0
227205,0,0,0
75333,0,0,0
233315,0,0,0
95897,0,0,0
229841,0,0,0
220850,0,0,0
116268,0,0,0
247637,0,0,0
288799,0,0,0
102941,0,0,0
115203,0,0,0
184043,0,0,0
280651,0,0,0
272744,0,0,0
2309,0,0,0
326985,0,0,0
6066,0,0,0
49448,0,0,0
380930,0,0,0
256632,0,0,0
287353,0,0,0
993,0,0,0
23481,0,0,0
349318,0,0,0
64474,0,0,0
31454,0,0,0
247323,0,0,0
388783,0,0,0
182210,0,0,0
132866,0,0,0
362031,0,0,0
85513,0,0,0
82805,0,0,0
400260,0,0,0
244634,0,0,0
200776,0,0,0
4152,0,0,0
327179,0,0,0
408902,0,0,0
201961,0,0,0
251563,0,0,0
283890,0,0,0
222040,0,0,0
389501,0,0,0
30481,0,0,0
259388,0,0,0
404866,0,0,0
236267,0,0,0
132247,0,0,0
249635,0,0,0
203875,0,0,0
27903,0,0,0
151758,0,0,0
45277,0,0,0
40702,0,0,0
69697,0,0,0
159901,0,0,0
230022,0,0,0
63354,0,0,0
383022,0,0,0
64876,0,0,0
133494,0,0,0
244578,0,0,0
310146,0,0,0
216088,0,0,0
13120,0,0,0
160427,0,0,0
159597,0,0,0
333745,0,0,0
1217,0,0,0
264792,0,0,0
399498,0,0,0
220808,0,0,0
238185,0,0,0
273779,0,0,0
301735,0,0,0
241559,0,0,0
300497,0,0,0
89465,0,0,0
341452,0,0,0
187238,0,0,0
329290,0,0,0
224691,0,0,0
165426,0,0,0
146502,0,0,0
153906,0,0,0
17787,0,0,0
333463,0,0,0
291692,0,0,0
179429,0,0,0
40437,0,0,0
227084,0,0,0
294246,0,0,0
297447,0,0,0
68821,0,0,0
196713,0,0,0
182488,0,0,0
409624,0,0,0
410613,0,0,0
16661,0,0,0
349897,0,0,0
401591,0,0,0
73313,0,0,0
352461,0,0,0
32143,0,0,0
61291,0,0,0
47630,0,0,0
107574,0,0,0
169866,0,0,0
218526,0,0,0
384302,0,0,0
263356,0,0,0
193906,0,0,0
338173,0,0,0
139746,0,0,0
393636,0,0,0
378491,0,0,0
392625,0,0,0
302014,0,0,0
395334,0,0,0
129486,0,0,0
143489,0,0,0
96130,0,0,0
387105,0,0,0
133831,0,0,0
246554,0,0,0
389335,0,0,0
291583,0,0,0
137284,0,0,0
381789,0,0,0
18714,0,0,0
34211,0,0,0
281128,0,0,0
263752,0,0,0
394535,0,0,0
294628,0,0,0
244557,0,0,0
84266,0,0,0
79557,0,0,0
164510,0,0,0
285731,0,0,0
344832,0,0,0
304293,0,0,0
50154,0,0,0
77913,0,0,0
336233,0,0,0
31864,0,0,0
206665,0,0,0
245395,0,0,0
203954,0,0,0
201351,0,0,0
380591,0,0,0
399891,0,0,0
367806,0,0,0
169612,0,0,0
271274,0,0,0
36982,0,0,0
284291,0,0,0
201037,0,0,0
369084,0,0,0
167858,0,0,0
176375,0,0,0
1041,0,0,0
138153,0,0,0
184039,0,0,0
138848,0,0,0
290195,0,0,0
138988,0,0,0
314543,0,0,0
308005,0,0,0
348889,0,0,0
340974,0,0,0
138292,0,0,0
260462,0,0,0
43838,0,0,0
255214,0,0,0
132490,0,0,0
60961,0,0,0
118973,0,0,0
207829,0,0,0
406236,0,0,0
338211,0,0,0
4666,0,0,0
96071,0,0,0
7859,0,0,0
37742,0,0,0
112793,0,0,0
284744,0,0,0
131237,0,0,0
17719,0,0,0
318203,0,0,0
21169,0,0,0
313036,0,0,0
286278,0,0,0
59137,0,0,0
49980,0,0,0
353500,0,0,0
137340,0,0,0
75832,0,0,0
193710,0,0,0
83347,0,0,0
256245,0,0,0
362299,0,0,0
123104,0,0,0
284281,0,0,0
33989,0,0,0
143060,0,0,0
312819,0,0,0
36200,0,0,0
131663,0,0,0
205439,0,0,0
148487,0,0,0
117927,0,0,0
362219,0,0,0
246932,0,0,0
105386,0,0,0
136297,0,0,0
207373,0,0,0
211044,0,0,0
64899,0,0,0
640,0,0,0
287082,0,0,0
61936,0,0,0
116345,0,0,0
240479,0,0,0
409122,0,0,0
239404,0,0,0
189766,0,0,0
237344,0,0,0
391903,0,0,0
214310,0,0,0
2820,0,0,0
238751,0,0,0
372751,0,0,0
277992,0,0,0
122544,0,0,0
231451,0,0,0
73453,0,0,0
331370,0,0,0
14342,0,0,0
188701,0,0,0
55466,0,0,0
384772,0,0,0
345923,0,0,0
279092,0,0,0
88445,0,0,0
45197,0,0,0
364504,0,0,0
310893,0,0,0
124883,0,0,0
192659,0,0,0
307189,0,0,0
283506,0,0,0
42273,0,0,0
311020,0,0,0
21849,0,0,0
59903,0,0,0
140823,0,0,0
30719,0,0,0
224320,0,0,0
284115,0,0,0
176867,0,0,0
269187,0,0,0
268929,0,0,0
57060,0,0,0
372783,0,0,0
355910,0,0,0
67111,0,0,0
27228,0,0,0
266278,0,0,0
230580,0,0,0
35935,0,0,0
167401,0,0,0
160160,0,0,0
39146,0,0,0
134924,0,0,0
137458,0,0,0
29196,0,0,0
30171,0,0,0
221966,0,0,0
21296,0,0,0
371539,0,0,0
48780,0,0,0
220045,0,0,0
109398,0,0,0
275144,0,0,0
126207,0,0,0
111919,0,0,0
340179,0,0,0
118269,0,0,0
241584,0,0,0
318731,0,0,0
249148,0,0,0
97523,0,0,0
395785,0,0,0
400299,0,0,0
47750,0,0,0
69972,0,0,0
103910,0,0,0
339389,0,0,0
134427,0,0,0
323199,0,0,0
364508,0,0,0
4403,0,0,0
52585,0,0,0
389022,0,0,0
261838,0,0,0
4218,0,0,0
149643,0,0,0
351413,0,0,0
66451,0,0,0
163781,0,0,0
19679,0,0,0
156206,0,0,0
406800,0,0,0
241573,0,0,0
67470,0,0,0
41531,0,0,0
196383,0,0,0
177392,0,0,0
144170,0,0,0
50969,0,0,0
369942,0,0,0
62154,0,0,0
377253,0,0,0
160948,0,0,0
256024,0,0,0
107619,0,0,0
388446,0,0,0
9639,0,0,0
316458,0,0,0
195248,0,0,0
14506,0,0,0
39038,0,0,0
264814,0,0,0
244107,0,0,0
189093,0,0,0
271961,0,0,0
219547,0,0,0
403491,0,0,0
89157,0,0,0
203480,0,0,0
160855,0,0,0
275855,0,0,0
253936,0,0,0
63446,0,0,0
42617,0,0,0
389590,0,0,0
40585,0,0,0
356354,0,0,0
188435,0,0,0
189553,0,0,0
167036,0,0,0
225083,0,0,0
84373,0,0,0
53482,0,0,0
194331,0,0,0
377744,0,0,0
137649,0,0,0
266875,0,0,0
30388,0,0,0
386965,0,0,0
84315,0,0,0
227586,0,0,0
232998,0,0,0
12170,0,0,0
406657,0,0,0
335100,0,0,0
127362,0,0,0
171866,0,0,0
384853,0,0,0
161756,0,0,0
264576,0,0,0
275033,0,0,0
215721,0,0,0
108190,0,0,0
18660,0,0,0
371601,0,0,0
322305,0,0,0
43227,0,0,0
229453,0,0,0
308924,0,0,0
244838,0,0,0
374571,0,0,0
232142,0,0,0
408502,0,0,0
55537,0,0,0
72572,0,0,0
384115,0,0,0
361000,0,0,0
282682,0,0,0
12066,0,0,0
214218,0,0,0
289376,0,0,0
241248,0,0,0
145408,0,0,0
314303,0,0,0
200347,0,0,0
372438,0,0,0
7208,0,0,0
64593,0,0,0
289557,0,0,0
249563,0,0,0
169717,0,0,0
392873,0,0,0
242327,0,0,0
192479,0,0,0
316902,0,0,0
287008,0,0,0
268732,0,0,0
154525,0,0,0
411183,0,0,0
316613,0,0,0
168193,0,0,0
28766,0,0,0
411104,0,0,0
316827,0,0,0
206762,0,0,0
157670,0,0,0
25322,0,0,0
132811,0,0,0
364573,0,0,0
266463,0,0,0
173448,0,0,0
122615,0,0,0
34313,0,0,0
20632,0,0,0
154878,0,0,0
191811,0,0,0
378174,0,0,0
31638,0,0,0
247107,0,0,0
254999,0,0,0
339402,0,0,0
203883,0,0,0
339669,0,0,0
292849,0,0,0
360005,0,0,0
143168,0,0,0
41162,0,0,0
198579,0,0,0
86577,0,0,0
33421,0,0,0
345347,0,0,0
339714,0,0,0
194270,0,0,0
302676,0,0,0
111106,0,0,0
34027,0,0,0
216518,0,0,0
399416,0,0,0
180783,0,0,0
267937,0,0,0
165115,0,0,0
59834,0,0,0
256958,0,0,0
324673,0,0,0
205779,0,0,0
383793,0,0,0
82413,0,0,0
39244,0,0,0
124745,0,0,0
270365,0,0,0
285406,0,0,0
279649,0,0,0
379148,0,0,0
145934,0,0,0
213131,0,0,0
280391,0,0,0
370618,0,0,0
271285,0,0,0
165264,0,0,0
197055,0,0,0
283399,0,0,0
378861,0,0,0
338112,0,0,0
276079,0,0,0
384132,0,0,0
236914,0,0,0
388733,0,0,0
204723,0,0,0
305377,0,0,0
144726,0,0,0
94379,0,0,0
289362,0,0,0
12465,0,0,0
124000,0,0,0
37469,0,0,0
113058,0,0,0
90928,0,0,0
143014,0,0,0
165499,0,0,0
47653,0,0,0
289254,0,0,0
386713,0,0,0
235519,0,0,0
51814,0,0,0
110125,0,0,0
304256,0,0,0
83805,0,0,0
280866,0,0,0
111541,0,0,0
79121,0,0,0
181251,0,0,0
73697,0,0,0
235631,0,0,0
176478,0,0,0
327675,0,0,0
312050,0,0,0
117015,0,0,0
130644,0,0,0
42820,0,0,0
315147,0,0,0
203852,0,0,0
7997,0,0,0
220080,0,0,0
278473,0,0,0
166278,0,0,0
86960,0,0,0
404689,0,0,0
407861,0,0,0
361023,0,0,0
373043,0,0,0
393145,0,0,0
70824,0,0,0
75871,0,0,0
161553,0,0,0
120505,0,0,0
38502,0,0,0
330531,0,0,0
186826,0,0,0
220280,0,0,0
184004,0,0,0
294512,0,0,0
260885,0,0,0
300540,0,0,0
171724,0,0,0
396460,0,0,0
326249,0,0,0
298599,0,0,0
329064,0,0,0
23505,0,0,0
409239,0,0,0
77182,0,0,0
184693,0,0,0
229172,0,0,0
7093,0,0,0
394767,0,0,0
357983,0,0,0
97372,0,0,0
144480,0,0,0
387924,0,0,0
317165,0,0,0
342451,0,0,0
49779,0,0,0
376200,0,0,0
230209,0,0,0
72382,0,0,0
115641,0,0,0
61326,0,0,0
14831,0,0,0
399182,0,0,0
129749,0,0,0
394438,0,0,0
121810,0,0,0
394064,0,0,0
207972,0,0,0
283165,0,0,0
340314,0,0,0
174194,0,0,0
368446,0,0,0
158108,0,0,0
326277,0,0,0
398892,0,0,0
282071,0,0,0
372520,0,0,0
30395,0,0,0
212309,0,0,0
142053,0,0,0
69836,0,0,0
402553,0,0,0
286146,0,0,0
49371,0,0,0
345146,0,0,0
104999,0,0,0
303241,0,0,0
2595,0,0,0
136193,0,0,0
123920,0,0,0
152250,0,0,0
294676,0,0,0
29054,0,0,0
391667,0,0,0
192248,0,0,0
209283,0,0,0
181771,0,0,0
248821,0,0,0
82040,0,0,0
24901,0,0,0
2220,0,0,0
50697,0,0,0
254174,0,0,0
361271,0,0,0
392379,0,0,0
120614,0,0,0
176951,0,0,0
231938,0,0,0
75363,0,0,0
200414,0,0,0
236508,0,0,0
366197,0,0,0
14638,0,0,0
403492,0,0,0
313467,0,0,0
309327,0,0,0
262066,0,0,0
5640,0,0,0
342108,0,0,0
66081,0,0,0
268910,0,0,0
9766,0,0,0
398693,0,0,0
55692,0,0,0
338230,0,0,0
220958,0,0,0
315314,0,0,0
85267,0,0,0
62394,0,0,0
343624,0,0,0
144577,0,0,0
231429,0,0,0
317718,0,0,0
263239,0,0,0
180799,0,0,0
199238,0,0,0
333482,0,0,0
216572,0,0,0
323029,0,0,0
135861,0,0,0
183287,0,0,0
63418,0,0,0
108670,0,0,0
392990,0,0,0
207815,0,0,0
214090,0,0,0
98023,0,0,0
7324,0,0,0
314105,0,0,0
37178,0,0,0
302634,0,0,0
288532,0,0,0
264398,0,0,0
363910,0,0,0
179820,0,0,0
283633,0,0,0
120686,0,0,0
20376,0,0,0
167423,0,0,0
169959,0,0,0
301809,0,0,0
84566,0,0,0
71970,0,0,0
167170,0,0,0
25624,0,0,0
360645,0,0,0
162251,0,0,0
205296,0,0,0
87993,0,0,0
376533,0,0,0
47559,0,0,0
403730,0,0,0
55448,0,0,0
135399,0,0,0
121904,0,0,0
353596,0,0,0
293036,0,0,0
28151,0,0,0
108712,0,0,0
223376,0,0,0
1462,0,0,0
173175,0,0,0
354512,0,0,0
92775,0,0,0
178524,0,0,0
386600,0,0,0
369330,0,0,0
94424,0,0,0
300789,0,0,0
375325,0,0,0
195115,0,0,0
389269,0,0,0
225927,0,0,0
26568,0,0,0
238772,0,0,0
298176,0,0,0
357537,0,0,0
352832,0,0,0
18137,0,0,0
195164,0,0,0
302990,0,0,0
175224,0,0,0
331044,0,0,0
376624,0,0,0
176005,0,0,0
42644,0,0,0
108785,0,0,0
399188,0,0,0
58878,0,0,0
379554,0,0,0
97661,0,0,0
346222,0,0,0
222382,0,0,0
342360,0,0,0
274490,0,0,0
68233,0,0,0
284386,0,0,0
274339,0,0,0
41960,0,0,0
107551,0,0,0
249298,0,0,0
140027,0,0,0
38819,0,0,0
345851,0,0,0
219249,0,0,0
311345,0,0,0
192307,0,0,0
353927,0,0,0
107065,0,0,0
206462,0,0,0
4957,0,0,0
144421,0,0,0
272258,0,0,0
107418,0,0,0
256482,0,0,0
285627,0,0,0
319255,0,0,0
215565,0,0,0
141918,0,0,0
8165,0,0,0
139400,0,0,0
120703,0,0,0
344399,0,0,0
375323,0,0,0
191037,0,0,0
209768,0,0,0
277468,0,0,0
88087,0,0,0
386326,0,0,0
181169,0,0,0
331733,0,0,0
3385,0,0,0
272223,0,0,0
117618,0,0,0
148195,0,0,0
209908,0,0,0
328906,0,0,0
151613,0,0,0
283259,0,0,0
126245,0,0,0
34417,0,0,0
339278,0,0,0
333916,0,0,0
190893,0,0,0
178985,0,0,0
149511,0,0,0
241649,0,0,0
19267,0,0,0
349670,0,0,0
299858,0,0,0
167124,0,0,0
148989,0,0,0
9781,0,0,0
293769,0,0,0
312236,0,0,0
191504,0,0,0
339061,0,0,0
367111,0,0,0
56113,0,0,0
211946,0,0,0
144331,0,0,0
365551,0,0,0
169118,0,0,0
295053,0,0,0
118482,0,0,0
361487,0,0,0
102964,0,0,0
75388,0,0,0
364049,0,0,0
380511,0,0,0
257339,0,0,0
110812,0,0,0
255998,0,0,0
111770,0,0,0
194527,0,0,0
80591,0,0,0
376706,0,0,0
145597,0,0,0
266581,0,0,0
402413,0,0,0
99529,0,0,0
368490,0,0,0
387501,0,0,0
335516,0,0,0
263114,0,0,0
297602,0,0,0
353972,0,0,0
146540,0,0,0
138030,0,0,0
116801,0,0,0
394488,0,0,0
93771,0,0,0
247304,0,0,0
295070,0,0,0
193158,0,0,0
48762,0,0,0
1310,0,0,0
281221,0,0,0
369906,0,0,0
278410,0,0,0
385969,0,0,0
112555,0,0,0
341915,0,0,0
61482,0,0,0
63540,0,0,0
111508,0,0,0
178535,0,0,0
190226,0,0,0
344618,0,0,0
384743,0,0,0
290100,0,0,0
50264,0,0,0
336497,0,0,0
38268,0,0,0
8388,0,0,0
41440,0,0,0
348603,0,0,0
250000,0,0,0
277251,0,0,0
280045,0,0,0
251901,0,0,0
295724,0,0,0
359273,0,0,0
218791,0,0,0
403809,0,0,0
365025,0,0,0
222613,0,0,0
187835,0,0,0
197866,0,0,0
1415,0,0,0
382177,0,0,0
199090,0,0,0
304198,0,0,0
60017,0,0,0
406439,0,0,0
137309,0,0,0
294354,0,0,0
214561,0,0,0
141468,0,0,0
280446,0,0,0
209308,0,0,0
233092,0,0,0
39509,0,0,0
310490,0,0,0
129684,0,0,0
326893,0,0,0
397,0,0,0
174982,0,0,0
243838,0,0,0
354100,0,0,0
147654,0,0,0
304278,0,0,0
304049,0,0,0
160373,0,0,0
236560,0,0,0
357927,0,0,0
125570,0,0,0
89614,0,0,0
177615,0,0,0
333858,0,0,0
281488,0,0,0
15041,0,0,0
245151,0,0,0
45804,0,0,0
231811,0,0,0
11629,0,0,0
233829,0,0,0
127415,0,0,0
274040,0,0,0
396418,0,0,0
156717,0,0,0
294802,0,0,0
105396,0,0,0
267295,0,0,0
119126,0,0,0
87767,0,0,0
242763,0,0,0
153749,0,0,0
53743,0,0,0
25981,0,0,0
258462,0,0,0
300627,0,0,0
353373,0,0,0
86304,0,0,0
21183,0,0,0
267868,0,0,0
326612,0,0,0
130929,0,0,0
240903,0,0,0
190846,0,0,0
23098,0,0,0
204023,0,0,0
31214,0,0,0
304566,0,0,0
123417,0,0,0
310444,0,0,0
368556,0,0,0
25885,0,0,0
33783,0,0,0
46816,0,0,0
277799,0,0,0
176150,0,0,0
67058,0,0,0
233000,0,0,0
392715,0,0,0
406252,0,0,0
259566,0,0,0
117961,0,0,0
275922,0,0,0
256594,0,0,0
213972,0,0,0
104618,0,0,0
245567,0,0,0
357551,0,0,0
114503,0,0,0
229973,0,0,0
215804,0,0,0
54889,0,0,0
140941,0,0,0
201919,0,0,0
97215,0,0,0
251516,0,0,0
300064,0,0,0
92895,0,0,0
362884,0,0,0
273357,0,0,0
280254,0,0,0
372895,0,0,0
371014,0,0,0
284450,0,0,0
15603,0,0,0
189500,0,0,0
18405,0,0,0
177393,0,0,0
321086,0,0,0
318699,0,0,0
134687,0,0,0
256088,0,0,0
137877,0,0,0
63265,0,0,0
103924,0,0,0
407249,0,0,0
240959,0,0,0
134035,0,0,0
324617,0,0,0
20193,0,0,0
322375,0,0,0
371599,0,0,0
393552,0,0,0
93294,0,0,0
208540,0,0,0
355273,0,0,0
223774,0,0,0
195684,0,0,0
242468,0,0,0
268680,0,0,0
349065,0,0,0
194444,0,0,0
116470,0,0,0
75337,0,0,0
389105,0,0,0
180397,0,0,0
214868,0,0,0
149448,0,0,0
304544,0,0,0
283725,0,0,0
275278,0,0,0
390580,0,0,0
251834,0,0,0
5445,0,0,0
278780,0,0,0
152701,0,0,0
27889,0,0,0
159736,0,0,0
171084,0,0,0
33981,0,0,0
277830,0,0,0
67135,0,0,0
185084,0,0,0
12179,0,0,0
48054,0,0,0
406718,0,0,0
177410,0,0,0
279430,0,0,0
346253,0,0,0
38248,0,0,0
82999,0,0,0
220000,0,0,0
365663,0,0,0
232167,0,0,0
324822,0,0,0
274635,0,0,0
231582,0,0,0
179393,0,0,0
89265,0,0,0
120178,0,0,0
17514,0,0,0
394783,0,0,0
96568,0,0,0
69235,0,0,0
370749,0,0,0
288484,0,0,0
315986,0,0,0
292282,0,0,0
277296,0,0,0
47406,0,0,0
348336,0,0,0
30448,0,0,0
2025,0,0,0
107188,0,0,0
341359,0,0,0
152994,0,0,0
247245,0,0,0
322297,0,0,0
289888,0,0,0
278797,0,0,0
399746,0,0,0
73025,0,0,0
380502,0,0,0
227971,0,0,0
306288,0,0,0
3702,0,0,0
152043,0,0,0
26146,0,0,0
156904,0,0,0
117355,0,0,0
111125,0,0,0
265155,0,0,0
323955,0,0,0
164048,0,0,0
37647,0,0,0
37848,0,0,0
19374,0,0,0
243060,0,0,0
114750,0,0,0
253615,0,0,0
298110,0,0,0
399665,0,0,0
392747,0,0,0
97806,0,0,0
150437,0,0,0
173321,0,0,0
157800,0,0,0
252850,0,0,0
44197,0,0,0
381877,0,0,0
72257,0,0,0
76205,0,0,0
15643,0,0,0
58599,0,0,0
299002,0,0,0
331428,0,0,0
361999,0,0,0
317874,0,0,0
71053,0,0,0
366025,0,0,0
324288,0,0,0
131584,0,0,0
131562,0,0,0
76655,0,0,0
48458,0,0,0
48203,0,0,0
161340,0,0,0
115215,0,0,0
187391,0,0,0
98686,0,0,0
328373,0,0,0
188632,0,0,0
88085,0,0,0
198149,0,0,0
146042,0,0,0
230765,0,0,0
298447,0,0,0
137014,0,0,0
301391,0,0,0
12321,0,0,0
406856,0,0,0
325849,0,0,0
294790,0,0,0
53033,0,0,0
126466,0,0,0
303787,0,0,0
206331,0,0,0
313974,0,0,0
169258,0,0,0
3313,0,0,0
186424,0,0,0
110409,0,0,0
92140,0,0,0
205485,0,0,0
148378,0,0,0
84592,0,0,0
4008,0,0,0
70935,0,0,0
255140,0,0,0
354205,0,0,0
17589,0,0,0
157421,0,0,0
278955,0,0,0
330040,0,0,0
312897,0,0,0
108384,0,0,0
321140,0,0,0
308456,0,0,0
122966,0,0,0
298345,0,0,0
357192,0,0,0
132951,0,0,0
58873,0,0,0
343832,0,0,0
78444,0,0,0
233819,0,0,0
394510,0,0,0
388018,0,0,0
195922,0,0,0
245827,0,0,0
104753,0,0,0
32895,0,0,0
364703,0,0,0
335581,0,0,0
409205,0,0,0
387989,0,0,0
98328,0,0,0
13639,0,0,0
129447,0,0,0
50160,0,0,0
172268,0,0,0
121793,0,0,0
285136,0,0,0
398506,0,0,0
184741,0,0,0
51369,0,0,0
47240,0,0,0
397859,0,0,0
185510,0,0,0
165204,0,0,0
183090,0,0,0
375159,0,0,0
249489,0,0,0
272082,0,0,0
165341,0,0,0
41159,0,0,0
38354,0,0,0
40318,0,0,0
397457,0,0,0
371662,0,0,0
36203,0,0,0
157739,0,0,0
229154,0,0,0
314164,0,0,0
373772,0,0,0
281244,0,0,0
105657,0,0,0
221596,0,0,0
323145,0,0,0
70403,0,0,0
278355,0,0,0
68945,0,0,0
334438,0,0,0
129722,0,0,0
326066,0,0,0
68530,0,0,0
232221,0,0,0
323432,0,0,0
8492,0,0,0
341499,0,0,0
252468,0,0,0
109000,0,0,0
210131,0,0,0
13246,0,0,0
170555,0,0,0
381266,0,0,0
312451,0,0,0
198022,0,0,0
114603,0,0,0
199407,0,0,0
288358,0,0,0
115350,0,0,0
81955,0,0,0
254861,0,0,0
303890,0,0,0
301424,0,0,0
341688,0,0,0
123350,0,0,0
396280,0,0,0
258767,0,0,0
250609,0,0,0
86010,0,0,0
73952,0,0,0
71894,0,0,0
60057,0,0,0
344593,0,0,0
387811,0,0,0
253750,0,0,0
24451,0,0,0
154638,0,0,0
254227,0,0,0
293368,0,0,0
245261,0,0,0
295258,0,0,0
6575,0,0,0
268617,0,0,0
60555,0,0,0
374324,0,0,0
381539,0,0,0
404591,0,0,0
402012,0,0,0
34477,0,0,0
249057,0,0,0
143881,0,0,0
83597,0,0,0
342528,0,0,0
248005,0,0,0
19696,0,0,0
290768,0,0,0
21912,0,0,0
45863,0,0,0
318342,0,0,0
296903,0,0,0
228233,0,0,0
172762,0,0,0
17038,0,0,0
292751,0,0,0
132688,0,0,0
122357,0,0,0
102909,0,0,0
398640,0,0,0
204320,0,0,0
233850,0,0,0
218473,0,0,0
311423,0,0,0
112741,0,0,0
190333,0,0,0
326081,0,0,0
55381,0,0,0
90029,0,0,0
5749,0,0,0
388584,0,0,0
307552,0,0,0
316329,0,0,0
217316,0,0,0
229577,0,0,0
281572,0,0,0
51558,0,0,0
396414,0,0,0
100556,0,0,0
64441,0,0,0
320359,0,0,0
97992,0,0,0
377914,0,0,0
178943,0,0,0
10826,0,0,0
384769,0,0,0
335946,0,0,0
380547,0,0,0
156018,0,0,0
97289,0,0,0
308501,0,0,0
154764,0,0,0
163371,0,0,0
60779,0,0,0
10663,0,0,0
220220,0,0,0
362388,0,0,0
60077,0,0,0
222734,0,0,0
50271,0,0,0
315423,0,0,0
391055,0,0,0
46672,0,0,0
401380,0,0,0
21605,0,0,0
146624,0,0,0
294640,0,0,0
132314,0,0,0
410211,0,0,0
201718,0,0,0
36353,0,0,0
213714,0,0,0
390122,0,0,0
304847,0,0,0
257569,0,0,0
357023,0,0,0
53711,0,0,0
135875,0,0,0
65164,0,0,0
363932,0,0,0
9869,0,0,0
361659,0,0,0
369871,0,0,0
31481,0,0,0
273148,0,0,0
237408,0,0,0
274274,0,0,0
115363,0,0,0
195589,0,0,0
74972,0,0,0
261140,0,0,0
118346,0,0,0
175529,0,0,0
373886,0,0,0
198477,0,0,0
24014,0,0,0
355964,0,0,0
407998,0,0,0
335816,0,0,0
143761,0,0,0
400119,0,0,0
380808,0,0,0
23279,0,0,0
87712,0,0,0
219844,0,0,0
374233,0,0,0
36743,0,0,0
233931,0,0,0
212265,0,0,0
283669,0,0,0
110428,0,0,0
359588,0,0,0
304955,0,0,0
143888,0,0,0
254016,0,0,0
174111,0,0,0
249747,0,0,0
171971,0,0,0
276132,0,0,0
91864,0,0,0
298293,0,0,0
354390,0,0,0
149490,0,0,0
186187,0,0,0
50702,0,0,0
403261,0,0,0
157901,0,0,0
75585,0,0,0
167152,0,0,0
190358,0,0,0
41339,0,0,0
243180,0,0,0
392405,0,0,0
222803,0,0,0
100634,0,0,0
199723,0,0,0
228033,0,0,0
12474,0,0,0
182419,0,0,0
150293,0,0,0
195762,0,0,0
53962,0,0,0
125428,0,0,0
73761,0,0,0
383144,0,0,0
255950,0,0,0
122076,0,0,0
180475,0,0,0
165463,0,0,0
128008,0,0,0
161440,0,0,0
341524,0,0,0
291578,0,0,0
354533,0,0,0
376729,0,0,0
3055,0,0,0
401597,0,0,0
25460,0,0,0
350981,0,0,0
148196,0,0,0
222517,0,0,0
118225,0,0,0
312706,0,0,0
306566,0,0,0
36721,0,0,0
205665,0,0,0
238839,0,0,0
243951,0,0,0
87448,0,0,0
217533,0,0,0
60252,0,0,0
225145,0,0,0
371150,0,0,0
131618,0,0,0
205919,0,0,0
48841,0,0,0
106444,0,0,0
13304,0,0,0
29277,0,0,0
42377,0,0,0
163200,0,0,0
325493,0,0,0
37740,0,0,0
386260,0,0,0
217525,0,0,0
322478,0,0,0
288525,0,0,0
91808,0,0,0
349437,0,0,0
133408,0,0,0
320714,0,0,0
309020,0,0,0
154436,0,0,0
72592,0,0,0
133116,0,0,0
126986,0,0,0
67042,0,0,0
83074,0,0,0
74591,0,0,0
371768,0,0,0
327698,0,0,0
213160,0,0,0
159497,0,0,0
130636,0,0,0
332809,0,0,0
127611,0,0,0
18968,0,0,0
199873,0,0,0
284360,0,0,0
341940,0,0,0
199044,0,0,0
384645,0,0,0
278366,0,0,0
117522,0,0,0
230612,0,0,0
126381,0,0,0
244962,0,0,0
358133,0,0,0
48806,0,0,0
203450,0,0,0
358455,0,0,0
205153,0,0,0
209007,0,0,0
364196,0,0,0
18618,0,0,0
224519,0,0,0
341081,0,0,0
28999,0,0,0
326147,0,0,0
356218,0,0,0
261596,0,0,0
120704,0,0,0
243932,0,0,0
171557,0,0,0
409140,0,0,0
175267,0,0,0
146629,0,0,0
300728,0,0,0
411351,0,0,0
347849,0,0,0
52913,0,0,0
8635,0,0,0
289046,0,0,0
410644,0,0,0
138037,0,0,0
104233,0,0,0
237715,0,0,0
214634,0,0,0
181533,0,0,0
213354,0,0,0
385928,0,0,0
263684,0,0,0
291372,0,0,0
40037,0,0,0
139927,0,0,0
368422,0,0,0
396268,0,0,0
130002,0,0,0
347553,0,0,0
263049,0,0,0
155938,0,0,0
401921,0,0,0
233102,0,0,0
365094,0,0,0
365798,0,0,0
272066,0,0,0
73886,0,0,0
125502,0,0,0
337194,0,0,0
216836,0,0,0
400307,0,0,0
135639,0,0,0
91459,0,0,0
333589,0,0,0
369836,0,0,0
323914,0,0,0
193313,0,0,0
330083,0,0,0
4849,0,0,0
195148,0,0,0
160522,0,0,0
72194,0,0,0
117287,0,0,0
218920,0,0,0
295982,0,0,0
246228,0,0,0
121634,0,0,0
240352,0,0,0
326518,0,0,0
330665,0,0,0
354796,0,0,0
60053,0,0,0
193078,0,0,0
394049,0,0,0
392908,0,0,0
16302,0,0,0
156132,0,0,0
343402,0,0,0
124992,0,0,0
148638,0,0,0
375535,0,0,0
38429,0,0,0
140364,0,0,0
65375,0,0,0
115007,0,0,0
57446,0,0,0
133819,0,0,0
319531,0,0,0
36915,0,0,0
52144,0,0,0
148371,0,0,0
186860,0,0,0
330216,0,0,0
352677,0,0,0
408839,0,0,0
283236,0,0,0
245821,0,0,0
97558,0,0,0
194583,0,0,0
344206,0,0,0
294078,0,0,0
356553,0,0,0
156136,0,0,0
262420,0,0,0
20092,0,0,0
60672,0,0,0
153607,0,0,0
34612,0,0,0
271005,0,0,0
275557,0,0,0
30196,0,0,0
202028,0,0,0
22039,0,0,0
231581,0,0,0
402712,0,0,0
400812,0,0,0
321649,0,0,0
331505,0,0,0
403885,0,0,0
11804,0,0,0
223839,0,0,0
355387,0,0,0
265327,0,0,0
6630,0,0,0
62094,0,0,0
316661,0,0,0
63643,0,0,0
154495,0,0,0
19005,0,0,0
254172,0,0,0
300512,0,0,0
74516,0,0,0
82648,0,0,0
82254,0,0,0
28171,0,0,0
139845,0,0,0
84378,0,0,0
41607,0,0,0
103138,0,0,0
302304,0,0,0
348756,0,0,0
142862,0,0,0
269779,0,0,0
145043,0,0,0
346234,0,0,0
67555,0,0,0
73126,0,0,0
93356,0,0,0
398970,0,0,0
246430,0,0,0
95335,0,0,0
211104,0,0,0
254925,0,0,0
300051,0,0,0
205166,0,0,0
262889,0,0,0
144388,0,0,0
81672,0,0,0
273286,0,0,0
117595,0,0,0
163398,0,0,0
192083,0,0,0
232131,0,0,0
219118,0,0,0
213633,0,0,0
48418,0,0,0
96656,0,0,0
97303,0,0,0
288312,0,0,0
145658,0,0,0
326677,0,0,0
275680,0,0,0
87497,0,0,0
311570,0,0,0
216551,0,0,0
224328,0,0,0
68868,0,0,0
47999,0,0,0
26976,0,0,0
288189,0,0,0
216853,0,0,0
307935,0,0,0
202373,0,0,0
294174,0,0,0
289272,0,0,0
18439,0,0,0
129422,0,0,0
73839,0,0,0
127072,0,0,0
55728,0,0,0
105902,0,0,0
247752,0,0,0
357937,0,0,0
80246,0,0,0
206479,0,0,0
326726,0,0,0
394154,0,0,0
79569,0,0,0
191731,0,0,0
96248,0,0,0
274648,0,0,0
309147,0,0,0
339203,0,0,0
395964,0,0,0
186854,0,0,0
409146,0,0,0
160850,0,0,0
375771,0,0,0
179201,0,0,0
317248,0,0,0
118851,0,0,0
275425,0,0,0
110286,0,0,0
225611,0,0,0
19358,0,0,0
2533,0,0,0
26314,0,0,0
195244,0,0,0
130448,0,0,0
405757,0,0,0
252725,0,0,0
46676,0,0,0
18266,0,0,0
18713,0,0,0
245634,0,0,0
204769,0,0,0
70997,0,0,0
337238,0,0,0
9168,0,0,0
131227,0,0,0
251132,0,0,0
210761,0,0,0
103635,0,0,0
353937,0,0,0
338011,0,0,0
204295,0,0,0
62457,0,0,0
78060,0,0,0
43023,0,0,0
114851,0,0,0
98574,0,0,0
352914,0,0,0
100344,0,0,0
283155,0,0,0
134194,0,0,0
16020,0,0,0
14465,0,0,0
224871,0,0,0
254094,0,0,0
375056,0,0,0
57202,0,0,0
41515,0,0,0
220336,0,0,0
295274,0,0,0
11946,0,0,0
15190,0,0,0
246039,0,0,0
4228,0,0,0
289514,0,0,0
257670,0,0,0
383036,0,0,0
396564,0,0,0
125052,0,0,0
388297,0,0,0
335065,0,0,0
303859,0,0,0
82452,0,0,0
99611,0,0,0
102674,0,0,0
39558,0,0,0
17856,0,0,0
286622,0,0,0
216392,0,0,0
154127,0,0,0
265643,0,0,0
250205,0,0,0
322876,0,0,0
88755,0,0,0
79609,0,0,0
389921,0,0,0
168923,0,0,0
349186,0,0,0
64856,0,0,0
105039,0,0,0
358106,0,0,0
302378,0,0,0
130188,0,0,0
181147,0,0,0
366322,0,0,0
381465,0,0,0
174016,0,0,0
49314,0,0,0
59354,0,0,0
385964,0,0,0
346584,0,0,0
76937,0,0,0
151639,0,0,0
122507,0,0,0
273699,0,0,0
315362,0,0,0
43943,0,0,0
169637,0,0,0
88466,0,0,0
33606,0,0,0
302889,0,0,0
166350,0,0,0
198050,0,0,0
407607,0,0,0
208768,0,0,0
25131,0,0,0
71255,0,0,0
134541,0,0,0
131708,0,0,0
298590,0,0,0
163147,0,0,0
126987,0,0,0
34439,0,0,0
14163,0,0,0
365375,0,0,0
293378,0,0,0
88962,0,0,0
385188,0,0,0
366651,0,0,0
253161,0,0,0
271482,0,0,0
180146,0,0,0
156705,0,0,0
256339,0,0,0
200985,0,0,0
262280,0,0,0
376316,0,0,0
131551,0,0,0
98416,0,0,0
320677,0,0,0
386118,0,0,0
302483,0,0,0
179422,0,0,0
277172,0,0,0
175270,0,0,0
278950,0,0,0
38693,0,0,0
360852,0,0,0
190649,0,0,0
342810,0,0,0
286655,0,0,0
261065,0,0,0
395222,0,0,0
17059,0,0,0
77925,0,0,0
296817,0,0,0
289841,0,0,0
290502,0,0,0
339951,0,0,0
276832,0,0,0
207923,0,0,0
95056,0,0,0
319482,0,0,0
82826,0,0,0
5545,0,0,0
211076,0,0,0
231103,0,0,0
341794,0,0,0
387699,0,0,0
211507,0,0,0
305158,0,0,0
339399,0,0,0
276537,0,0,0
197674,0,0,0
155844,0,0,0
287297,0,0,0
387985,0,0,0
302077,0,0,0
268605,0,0,0
137022,0,0,0
93930,0,0,0
310575,0,0,0
206496,0,0,0
131599,0,0,0
137812,0,0,0
360858,0,0,0
115545,0,0,0
234307,0,0,0
336511,0,0,0
388115,0,0,0
138704,0,0,0
92293,0,0,0
31927,0,0,0
1821,0,0,0
374703,0,0,0
377340,0,0,0
231574,0,0,0
154951,0,0,0
144685,0,0,0
347957,0,0,0
327196,0,0,0
16798,0,0,0
255673,0,0,0
353415,0,0,0
400326,0,0,0
369165,0,0,0
6384,0,0,0
268681,0,0,0
340734,0,0,0
214526,0,0,0
155677,0,0,0
189573,0,0,0
286087,0,0,0
199859,0,0,0
182252,0,0,0
302465,0,0,0
270389,0,0,0
366101,0,0,0
136581,0,0,0
356516,0,0,0
244168,0,0,0
49777,0,0,0
171544,0,0,0
302047,0,0,0
322401,0,0,0
44017,0,0,0
238670,0,0,0
289417,0,0,0
258535,0,0,0
394947,0,0,0
257676,0,0,0
61129,0,0,0
86913,0,0,0
140797,0,0,0
220586,0,0,0
100097,0,0,0
294313,0,0,0
257998,0,0,0
133071,0,0,0
116183,0,0,0
285810,0,0,0
284611,0,0,0
44565,0,0,0
337769,0,0,0
295675,0,0,0
330557,0,0,0
44292,0,0,0
216072,0,0,0
219829,0,0,0
383646,0,0,0
144346,0,0,0
100276,0,0,0
105150,0,0,0
193701,0,0,0
295855,0,0,0
158337,0,0,0
382186,0,0,0
112560,0,0,0
389824,0,0,0
62548,0,0,0
357663,0,0,0
233514,0,0,0
72001,0,0,0
301457,0,0,0
298537,0,0,0
315417,0,0,0
303924,0,0,0
42175,0,0,0
342070,0,0,0
307520,0,0,0
347713,0,0,0
126942,0,0,0
8765,0,0,0
248572,0,0,0
18584,0,0,0
125602,0,0,0
144224,0,0,0
297720,0,0,0
34860,0,0,0
335927,0,0,0
216589,0,0,0
229718,0,0,0
341371,0,0,0
42056,0,0,0
394940,0,0,0
341611,0,0,0
39444,0,0,0
268549,0,0,0
29304,0,0,0
186055,0,0,0
146248,0,0,0
164991,0,0,0
35569,0,0,0
402771,0,0,0
347471,0,0,0
100118,0,0,0
263223,0,0,0
176899,0,0,0
190350,0,0,0
135951,0,0,0
365186,0,0,0
196395,0,0,0
162082,0,0,0
369200,0,0,0
106902,0,0,0
334086,0,0,0
343445,0,0,0
191904,0,0,0
11903,0,0,0
169029,0,0,0
8516,0,0,0
187982,0,0,0
5691,0,0,0
182744,0,0,0
207257,0,0,0
51263,0,0,0
320748,0,0,0
124449,0,0,0
155132,0,0,0
393282,0,0,0
380287,0,0,0
334592,0,0,0
303540,0,0,0
152446,0,0,0
360958,0,0,0
268302,0,0,0
113802,0,0,0
39793,0,0,0
14154,0,0,0
321459,0,0,0
18213,0,0,0
198279,0,0,0
15988,0,0,0
240180,0,0,0
75022,0,0,0
19193,0,0,0
228675,0,0,0
303675,0,0,0
299390,0,0,0
320113,0,0,0
317702,0,0,0
237283,0,0,0
52125,0,0,0
141157,0,0,0
305967,0,0,0
214620,0,0,0
201777,0,0,0
346266,0,0,0
109365,0,0,0
196752,0,0,0
147326,0,0,0
375546,0,0,0
280582,0,0,0
116306,0,0,0
353207,0,0,0
140061,0,0,0
256394,0,0,0
57282,0,0,0
119822,0,0,0
141070,0,0,0
239187,0,0,0
193209,0,0,0
3556,0,0,0
392127,0,0,0
145876,0,0,0
348073,0,0,0
48148,0,0,0
149355,0,0,0
208985,0,0,0
157634,0,0,0
178080,0,0,0
110878,0,0,0
307136,0,0,0
240740,0,0,0
407147,0,0,0
114452,0,0,0
135073,0,0,0
208912,0,0,0
63486,0,0,0
353140,0,0,0
293856,0,0,0
252732,0,0,0
88741,0,0,0
326542,0,0,0
236551,0,0,0
350495,0,0,0
189717,0,0,0
209931,0,0,0
271583,0,0,0
105918,0,0,0
195899,0,0,0
282135,0,0,0
252861,0,0,0
88833,0,0,0
169838,0,0,0
351594,0,0,0
5684,0,0,0
268117,0,0,0
128474,0,0,0
202016,0,0,0
91215,0,0,0
348496,0,0,0
340864,0,0,0
41273,0,0,0
113774,0,0,0
402911,0,0,0
360256,0,0,0
196643,0,0,0
87125,0,0,0
14218,0,0,0
367975,0,0,0
65776,0,0,0
111352,0,0,0
157471,0,0,0
162109,0,0,0
185161,0,0,0
113044,0,0,0
184543,0,0,0
268936,0,0,0
161793,0,0,0
403798,0,0,0
351979,0,0,0
265882,0,0,0
8160,0,0,0
12842,0,0,0
44483,0,0,0
161931,0,0,0
259230,0,0,0
234428,0,0,0
361060,0,0,0
231877,0,0,0
33916,0,0,0
338119,0,0,0
302242,0,0,0
117397,0,0,0
295091,0,0,0
161247,0,0,0
199568,0,0,0
341034,0,0,0
264637,0,0,0
162096,0,0,0
189709,0,0,0
370007,0,0,0
393778,0,0,0
37024,0,0,0
364514,0,0,0
81961,0,0,0
54638,0,0,0
92978,0,0,0
80235,0,0,0
340688,0,0,0
390473,0,0,0
104356,0,0,0
255799,0,0,0
66536,0,0,0
360459,0,0,0
260215,0,0,0
153067,0,0,0
290717,0,0,0
143215,0,0,0
295183,0,0,0
197695,0,0,0
120988,0,0,0
361038,0,0,0
224197,0,0,0
94548,0,0,0
172901,0,0,0
139880,0,0,0
65390,0,0,0
315760,0,0,0
144095,0,0,0
209923,0,0,0
322257,0,0,0
283478,0,0,0
118634,0,0,0
356678,0,0,0
363931,0,0,0
8437,0,0,0
138249,0,0,0
98571,0,0,0
19750,0,0,0
348901,0,0,0
129511,0,0,0
52323,0,0,0
408773,0,0,0
183004,0,0,0
312369,0,0,0
233276,0,0,0
77194,0,0,0
356121,0,0,0
240780,0,0,0
324774,0,0,0
280325,0,0,0
237302,0,0,0
302332,0,0,0
44739,0,0,0
76754,0,0,0
331420,0,0,0
366140,0,0,0
224534,0,0,0
187431,0,0,0
363112,0,0,0
294792,0,0,0
60052,0,0,0
28969,0,0,0
386263,0,0,0
214552,0,0,0
28437,0,0,0
367287,0,0,0
60629,0,0,0
379412,0,0,0
29717,0,0,0
50113,0,0,0
81268,0,0,0
211604,0,0,0
399470,0,0,0
196174,0,0,0
355164,0,0,0
281777,0,0,0
89070,0,0,0
258990,0,0,0
258790,0,0,0
218045,0,0,0
229181,0,0,0
115003,0,0,0
261012,0,0,0
19870,0,0,0
290294,0,0,0
34418,0,0,0
101211,0,0,0
354203,0,0,0
129964,0,0,0
57960,0,0,0
74548,0,0,0
336778,0,0,0
272246,0,0,0
333071,0,0,0
47938,0,0,0
284640,0,0,0
177676,0,0,0
336964,0,0,0
229802,0,0,0
254936,0,0,0
386884,0,0,0
13754,0,0,0
177092,0,0,0
11827,0,0,0
360742,0,0,0
351288,0,0,0
71209,0,0,0
10012,0,0,0
143754,0,0,0
68196,0,0,0
170078,0,0,0
189192,0,0,0
144559,0,0,0
188429,0,0,0
30214,0,0,0
375451,0,0,0
194664,0,0,0
92452,0,0,0
303101,0,0,0
160774,0,0,0
115268,0,0,0
312923,0,0,0
380054,0,0,0
232844,0,0,0
61967,0,0,0
399784,0,0,0
208500,0,0,0
1298,0,0,0
285674,0,0,0
223914,0,0,0
330698,0,0,0
240868,0,0,0
54713,0,0,0
191095,0,0,0
373906,0,0,0
242752,0,0,0
337125,0,0,0
32890,0,0,0
343708,0,0,0
374874,0,0,0
144801,0,0,0
222700,0,0,0
15891,0,0,0
356183,0,0,0
102221,0,0,0
318249,0,0,0
308791,0,0,0
409035,0,0,0
390756,0,0,0
66330,0,0,0
45368,0,0,0
317855,0,0,0
142681,0,0,0
330346,0,0,0
168392,0,0,0
343041,0,0,0
77719,0,0,0
318454,0,0,0
362974,0,0,0
186939,0,0,0
66892,0,0,0
232600,0,0,0
274641,0,0,0
224028,0,0,0
266115,0,0,0
153963,0,0,0
410330,0,0,0
246658,0,0,0
141001,0,0,0
190979,0,0,0
401563,0,0,0
119446,0,0,0
312012,0,0,0
410544,0,0,0
209821,0,0,0
83469,0,0,0
91650,0,0,0
47826,0,0,0
195264,0,0,0
16732,0,0,0
314267,0,0,0
338432,0,0,0
51326,0,0,0
346003,0,0,0
359462,0,0,0
31711,0,0,0
188999,0,0,0
79484,0,0,0
362501,0,0,0
365203,0,0,0
138651,0,0,0
120114,0,0,0
316223,0,0,0
137550,0,0,0
377330,0,0,0
4716,0,0,0
138909,0,0,0
328350,0,0,0
223684,0,0,0
290760,0,0,0
330717,0,0,0
51231,0,0,0
95078,0,0,0
364343,0,0,0
192026,0,0,0
149668,0,0,0
263573,0,0,0
151404,0,0,0
147837,0,0,0
68998,0,0,0
410170,0,0,0
35846,0,0,0
248847,0,0,0
228622,0,0,0
394959,0,0,0
70572,0,0,0
20712,0,0,0
353484,0,0,0
158673,0,0,0
218846,0,0,0
315804,0,0,0
323216,0,0,0
393768,0,0,0
69988,0,0,0
239788,0,0,0
355926,0,0,0
116027,0,0,0
37653,0,0,0
360652,0,0,0
122787,0,0,0
346097,0,0,0
211192,0,0,0
278549,0,0,0
359196,0,0,0
359831,0,0,0
167776,0,0,0
399016,0,0,0
363571,0,0,0
57213,0,0,0
265388,0,0,0
350853,0,0,0
258881,0,0,0
180618,0,0,0
62979,0,0,0
83144,0,0,0
377817,0,0,0
264365,0,0,0
303370,0,0,0
399054,0,0,0
410867,0,0,0
257104,0,0,0
168039,0,0,0
408889,0,0,0
175452,0,0,0
388755,0,0,0
345153,0,0,0
343615,0,0,0
401691,0,0,0
406127,0,0,0
244440,0,0,0
219785,0,0,0
48207,0,0,0
320983,0,0,0
52611,0,0,0
82730,0,0,0
22201,0,0,0
10977,0,0,0
298245,0,0,0
124939,0,0,0
161369,0,0,0
248974,0,0,0
158334,0,0,0
125298,0,0,0
165787,0,0,0
180410,0,0,0
16772,0,0,0
323949,0,0,0
379074,0,0,0
342127,0,0,0
305642,0,0,0
240087,0,0,0
207082,0,0,0
158350,0,0,0
52839,0,0,0
344417,0,0,0
143811,0,0,0
283742,0,0,0
239775,0,0,0
45944,0,0,0
260353,0,0,0
51048,0,0,0
282121,0,0,0
126065,0,0,0
61327,0,0,0
119874,0,0,0
118062,0,0,0
209835,0,0,0
348554,0,0,0
102915,0,0,0
200226,0,0,0
164470,0,0,0
357016,0,0,0
183454,0,0,0
321067,0,0,0
314970,0,0,0
42679,0,0,0
5455,0,0,0
395692,0,0,0
129763,0,0,0
308830,0,0,0
373154,0,0,0
430,0,0,0
318353,0,0,0
364006,0,0,0
405615,0,0,0
318862,0,0,0
387961,0,0,0
160919,0,0,0
379239,0,0,0
36456,0,0,0
358625,0,0,0
2935,0,0,0
121477,0,0,0
207143,0,0,0
187409,0,0,0
230549,0,0,0
252335,0,0,0
177137,0,0,0
255409,0,0,0
321584,0,0,0
88396,0,0,0
43058,0,0,0
153087,0,0,0
13454,0,0,0
127839,0,0,0
331926,0,0,0
137782,0,0,0
181148,0,0,0
163274,0,0,0
194667,0,0,0
291197,0,0,0
164801,0,0,0
75767,0,0,0
180279,0,0,0
213302,0,0,0
267324,0,0,0
338481,0,0,0
177829,0,0,0
133369,0,0,0
298684,0,0,0
289269,0,0,0
282419,0,0,0
322525,0,0,0
300644,0,0,0
56963,0,0,0
122020,0,0,0
18003,0,0,0
43899,0,0,0
81612,0,0,0
361554,0,0,0
304237,0,0,0
140138,0,0,0
237255,0,0,0
139344,0,0,0
204513,0,0,0
273105,0,0,0
97479,0,0,0
309063,0,0,0
329044,0,0,0
157760,0,0,0
31459,0,0,0
328771,0,0,0
380636,0,0,0
50767,0,0,0
184778,0,0,0
378909,0,0,0
95411,0,0,0
376258,0,0,0
241430,0,0,0
367886,0,0,0
378569,0,0,0
395438,0,0,0
157001,0,0,0
263753,0,0,0
126338,0,0,0
352852,0,0,0
285047,0,0,0
80021,0,0,0
295278,0,0,0
283823,0,0,0
225405,0,0,0
321130,0,0,0
289759,0,0,0
374938,0,0,0
340379,0,0,0
85012,0,0,0
407978,0,0,0
210758,0,0,0
60124,0,0,0
72483,0,0,0
132223,0,0,0
327606,0,0,0
84772,0,0,0
35952,0,0,0
157525,0,0,0
23070,0,0,0
227844,0,0,0
132789,0,0,0
72298,0,0,0
144846,0,0,0
264510,0,0,0
351551,0,0,0
65266,0,0,0
320595,0,0,0
368473,0,0,0
60248,0,0,0
83906,0,0,0
74273,0,0,0
360567,0,0,0
267853,0,0,0
67611,0,0,0
35186,0,0,0
184145,0,0,0
287642,0,0,0
191103,0,0,0
298953,0,0,0
243018,0,0,0
132184,0,0,0
181779,0,0,0
349317,0,0,0
51427,0,0,0
324270,0,0,0
146302,0,0,0
194454,0,0,0
229809,0,0,0
285557,0,0,0
57403,0,0,0
402193,0,0,0
53995,0,0,0
296619,0,0,0
167610,0,0,0
164442,0,0,0
11150,0,0,0
225563,0,0,0
40748,0,0,0
213261,0,0,0
16560,0,0,0
503,0,0,0
167644,0,0,0
51106,0,0,0
148238,0,0,0
314008,0,0,0
68667,0,0,0
298763,0,0,0
405951,0,0,0
408482,0,0,0
37164,0,0,0
165765,0,0,0
189310,0,0,0
403534,0,0,0
99979,0,0,0
367423,0,0,0
33251,0,0,0
383980,0,0,0
191511,0,0,0
177804,0,0,0
335290,0,0,0
3584,0,0,0
169905,0,0,0
392447,0,0,0
320892,0,0,0
38390,0,0,0
182699,0,0,0
380231,0,0,0
195562,0,0,0
313101,0,0,0
364116,0,0,0
296563,0,0,0
288797,0,0,0
56446,0,0,0
197015,0,0,0
133260,0,0,0
125113,0,0,0
181775,0,0,0
83952,0,0,0
385604,0,0,0
224586,0,0,0
160836,0,0,0
274945,0,0,0
349203,0,0,0
129886,0,0,0
111946,0,0,0
215163,0,0,0
44892,0,0,0
113186,0,0,0
39014,0,0,0
176057,0,0,0
112386,0,0,0
281755,0,0,0
111468,0,0,0
101670,0,0,0
362485,0,0,0
342286,0,0,0
323455,0,0,0
200407,0,0,0
246277,0,0,0
381718,0,0,0
149687,0,0,0
329177,0,0,0
145684,0,0,0
100871,0,0,0
355760,0,0,0
86928,0,0,0
297312,0,0,0
98652,0,0,0
142663,0,0,0
193413,0,0,0
345876,0,0,0
93364,0,0,0
351064,0,0,0
387623,0,0,0
89461,0,0,0
338528,0,0,0
170923,0,0,0
411385,0,0,0
291769,0,0,0
92640,0,0,0
250185,0,0,0
381649,0,0,0
57814,0,0,0
279821,0,0,0
302142,0,0,0
238000,0,0,0
374128,0,0,0
218364,0,0,0
87999,0,0,0
376080,0,0,0
233961,0,0,0
301561,0,0,0
240307,0,0,0
106116,0,0,0
200006,0,0,0
333563,0,0,0
378565,0,0,0
300098,0,0,0
203329,0,0,0
248165,0,0,0
382968,0,0,0
122142,0,0,0
86235,0,0,0
219895,0,0,0
388269,0,0,0
86078,0,0,0
45614,0,0,0
233144,0,0,0
115495,0,0,0
59027,0,0,0
178817,0,0,0
375642,0,0,0
49336,0,0,0
231218,0,0,0
347755,0,0,0
325863,0,0,0
274213,0,0,0
99275,0,0,0
311988,0,0,0
162058,0,0,0
300591,0,0,0
27583,0,0,0
396848,0,0,0
300372,0,0,0
396036,0,0,0
2167,0,0,0
34788,0,0,0
60820,0,0,0
245961,0,0,0
310502,0,0,0
266098,0,0,0
349796,0,0,0
56370,0,0,0
358564,0,0,0
330388,0,0,0
78217,0,0,0
140754,0,0,0
232060,0,0,0
307152,0,0,0
191438,0,0,0
108739,0,0,0
253777,0,0,0
382329,0,0,0
289700,0,0,0
216628,0,0,0
369358,0,0,0
99657,0,0,0
135568,0,0,0
338317,0,0,0
145288,0,0,0
249330,0,0,0
168338,0,0,0
373725,0,0,0
22892,0,0,0
279478,0,0,0
234777,0,0,0
248189,0,0,0
311651,0,0,0
22975,0,0,0
394975,0,0,0
351914,0,0,0
377628,0,0,0
15889,0,0,0
252064,0,0,0
258556,0,0,0
198354,0,0,0
46970,0,0,0
367947,0,0,0
387680,0,0,0
168127,0,0,0
37090,0,0,0
30118,0,0,0
22511,0,0,0
16126,0,0,0
306695,0,0,0
389375,0,0,0
273810,0,0,0
165753,0,0,0
240074,0,0,0
113284,0,0,0
331694,0,0,0
387329,0,0,0
175030,0,0,0
69396,0,0,0
249661,0,0,0
77281,0,0,0
410331,0,0,0
310831,0,0,0
141420,0,0,0
41102,0,0,0
394410,0,0,0
2568,0,0,0
324355,0,0,0
101419,0,0,0
259710,0,0,0
35791,0,0,0
383210,0,0,0
71324,0,0,0
200229,0,0,0
286293,0,0,0
292430,0,0,0
345121,0,0,0
138275,0,0,0
285184,0,0,0
259002,0,0,0
323948,0,0,0
228992,0,0,0
248631,0,0,0
39923,0,0,0
322066,0,0,0
88187,0,0,0
229583,0,0,0
350439,0,0,0
238258,0,0,0
315045,0,0,0
133070,0,0,0
358998,0,0,0
379007,0,0,0
331714,0,0,0
354078,0,0,0
70017,0,0,0
94388,0,0,0
113095,0,0,0
19919,0,0,0
294954,0,0,0
327539,0,0,0
14105,0,0,0
341757,0,0,0
201962,0,0,0
204004,0,0,0
343141,0,0,0
45851,0,0,0
51733,0,0,0
313130,0,0,0
95572,0,0,0
174872,0,0,0
237347,0,0,0
139144,0,0,0
332583,0,0,0
377964,0,0,0
42637,0,0,0
120584,0,0,0
387420,0,0,0
157473,0,0,0
53620,0,0,0
327177,0,0,0
115873,0,0,0
263106,0,0,0
67126,0,0,0
48634,0,0,0
6863,0,0,0
76645,0,0,0
58590,0,0,0
74385,0,0,0
49095,0,0,0
69075,0,0,0
300642,0,0,0
325535,0,0,0
110189,0,0,0
313457,0,0,0
378710,0,0,0
382508,0,0,0
207964,0,0,0
66909,0,0,0
165107,0,0,0
280544,0,0,0
197469,0,0,0
92913,0,0,0
94645,0,0,0
317366,0,0,0
248807,0,0,0
26726,0,0,0
4508,0,0,0
206380,0,0,0
35167,0,0,0
371144,0,0,0
314515,0,0,0
272987,0,0,0
53305,0,0,0
358177,0,0,0
141623,0,0,0
336848,0,0,0
108666,0,0,0
143147,0,0,0
249445,0,0,0
328902,0,0,0
216017,0,0,0
2722,0,0,0
101580,0,0,0
205269,0,0,0
227152,0,0,0
380486,0,0,0
182336,0,0,0
238628,0,0,0
125984,0,0,0
357467,0,0,0
157671,0,0,0
217571,0,0,0
17000,0,0,0
336528,0,0,0
31854,0,0,0
52503,0,0,0
116523,0,0,0
77928,0,0,0
169037,0,0,0
331914,0,0,0
99969,0,0,0
89510,0,0,0
160640,0,0,0
345565,0,0,0
21539,0,0,0
132711,0,0,0
171498,0,0,0
46297,0,0,0
36687,0,0,0
284849,0,0,0
248176,0,0,0
390682,0,0,0
57314,0,0,0
276892,0,0,0
78612,0,0,0
209188,0,0,0
142283,0,0,0
287967,0,0,0
231956,0,0,0
96654,0,0,0
350611,0,0,0
68392,0,0,0
72622,0,0,0
268460,0,0,0
102932,0,0,0
392410,0,0,0
191786,0,0,0
6827,0,0,0
266244,0,0,0
47342,0,0,0
132049,0,0,0
73290,0,0,0
142427,0,0,0
166623,0,0,0
261971,0,0,0
102228,0,0,0
379511,0,0,0
56931,0,0,0
386555,0,0,0
204305,0,0,0
331996,0,0,0
59986,0,0,0
154848,0,0,0
402557,0,0,0
308938,0,0,0
81206,0,0,0
159083,0,0,0
14140,0,0,0
88416,0,0,0
51499,0,0,0
296765,0,0,0
409311,0,0,0
212367,0,0,0
265178,0,0,0
390027,0,0,0
44165,0,0,0
59372,0,0,0
110158,0,0,0
266999,0,0,0
318578,0,0,0
324893,0,0,0
113107,0,0,0
65897,0,0,0
324320,0,0,0
7388,0,0,0
46051,0,0,0
249569,0,0,0
42526,0,0,0
183599,0,0,0
307004,0,0,0
209088,0,0,0
302405,0,0,0
44073,0,0,0
29816,0,0,0
7968,0,0,0
83679,0,0,0
106644,0,0,0
377550,0,0,0
264961,0,0,0
406324,0,0,0
351079,0,0,0
104114,0,0,0
291029,0,0,0
214003,0,0,0
223991,0,0,0
25213,0,0,0
3701,0,0,0
406753,0,0,0
216155,0,0,0
164682,0,0,0
270954,0,0,0
173422,0,0,0
222375,0,0,0
368190,0,0,0
99406,0,0,0
146069,0,0,0
223988,0,0,0
145704,0,0,0
272051,0,0,0
170359,0,0,0
340713,0,0,0
336412,0,0,0
173798,0,0,0
96509,0,0,0
288906,0,0,0
410256,0,0,0
267762,0,0,0
362845,0,0,0
171423,0,0,0
237951,0,0,0
399025,0,0,0
262578,0,0,0
405002,0,0,0
61959,0,0,0
99601,0,0,0
192707,0,0,0
390178,0,0,0
364101,0,0,0
273334,0,0,0
379787,0,0,0
326679,0,0,0
133083,0,0,0
70870,0,0,0
149002,0,0,0
316013,0,0,0
211515,0,0,0
406116,0,0,0
93317,0,0,0
212073,0,0,0
59583,0,0,0
103037,0,0,0
339296,0,0,0
25606,0,0,0
252796,0,0,0
41519,0,0,0
181575,0,0,0
298498,0,0,0
84744,0,0,0
243935,0,0,0
120102,0,0,0
48803,0,0,0
8033,0,0,0
239518,0,0,0
29283,0,0,0
158006,0,0,0
188969,0,0,0
187259,0,0,0
133630,0,0,0
27865,0,0,0
186293,0,0,0
61876,0,0,0
355738,0,0,0
273002,0,0,0
295005,0,0,0
126552,0,0,0
239749,0,0,0
82695,0,0,0
153263,0,0,0
131283,0,0,0
233425,0,0,0
250653,0,0,0
44396,0,0,0
370695,0,0,0
154544,0,0,0
312527,0,0,0
266372,0,0,0
97789,0,0,0
365837,0,0,0
175416,0,0,0
151208,0,0,0
366127,0,0,0
34898,0,0,0
27426,0,0,0
123786,0,0,0
155647,0,0,0
150924,0,0,0
348750,0,0,0
332608,0,0,0
379309,0,0,0
13254,0,0,0
211378,0,0,0
35526,0,0,0
261280,0,0,0
224548,0,0,0
104195,0,0,0
156629,0,0,0
152413,0,0,0
6398,0,0,0
400807,0,0,0
329284,0,0,0
168742,0,0,0
218888,0,0,0
153284,0,0,0
116315,0,0,0
354011,0,0,0
370954,0,0,0
17497,0,0,0
316114,0,0,0
12181,0,0,0
341269,0,0,0
315205,0,0,0
66307,0,0,0
250109,0,0,0
214119,0,0,0
19525,0,0,0
51507,0,0,0
336115,0,0,0
234645,0,0,0
188672,0,0,0
392136,0,0,0
280816,0,0,0
182183,0,0,0
359104,0,0,0
84121,0,0,0
182139,0,0,0
293757,0,0,0
309954,0,0,0
337749,0,0,0
137040,0,0,0
254258,0,0,0
117622,0,0,0
127747,0,0,0
275760,0,0,0
294423,0,0,0
4164,0,0,0
62192,0,0,0
341104,0,0,0
31791,0,0,0
322206,0,0,0
45531,0,0,0
342959,0,0,0
301894,0,0,0
97760,0,0,0
258144,0,0,0
337699,0,0,0
231978,0,0,0
170169,0,0,0
265682,0,0,0
231219,0,0,0
374930,0,0,0
59179,0,0,0
35051,0,0,0
12546,0,0,0
116069,0,0,0
160824,0,0,0
308170,0,0,0
342144,0,0,0
329741,0,0,0
306426,0,0,0
281878,0,0,0
257805,0,0,0
42265,0,0,0
196482,0,0,0
116920,0,0,0
403621,0,0,0
8770,0,0,0
239647,0,0,0
31595,0,0,0
120995,0,0,0
144482,0,0,0
404484,0,0,0
222377,0,0,0
253054,0,0,0
34742,0,0,0
115948,0,0,0
82018,0,0,0
363027,0,0,0
168010,0,0,0
137169,0,0,0
315733,0,0,0
313942,0,0,0
327563,0,0,0
246435,0,0,0
259112,0,0,0
56123,0,0,0
321096,0,0,0
31391,0,0,0
59146,0,0,0
310595,0,0,0
257678,0,0,0
85939,0,0,0
28156,0,0,0
326462,0,0,0
18869,0,0,0
113067,0,0,0
80924,0,0,0
120870,0,0,0
271355,0,0,0
18608,0,0,0
310923,0,0,0
304286,0,0,0
76752,0,0,0
113083,0,0,0
88270,0,0,0
270546,0,0,0
368360,0,0,0
378087,0,0,0
172016,0,0,0
180517,0,0,0
47894,0,0,0
139297,0,0,0
286920,0,0,0
177157,0,0,0
254869,0,0,0
260561,0,0,0
16587,0,0,0
237325,0,0,0
347991,0,0,0
12997,0,0,0
133306,0,0,0
246227,0,0,0
354265,0,0,0
235313,0,0,0
78742,0,0,0
264404,0,0,0
31644,0,0,0
53069,0,0,0
176398,0,0,0
227977,0,0,0
268513,0,0,0
60464,0,0,0
28246,0,0,0
47637,0,0,0
302993,0,0,0
388424,0,0,0
323102,0,0,0
369523,0,0,0
48747,0,0,0
217476,0,0,0
175081,0,0,0
245404,0,0,0
81409,0,0,0
153078,0,0,0
24067,0,0,0
326248,0,0,0
297082,0,0,0
71008,0,0,0
61637,0,0,0
350237,0,0,0
112704,0,0,0
311377,0,0,0
151495,0,0,0
173294,0,0,0
370360,0,0,0
317052,0,0,0
27235,0,0,0
399509,0,0,0
107237,0,0,0
307577,0,0,0
149392,0,0,0
405622,0,0,0
252152,0,0,0
42695,0,0,0
272739,0,0,0
213165,0,0,0
260144,0,0,0
175037,0,0,0
231557,0,0,0
236806,0,0,0
367543,0,0,0
384151,0,0,0
356933,0,0,0
202165,0,0,0
348522,0,0,0
167385,0,0,0
193400,0,0,0
71251,0,0,0
11310,0,0,0
225658,0,0,0
368571,0,0,0
333199,0,0,0
142426,0,0,0
399923,0,0,0
155324,0,0,0
189616,0,0,0
397141,0,0,0
277689,0,0,0
90810,0,0,0
24975,0,0,0
347173,0,0,0
166043,0,0,0
209532,0,0,0
74611,0,0,0
13148,0,0,0
37930,0,0,0
97739,0,0,0
321242,0,0,0
306793,0,0,0
244431,0,0,0
397424,0,0,0
144091,0,0,0
399805,0,0,0
344766,0,0,0
171162,0,0,0
149820,0,0,0
37513,0,0,0
296579,0,0,0
193005,0,0,0
271403,0,0,0
32553,0,0,0
66083,0,0,0
132306,0,0,0
264624,0,0,0
20562,0,0,0
47047,0,0,0
315818,0,0,0
239178,0,0,0
194675,0,0,0
114878,0,0,0
285931,0,0,0
110148,0,0,0
311303,0,0,0
374455,0,0,0
280346,0,0,0
156341,0,0,0
255178,0,0,0
262848,0,0,0
146706,0,0,0
296035,0,0,0
154804,0,0,0
17943,0,0,0
403790,0,0,0
315004,0,0,0
276966,0,0,0
2376,0,0,0
145787,0,0,0
331105,0,0,0
173927,0,0,0
289822,0,0,0
17761,0,0,0
270221,0,0,0
396762,0,0,0
176803,0,0,0
102534,0,0,0
188836,0,0,0
359088,0,0,0
402891,0,0,0
255316,0,0,0
243250,0,0,0
362646,0,0,0
315222,0,0,0
45497,0,0,0
159962,0,0,0
25425,0,0,0
189979,0,0,0
15298,0,0,0
370265,0,0,0
145071,0,0,0
277117,0,0,0
386740,0,0,0
383220,0,0,0
4514,0,0,0
64242,0,0,0
178203,0,0,0
246513,0,0,0
199409,0,0,0
170465,0,0,0
23702,0,0,0
226261,0,0,0
157860,0,0,0
145918,0,0,0
260482,0,0,0
398465,0,0,0
11534,0,0,0
333416,0,0,0
238365,0,0,0
23595,0,0,0
80135,0,0,0
225138,0,0,0
11287,0,0,0
140495,0,0,0
228870,0,0,0
115682,0,0,0
46985,0,0,0
79079,0,0,0
205305,0,0,0
407079,0,0,0
252184,0,0,0
157369,0,0,0
4372,0,0,0
305711,0,0,0
117623,0,0,0
41843,0,0,0
207836,0,0,0
208765,0,0,0
150994,0,0,0
410341,0,0,0
345808,0,0,0
167239,0,0,0
67803,0,0,0
195748,0,0,0
53306,0,0,0
341412,0,0,0
369022,0,0,0
145544,0,0,0
291931,0,0,0
383469,0,0,0
307188,0,0,0
380565,0,0,0
101434,0,0,0
189883,0,0,0
296311,0,0,0
219630,0,0,0
83048,0,0,0
312400,0,0,0
313975,0,0,0
126008,0,0,0
192199,0,0,0
78311,0,0,0
371294,0,0,0
83062,0,0,0
68586,0,0,0
408353,0,0,0
86186,0,0,0
11586,0,0,0
192879,0,0,0
398244,0,0,0
240199,0,0,0
264366,0,0,0
44163,0,0,0
35470,0,0,0
136199,0,0,0
315016,0,0,0
34129,0,0,0
269133,0,0,0
258648,0,0,0
267433,0,0,0
405492,0,0,0
111284,0,0,0
222732,0,0,0
312851,0,0,0
296627,0,0,0
275188,0,0,0
383260,0,0,0
107587,0,0,0
35260,0,0,0
313169,0,0,0
76993,0,0,0
407711,0,0,0
337592,0,0,0
55081,0,0,0
361458,0,0,0
393614,0,0,0
178265,0,0,0
103106,0,0,0
125415,0,0,0
348435,0,0,0
319097,0,0,0
130115,0,0,0
390424,0,0,0
283788,0,0,0
273065,0,0,0
71992,0,0,0
56990,0,0,0
399728,0,0,0
138198,0,0,0
55980,0,0,0
147101,0,0,0
337328,0,0,0
75705,0,0,0
395899,0,0,0
53901,0,0,0
404276,0,0,0
116813,0,0,0
394702,0,0,0
368379,0,0,0
329604,0,0,0
33991,0,0,0
27998,0,0,0
362479,0,0,0
170670,0,0,0
218376,0,0,0
38431,0,0,0
402065,0,0,0
267974,0,0,0
83816,0,0,0
45935,0,0,0
205738,0,0,0
291954,0,0,0
288334,0,0,0
155787,0,0,0
149368,0,0,0
316479,0,0,0
179165,0,0,0
28783,0,0,0
234408,0,0,0
375017,0,0,0
258861,0,0,0
212625,0,0,0
181276,0,0,0
117259,0,0,0
145431,0,0,0
187997,0,0,0
164258,0,0,0
20618,0,0,0
202487,0,0,0
242524,0,0,0
155687,0,0,0
266490,0,0,0
230643,0,0,0
326930,0,0,0
339493,0,0,0
94219,0,0,0
181735,0,0,0
196954,0,0,0
12047,0,0,0
40135,0,0,0
379344,0,0,0
162551,0,0,0
275358,0,0,0
356728,0,0,0
295155,0,0,0
385289,0,0,0
165637,0,0,0
70517,0,0,0
262552,0,0,0
150739,0,0,0
189697,0,0,0
5505,0,0,0
235109,0,0,0
29638,0,0,0
158476,0,0,0
105932,0,0,0
137193,0,0,0
316677,0,0,0
60304,0,0,0
180773,0,0,0
266390,0,0,0
85393,0,0,0
217585,0,0,0
87548,0,0,0
157564,0,0,0
56608,0,0,0
81258,0,0,0
170404,0,0,0
202427,0,0,0
258885,0,0,0
132952,0,0,0
328491,0,0,0
58261,0,0,0
263496,0,0,0
158013,0,0,0
255151,0,0,0
55860,0,0,0
126016,0,0,0
344453,0,0,0
292800,0,0,0
139857,0,0,0
55510,0,0,0
139075,0,0,0
192903,0,0,0
367969,0,0,0
355551,0,0,0
329853,0,0,0
158574,0,0,0
180695,0,0,0
26402,0,0,0
381546,0,0,0
157889,0,0,0
408623,0,0,0
104123,0,0,0
224146,0,0,0
350308,0,0,0
238599,0,0,0
363438,0,0,0
383494,0,0,0
25310,0,0,0
38219,0,0,0
202883,0,0,0
145901,0,0,0
107644,0,0,0
362928,0,0,0
278581,0,0,0
242364,0,0,0
339533,0,0,0
135881,0,0,0
25679,0,0,0
36105,0,0,0
267238,0,0,0
303741,0,0,0
308192,0,0,0
188491,0,0,0
151407,0,0,0
392218,0,0,0
77806,0,0,0
371542,0,0,0
315966,0,0,0
237381,0,0,0
385925,0,0,0
155075,0,0,0
358560,0,0,0
350342,0,0,0
264949,0,0,0
328951,0,0,0
120443,0,0,0
385390,0,0,0
347098,0,0,0
65393,0,0,0
139142,0,0,0
256579,0,0,0
410012,0,0,0
27798,0,0,0
91068,0,0,0
386061,0,0,0
50722,0,0,0
267682,0,0,0
215833,0,0,0
42919,0,0,0
89142,0,0,0
294012,0,0,0
407525,0,0,0
96295,0,0,0
25352,0,0,0
165077,0,0,0
247295,0,0,0
185878,0,0,0
27467,0,0,0
133871,0,0,0
401327,0,0,0
163397,0,0,0
127457,0,0,0
344908,0,0,0
58621,0,0,0
319118,0,0,0
274292,0,0,0
107447,0,0,0
339360,0,0,0
59131,0,0,0
354945,0,0,0
99291,0,0,0
320616,0,0,0
126029,0,0,0
223439,0,0,0
399570,0,0,0
234954,0,0,0
188032,0,0,0
30621,0,0,0
289144,0,0,0
194844,0,0,0
203040,0,0,0
354127,0,0,0
64323,0,0,0
296701,0,0,0
47169,0,0,0
305084,0,0,0
233311,0,0,0
366607,0,0,0
328183,0,0,0
226117,0,0,0
40722,0,0,0
260086,0,0,0
68393,0,0,0
410308,0,0,0
133654,0,0,0
287246,0,0,0
407283,0,0,0
161776,0,0,0
249491,0,0,0
324589,0,0,0
203494,0,0,0
225725,0,0,0
72198,0,0,0
183573,0,0,0
34500,0,0,0
300442,0,0,0
317880,0,0,0
372655,0,0,0
388024,0,0,0
240163,0,0,0
64162,0,0,0
321827,0,0,0
70455,0,0,0
380005,0,0,0
176012,0,0,0
365152,0,0,0
94889,0,0,0
184982,0,0,0
96289,0,0,0
102797,0,0,0
168924,0,0,0
352143,0,0,0
298057,0,0,0
1240,0,0,0
371858,0,0,0
133242,0,0,0
40029,0,0,0
164642,0,0,0
308643,0,0,0
103010,0,0,0
124685,0,0,0
50431,0,0,0
265591,0,0,0
53659,0,0,0
108615,0,0,0
143322,0,0,0
260789,0,0,0
69911,0,0,0
70645,0,0,0
284710,0,0,0
3667,0,0,0
109146,0,0,0
34513,0,0,0
292178,0,0,0
149142,0,0,0
377150,0,0,0
274776,0,0,0
245303,0,0,0
96958,0,0,0
344940,0,0,0
74520,0,0,0
371126,0,0,0
410096,0,0,0
391021,0,0,0
89168,0,0,0
240256,0,0,0
350829,0,0,0
334181,0,0,0
395460,0,0,0
402525,0,0,0
221879,0,0,0
227715,0,0,0
228873,0,0,0
162358,0,0,0
34234,0,0,0
678,0,0,0
56794,0,0,0
91583,0,0,0
378114,0,0,0
26831,0,0,0
236500,0,0,0
206034,0,0,0
163650,0,0,0
260416,0,0,0
100280,0,0,0
193392,0,0,0
37041,0,0,0
128757,0,0,0
119506,0,0,0
80862,0,0,0
279348,0,0,0
194991,0,0,0
360957,0,0,0
170191,0,0,0
291844,0,0,0
399005,0,0,0
54936,0,0,0
214175,0,0,0
197567,0,0,0
349302,0,0,0
180302,0,0,0
397789,0,0,0
41167,0,0,0
377287,0,0,0
290901,0,0,0
12496,0,0,0
215501,0,0,0
25457,0,0,0
166701,0,0,0
354474,0,0,0
245231,0,0,0
169368,0,0,0
309483,0,0,0
313970,0,0,0
399511,0,0,0
382020,0,0,0
405799,0,0,0
83932,0,0,0
337267,0,0,0
338604,0,0,0
12608,0,0,0
179022,0,0,0
64679,0,0,0
85101,0,0,0
6137,0,0,0
293775,0,0,0
59998,0,0,0
347884,0,0,0
123328,0,0,0
134130,0,0,0
143955,0,0,0
220627,0,0,0
89735,0,0,0
320224,0,0,0
70489,0,0,0
248283,0,0,0
275687,0,0,0
197583,0,0,0
358402,0,0,0
198674,0,0,0
112858,0,0,0
39341,0,0,0
105176,0,0,0
143619,0,0,0
118843,0,0,0
214434,0,0,0
366199,0,0,0
8434,0,0,0
201371,0,0,0
237817,0,0,0
409585,0,0,0
51471,0,0,0
18580,0,0,0
302914,0,0,0
334242,0,0,0
322403,0,0,0
341816,0,0,0
385396,0,0,0
280655,0,0,0
300552,0,0,0
70782,0,0,0
257582,0,0,0
97473,0,0,0
355111,0,0,0
353459,0,0,0
287954,0,0,0
281230,0,0,0
251614,0,0,0
121230,0,0,0
191863,0,0,0
373895,0,0,0
142611,0,0,0
380192,0,0,0
241955,0,0,0
242568,0,0,0
286290,0,0,0
39414,0,0,0
151752,0,0,0
161488,0,0,0
216552,0,0,0
69562,0,0,0
102005,0,0,0
140379,0,0,0
78786,0,0,0
156664,0,0,0
269988,0,0,0
149147,0,0,0
185975,0,0,0
54817,0,0,0
102018,0,0,0
350852,0,0,0
275471,0,0,0
189181,0,0,0
179511,0,0,0
139897,0,0,0
285609,0,0,0
42834,0,0,0
131326,0,0,0
246714,0,0,0
385014,0,0,0
365000,0,0,0
274889,0,0,0
145148,0,0,0
286382,0,0,0
291884,0,0,0
406608,0,0,0
350043,0,0,0
158076,0,0,0
256625,0,0,0
42357,0,0,0
45308,0,0,0
354763,0,0,0
215265,0,0,0
298806,0,0,0
184811,0,0,0
101878,0,0,0
285104,0,0,0
112581,0,0,0
382851,0,0,0
159848,0,0,0
101358,0,0,0
91022,0,0,0
45704,0,0,0
355950,0,0,0
374490,0,0,0
401999,0,0,0
282922,0,0,0
74900,0,0,0
372170,0,0,0
83419,0,0,0
79422,0,0,0
224748,0,0,0
43340,0,0,0
80295,0,0,0
204072,0,0,0
290247,0,0,0
372560,0,0,0
85034,0,0,0
395638,0,0,0
339255,0,0,0
340798,0,0,0
201367,0,0,0
366635,0,0,0
347679,0,0,0
394175,0,0,0
397323,0,0,0
185048,0,0,0
254748,0,0,0
95115,0,0,0
393344,0,0,0
140292,0,0,0
145322,0,0,0
103530,0,0,0
397563,0,0,0
13073,0,0,0
50025,0,0,0
341624,0,0,0
246054,0,0,0
262610,0,0,0
71881,0,0,0
175369,0,0,0
171442,0,0,0
41680,0,0,0
345299,0,0,0
291391,0,0,0
190523,0,0,0
73447,0,0,0
406857,0,0,0
194726,0,0,0
261682,0,0,0
15101,0,0,0
82443,0,0,0
20342,0,0,0
372883,0,0,0
140228,0,0,0
143139,0,0,0
156106,0,0,0
212246,0,0,0
87394,0,0,0
59655,0,0,0
212902,0,0,0
127707,0,0,0
143945,0,0,0
128748,0,0,0
378943,0,0,0
116442,0,0,0
290007,0,0,0
50924,0,0,0
45279,0,0,0
214482,0,0,0
179658,0,0,0
298577,0,0,0
375176,0,0,0
272251,0,0,0
266855,0,0,0
51002,0,0,0
101197,0,0,0
85528,0,0,0
98331,0,0,0
222872,0,0,0
71945,0,0,0
77833,0,0,0
218652,0,0,0
257950,0,0,0
219999,0,0,0
398537,0,0,0
293391,0,0,0
252544,0,0,0
209036,0,0,0
124386,0,0,0
237755,0,0,0
174946,0,0,0
75711,0,0,0
244573,0,0,0
160140,0,0,0
151106,0,0,0
332251,0,0,0
138975,0,0,0
267483,0,0,0
175698,0,0,0
51004,0,0,0
277485,0,0,0
275637,0,0,0
325452,0,0,0
25156,0,0,0
103551,0,0,0
260771,0,0,0
16516,0,0,0
120051,0,0,0
278066,0,0,0
343857,0,0,0
98340,0,0,0
24963,0,0,0
11544,0,0,0
314922,0,0,0
1458,0,0,0
326014,0,0,0
62121,0,0,0
176213,0,0,0
250282,0,0,0
390082,0,0,0
360134,0,0,0
154014,0,0,0
181328,0,0,0
366898,0,0,0
377339,0,0,0
145568,0,0,0
43945,0,0,0
7595,0,0,0
334294,0,0,0
351357,0,0,0
321262,0,0,0
156690,0,0,0
339661,0,0,0
172408,0,0,0
404238,0,0,0
389071,0,0,0
129156,0,0,0
221885,0,0,0
45848,0,0,0
146651,0,0,0
176613,0,0,0
288213,0,0,0
379475,0,0,0
165761,0,0,0
262519,0,0,0
150640,0,0,0
209124,0,0,0
284362,0,0,0
201071,0,0,0
104705,0,0,0
367279,0,0,0
483,0,0,0
252512,0,0,0
191733,0,0,0
295654,0,0,0
376195,0,0,0
131105,0,0,0
351047,0,0,0
260754,0,0,0
134113,0,0,0
35018,0,0,0
49693,0,0,0
292296,0,0,0
170662,0,0,0
195025,0,0,0
66098,0,0,0
191635,0,0,0
253514,0,0,0
34684,0,0,0
400443,0,0,0
401535,0,0,0
397835,0,0,0
305065,0,0,0
179656,0,0,0
275915,0,0,0
373502,0,0,0
80137,0,0,0
351432,0,0,0
160548,0,0,0
67148,0,0,0
265276,0,0,0
357861,0,0,0
8118,0,0,0
348248,0,0,0
239218,0,0,0
377549,0,0,0
162467,0,0,0
336178,0,0,0
338699,0,0,0
391161,0,0,0
348983,0,0,0
93666,0,0,0
409695,0,0,0
291893,0,0,0
327620,0,0,0
276138,0,0,0
250186,0,0,0
350696,0,0,0
124690,0,0,0
61151,0,0,0
139560,0,0,0
289355,0,0,0
18583,0,0,0
228880,0,0,0
254259,0,0,0
29358,0,0,0
261211,0,0,0
71445,0,0,0
32631,0,0,0
233034,0,0,0
257703,0,0,0
271437,0,0,0
389260,0,0,0
387595,0,0,0
34287,0,0,0
363948,0,0,0
115976,0,0,0
131975,0,0,0
314729,0,0,0
293695,0,0,0
311232,0,0,0
249552,0,0,0
393932,0,0,0
62846,0,0,0
346807,0,0,0
317372,0,0,0
402924,0,0,0
44619,0,0,0
350443,0,0,0
344883,0,0,0
57597,0,0,0
218980,0,0,0
385100,0,0,0
365621,0,0,0
405134,0,0,0
155634,0,0,0
323295,0,0,0
134418,0,0,0
260543,0,0,0
245862,0,0,0
36038,0,0,0
398910,0,0,0
259351,0,0,0
197836,0,0,0
318897,0,0,0
122829,0,0,0
10249,0,0,0
97768,0,0,0
43891,0,0,0
119545,0,0,0
240224,0,0,0
20939,0,0,0
292467,0,0,0
141706,0,0,0
241730,0,0,0
139855,0,0,0
47158,0,0,0
60731,0,0,0
72914,0,0,0
15368,0,0,0
115439,0,0,0
327866,0,0,0
70687,0,0,0
231622,0,0,0
404214,0,0,0
156076,0,0,0
396677,0,0,0
317329,0,0,0
237534,0,0,0
276420,0,0,0
184500,0,0,0
282691,0,0,0
216568,0,0,0
63411,0,0,0
99718,0,0,0
316789,0,0,0
193155,0,0,0
300980,0,0,0
223638,0,0,0
177360,0,0,0
218172,0,0,0
390761,0,0,0
366373,0,0,0
101253,0,0,0
305648,0,0,0
264246,0,0,0
150224,0,0,0
246301,0,0,0
79574,0,0,0
393377,0,0,0
52477,0,0,0
126512,0,0,0
183888,0,0,0
149621,0,0,0
104115,0,0,0
247869,0,0,0
300190,0,0,0
344932,0,0,0
44557,0,0,0
14801,0,0,0
133518,0,0,0
175752,0,0,0
56943,0,0,0
374592,0,0,0
360100,0,0,0
282945,0,0,0
38732,0,0,0
237124,0,0,0
20985,0,0,0
194735,0,0,0
387655,0,0,0
21317,0,0,0
37006,0,0,0
198131,0,0,0
185961,0,0,0
157459,0,0,0
224244,0,0,0
161928,0,0,0
252607,0,0,0
157578,0,0,0
304968,0,0,0
17040,0,0,0
351427,0,0,0
123728,0,0,0
196283,0,0,0
278094,0,0,0
324255,0,0,0
360672,0,0,0
375263,0,0,0
12629,0,0,0
184542,0,0,0
321233,0,0,0
287871,0,0,0
307111,0,0,0
229114,0,0,0
79252,0,0,0
15273,0,0,0
34518,0,0,0
403614,0,0,0
16320,0,0,0
57398,0,0,0
33157,0,0,0
164288,0,0,0
259406,0,0,0
253063,0,0,0
188835,0,0,0
104419,0,0,0
276563,0,0,0
162629,0,0,0
172937,0,0,0
382941,0,0,0
48648,0,0,0
292336,0,0,0
394014,0,0,0
330086,0,0,0
292774,0,0,0
185589,0,0,0
203140,0,0,0
75053,0,0,0
17562,0,0,0
243487,0,0,0
3134,0,0,0
223287,0,0,0
13450,0,0,0
31350,0,0,0
203881,0,0,0
386564,0,0,0
288681,0,0,0
101659,0,0,0
104608,0,0,0
39358,0,0,0
329452,0,0,0
250488,0,0,0
24998,0,0,0
241161,0,0,0
98835,0,0,0
324719,0,0,0
118305,0,0,0
145644,0,0,0
89649,0,0,0
130307,0,0,0
86019,0,0,0
64783,0,0,0
136712,0,0,0
95262,0,0,0
179778,0,0,0
288238,0,0,0
258355,0,0,0
136884,0,0,0
60663,0,0,0
371610,0,0,0
355867,0,0,0
208230,0,0,0
164685,0,0,0
201637,0,0,0
290818,0,0,0
394761,0,0,0
375075,0,0,0
3090,0,0,0
287019,0,0,0
348805,0,0,0
403639,0,0,0
226789,0,0,0
124726,0,0,0
227975,0,0,0
280950,0,0,0
157334,0,0,0
337925,0,0,0
308362,0,0,0
409324,0,0,0
95896,0,0,0
339670,0,0,0
114999,0,0,0
264400,0,0,0
292278,0,0,0
151248,0,0,0
248496,0,0,0
378777,0,0,0
162566,0,0,0
273636,0,0,0
203259,0,0,0
75425,0,0,0
234430,0,0,0
327430,0,0,0
194816,0,0,0
254802,0,0,0
323715,0,0,0
244370,0,0,0
164001,0,0,0
322392,0,0,0
235551,0,0,0
186960,0,0,0
84347,0,0,0
56823,0,0,0
311053,0,0,0
207123,0,0,0
389099,0,0,0
247872,0,0,0
12316,0,0,0
51537,0,0,0
203838,0,0,0
81508,0,0,0
247372,0,0,0
48436,0,0,0
98179,0,0,0
333931,0,0,0
284877,0,0,0
68153,0,0,0
332911,0,0,0
299377,0,0,0
791,0,0,0
77250,0,0,0
349462,0,0,0
163946,0,0,0
398509,0,0,0
375773,0,0,0
231680,0,0,0
363716,0,0,0
212904,0,0,0
78323,0,0,0
274584,0,0,0
391555,0,0,0
256212,0,0,0
309938,0,0,0
410507,0,0,0
143226,0,0,0
105034,0,0,0
190873,0,0,0
375575,0,0,0
239564,0,0,0
120647,0,0,0
309982,0,0,0
240243,0,0,0
107947,0,0,0
223794,0,0,0
20133,0,0,0
200792,0,0,0
67748,0,0,0
141936,0,0,0
360589,0,0,0
371663,0,0,0
74514,0,0,0
222641,0,0,0
57284,0,0,0
107049,0,0,0
198079,0,0,0
235979,0,0,0
37678,0,0,0
247991,0,0,0
117132,0,0,0
374300,0,0,0
299263,0,0,0
338141,0,0,0
77514,0,0,0
340500,0,0,0
72558,0,0,0
185512,0,0,0
269672,0,0,0
85666,0,0,0
159333,0,0,0
407892,0,0,0
403233,0,0,0
44515,0,0,0
254917,0,0,0
147296,0,0,0
325215,0,0,0
150440,0,0,0
348659,0,0,0
374690,0,0,0
171708,0,0,0
243462,0,0,0
241998,0,0,0
239530,0,0,0
322824,0,0,0
3067,0,0,0
250985,0,0,0
140547,0,0,0
95195,0,0,0
214832,0,0,0
307281,0,0,0
242386,0,0,0
131407,0,0,0
77657,0,0,0
132159,0,0,0
324602,0,0,0
32684,0,0,0
338653,0,0,0
228865,0,0,0
326414,0,0,0
301230,0,0,0
387072,0,0,0
243036,0,0,0
170301,0,0,0
399988,0,0,0
171997,0,0,0
124296,0,0,0
233166,0,0,0
170028,0,0,0
88990,0,0,0
248950,0,0,0
191061,0,0,0
114100,0,0,0
287503,0,0,0
375864,0,0,0
162336,0,0,0
41893,0,0,0
96556,0,0,0
382025,0,0,0
111010,0,0,0
93747,0,0,0
336166,0,0,0
77455,0,0,0
203458,0,0,0
184018,0,0,0
190821,0,0,0
290601,0,0,0
150985,0,0,0
396139,0,0,0
219083,0,0,0
291458,0,0,0
120834,0,0,0
225587,0,0,0
178126,0,0,0
193526,0,0,0
51934,0,0,0
348567,0,0,0
45702,0,0,0
129350,0,0,0
403542,0,0,0
352028,0,0,0
319993,0,0,0
91428,0,0,0
399585,0,0,0
300486,0,0,0
267689,0,0,0
358980,0,0,0
140407,0,0,0
101129,0,0,0
43919,0,0,0
102059,0,0,0
167145,0,0,0
339933,0,0,0
65186,0,0,0
182611,0,0,0
379571,0,0,0
206012,0,0,0
180749,0,0,0
402399,0,0,0
329176,0,0,0
147955,0,0,0
55211,0,0,0
293109,0,0,0
220715,0,0,0
134344,0,0,0
356334,0,0,0
217951,0,0,0
372856,0,0,0
154925,0,0,0
116047,0,0,0
4647,0,0,0
392606,0,0,0
94066,0,0,0
235778,0,0,0
13518,0,0,0
274411,0,0,0
228525,0,0,0
372586,0,0,0
405208,0,0,0
389989,0,0,0
316071,0,0,0
202992,0,0,0
394281,0,0,0
137699,0,0,0
383369,0,0,0
143755,0,0,0
349404,0,0,0
277786,0,0,0
213241,0,0,0
40643,0,0,0
541,0,0,0
142388,0,0,0
21762,0,0,0
397428,0,0,0
305056,0,0,0
409699,0,0,0
160058,0,0,0
87078,0,0,0
116573,0,0,0
100107,0,0,0
106298,0,0,0
102064,0,0,0
134763,0,0,0
266850,0,0,0
299463,0,0,0
130826,0,0,0
26309,0,0,0
136848,0,0,0
171401,0,0,0
194399,0,0,0
45073,0,0,0
334383,0,0,0
25634,0,0,0
217385,0,0,0
123433,0,0,0
357098,0,0,0
166355,0,0,0
40212,0,0,0
13508,0,0,0
352374,0,0,0
265525,0,0,0
61571,0,0,0
165745,0,0,0
355260,0,0,0
303261,0,0,0
390530,0,0,0
316972,0,0,0
25961,0,0,0
390979,0,0,0
241637,0,0,0
287792,0,0,0
245230,0,0,0
298377,0,0,0
332557,0,0,0
377737,0,0,0
91782,0,0,0
109999,0,0,0
146750,0,0,0
311235,0,0,0
14862,0,0,0
408492,0,0,0
28780,0,0,0
333433,0,0,0
334577,0,0,0
19114,0,0,0
135596,0,0,0
194613,0,0,0
394926,0,0,0
229622,0,0,0
383183,0,0,0
250676,0,0,0
157627,0,0,0
111394,0,0,0
43832,0,0,0
371332,0,0,0
93312,0,0,0
240070,0,0,0
213756,0,0,0
188216,0,0,0
24883,0,0,0
66069,0,0,0
35829,0,0,0
132170,0,0,0
117113,0,0,0
319014,0,0,0
69316,0,0,0
264385,0,0,0
276168,0,0,0
69475,0,0,0
297750,0,0,0
383397,0,0,0
115890,0,0,0
131557,0,0,0
265993,0,0,0
203135,0,0,0
239239,0,0,0
326829,0,0,0
204779,0,0,0
104096,0,0,0
277367,0,0,0
351729,0,0,0
377463,0,0,0
262543,0,0,0
274858,0,0,0
317451,0,0,0
227776,0,0,0
410196,0,0,0
273513,0,0,0
129647,0,0,0
348146,0,0,0
91603,0,0,0
37624,0,0,0
262227,0,0,0
367469,0,0,0
315251,0,0,0
373395,0,0,0
392470,0,0,0
29641,0,0,0
66559,0,0,0
87031,0,0,0
4413,0,0,0
13848,0,0,0
219475,0,0,0
192665,0,0,0
156949,0,0,0
282467,0,0,0
232467,0,0,0
206986,0,0,0
108370,0,0,0
267341,0,0,0
388171,0,0,0
253528,0,0,0
328387,0,0,0
355172,0,0,0
209622,0,0,0
215825,0,0,0
98909,0,0,0
93358,0,0,0
243407,0,0,0
55272,0,0,0
28083,0,0,0
55887,0,0,0
108652,0,0,0
337192,0,0,0
337423,0,0,0
281946,0,0,0
231536,0,0,0
226521,0,0,0
395897,0,0,0
399110,0,0,0
72267,0,0,0
109027,0,0,0
95087,0,0,0
197927,0,0,0
121223,0,0,0
395340,0,0,0
353497,0,0,0
21481,0,0,0
213880,0,0,0
229326,0,0,0
124379,0,0,0
30,0,0,0
201349,0,0,0
178193,0,0,0
374626,0,0,0
13078,0,0,0
363608,0,0,0
59206,0,0,0
336028,0,0,0
192758,0,0,0
155078,0,0,0
141665,0,0,0
299176,0,0,0
97097,0,0,0
291654,0,0,0
168546,0,0,0
385612,0,0,0
255628,0,0,0
231372,0,0,0
64541,0,0,0
165024,0,0,0
222577,0,0,0
313991,0,0,0
293280,0,0,0
218350,0,0,0
351387,0,0,0
165349,0,0,0
113902,0,0,0
36570,0,0,0
114134,0,0,0
298344,0,0,0
372454,0,0,0
228375,0,0,0
248850,0,0,0
113151,0,0,0
658,0,0,0
125788,0,0,0
310723,0,0,0
176810,0,0,0
6266,0,0,0
148416,0,0,0
106974,0,0,0
345456,0,0,0
336201,0,0,0
368605,0,0,0
123180,0,0,0
305364,0,0,0
405664,0,0,0
365342,0,0,0
207371,0,0,0
252913,0,0,0
20521,0,0,0
403450,0,0,0
133372,0,0,0
127829,0,0,0
158282,0,0,0
348005,0,0,0
265465,0,0,0
232929,0,0,0
38246,0,0,0
12395,0,0,0
305692,0,0,0
186071,0,0,0
342590,0,0,0
197568,0,0,0
146389,0,0,0
76169,0,0,0
341416,0,0,0
36639,0,0,0
251039,0,0,0
156954,0,0,0
122898,0,0,0
1840,0,0,0
23607,0,0,0
232790,0,0,0
344394,0,0,0
252515,0,0,0
294251,0,0,0
148895,0,0,0
8930,0,0,0
226946,0,0,0
3371,0,0,0
34943,0,0,0
185622,0,0,0
26749,0,0,0
265568,0,0,0
59561,0,0,0
306809,0,0,0
202087,0,0,0
190147,0,0,0
304898,0,0,0
182280,0,0,0
215790,0,0,0
410154,0,0,0
138964,0,0,0
83866,0,0,0
395565,0,0,0
214452,0,0,0
289250,0,0,0
151091,0,0,0
219103,0,0,0
234822,0,0,0
224863,0,0,0
151270,0,0,0
203526,0,0,0
401840,0,0,0
271727,0,0,0
52188,0,0,0
46504,0,0,0
353327,0,0,0
9778,0,0,0
387160,0,0,0
107641,0,0,0
102661,0,0,0
217544,0,0,0
375916,0,0,0
162707,0,0,0
299722,0,0,0
221886,0,0,0
152741,0,0,0
237659,0,0,0
266495,0,0,0
142119,0,0,0
338762,0,0,0
198145,0,0,0
44926,0,0,0
113220,0,0,0
148161,0,0,0
308472,0,0,0
223823,0,0,0
82293,0,0,0
936,0,0,0
69169,0,0,0
39607,0,0,0
405739,0,0,0
191705,0,0,0
130371,0,0,0
215599,0,0,0
364788,0,0,0
302533,0,0,0
403335,0,0,0
357042,0,0,0
339551,0,0,0
31283,0,0,0
184173,0,0,0
213305,0,0,0
363036,0,0,0
284471,0,0,0
384893,0,0,0
364334,0,0,0
356057,0,0,0
160505,0,0,0
65657,0,0,0
306841,0,0,0
198421,0,0,0
223617,0,0,0
218207,0,0,0
338609,0,0,0
364274,0,0,0
195548,0,0,0
10009,0,0,0
243559,0,0,0
35826,0,0,0
203297,0,0,0
321098,0,0,0
66753,0,0,0
18093,0,0,0
30399,0,0,0
375730,0,0,0
72871,0,0,0
24036,0,0,0
86401,0,0,0
148328,0,0,0
143590,0,0,0
153958,0,0,0
239977,0,0,0
396199,0,0,0
307314,0,0,0
370841,0,0,0
408448,0,0,0
221813,0,0,0
366216,0,0,0
56277,0,0,0
357962,0,0,0
302668,0,0,0
8126,0,0,0
204952,0,0,0
110146,0,0,0
79386,0,0,0
179130,0,0,0
318770,0,0,0
299341,0,0,0
161256,0,0,0
266214,0,0,0
209311,0,0,0
277720,0,0,0
236333,0,0,0
177499,0,0,0
357248,0,0,0
105898,0,0,0
226864,0,0,0
361924,0,0,0
103655,0,0,0
368485,0,0,0
148400,0,0,0
367127,0,0,0
126034,0,0,0
16787,0,0,0
32477,0,0,0
275645,0,0,0
405457,0,0,0
361431,0,0,0
173079,0,0,0
341634,0,0,0
264774,0,0,0
395498,0,0,0
208639,0,0,0
41377,0,0,0
47280,0,0,0
401138,0,0,0
208371,0,0,0
259,0,0,0
325261,0,0,0
205684,0,0,0
40604,0,0,0
287823,0,0,0
238986,0,0,0
187825,0,0,0
76436,0,0,0
142577,0,0,0
198847,0,0,0
337538,0,0,0
20467,0,0,0
138028,0,0,0
10111,0,0,0
42439,0,0,0
390934,0,0,0
247083,0,0,0
233898,0,0,0
165759,0,0,0
367727,0,0,0
303382,0,0,0
340560,0,0,0
8655,0,0,0
130446,0,0,0
197262,0,0,0
184227,0,0,0
266110,0,0,0
266994,0,0,0
28927,0,0,0
242027,0,0,0
53883,0,0,0
125037,0,0,0
157026,0,0,0
139863,0,0,0
85745,0,0,0
261849,0,0,0
124858,0,0,0
283792,0,0,0
146072,0,0,0
233672,0,0,0
201975,0,0,0
54946,0,0,0
117694,0,0,0
237947,0,0,0
234579,0,0,0
17899,0,0,0
17921,0,0,0
388011,0,0,0
355496,0,0,0
240686,0,0,0
204528,0,0,0
305376,0,0,0
41416,0,0,0
167950,0,0,0
173230,0,0,0
35378,0,0,0
153197,0,0,0
241939,0,0,0
225021,0,0,0
261348,0,0,0
304748,0,0,0
54478,0,0,0
243421,0,0,0
281131,0,0,0
400607,0,0,0
396616,0,0,0
389805,0,0,0
123897,0,0,0
151012,0,0,0
349838,0,0,0
344351,0,0,0
311213,0,0,0
30401,0,0,0
393656,0,0,0
377013,0,0,0
216396,0,0,0
98527,0,0,0
398845,0,0,0
62952,0,0,0
194795,0,0,0
65351,0,0,0
165322,0,0,0
127610,0,0,0
82313,0,0,0
73082,0,0,0
102028,0,0,0
237178,0,0,0
4340,0,0,0
174721,0,0,0
222274,0,0,0
292965,0,0,0
344269,0,0,0
210392,0,0,0
92389,0,0,0
277800,0,0,0
241090,0,0,0
72154,0,0,0
314038,0,0,0
49052,0,0,0
194820,0,0,0
236209,0,0,0
81204,0,0,0
45329,0,0,0
209163,0,0,0
362395,0,0,0
387525,0,0,0
143579,0,0,0
161484,0,0,0
114611,0,0,0
249857,0,0,0
270869,0,0,0
61186,0,0,0
204108,0,0,0
31922,0,0,0
177965,0,0,0
177087,0,0,0
379553,0,0,0
45709,0,0,0
136583,0,0,0
114637,0,0,0
383863,0,0,0
170550,0,0,0
281798,0,0,0
210844,0,0,0
277295,0,0,0
70540,0,0,0
263305,0,0,0
357703,0,0,0
67159,0,0,0
98982,0,0,0
331329,0,0,0
207154,0,0,0
58373,0,0,0
253749,0,0,0
213589,0,0,0
13858,0,0,0
406889,0,0,0
48761,0,0,0
142050,0,0,0
12013,0,0,0
200031,0,0,0
142206,0,0,0
139680,0,0,0
286705,0,0,0
154955,0,0,0
321479,0,0,0
65994,0,0,0
107083,0,0,0
183472,0,0,0
778,0,0,0
363207,0,0,0
409075,0,0,0
404828,0,0,0
171343,0,0,0
312450,0,0,0
12961,0,0,0
367204,0,0,0
398953,0,0,0
203390,0,0,0
281519,0,0,0
134353,0,0,0
313204,0,0,0
197964,0,0,0
242107,0,0,0
19813,0,0,0
51395,0,0,0
263205,0,0,0
151958,0,0,0
159241,0,0,0
317198,0,0,0
29113,0,0,0
185457,0,0,0
20082,0,0,0
178459,0,0,0
211914,0,0,0
346961,0,0,0
339098,0,0,0
269701,0,0,0
20307,0,0,0
328342,0,0,0
117789,0,0,0
160133,0,0,0
298154,0,0,0
326164,0,0,0
318665,0,0,0
134692,0,0,0
172156,0,0,0
196762,0,0,0
71785,0,0,0
213843,0,0,0
306351,0,0,0
60546,0,0,0
207589,0,0,0
187050,0,0,0
80011,0,0,0
1008,0,0,0
371704,0,0,0
238312,0,0,0
283940,0,0,0
22642,0,0,0
196044,0,0,0
129145,0,0,0
81303,0,0,0
234298,0,0,0
162528,0,0,0
64716,0,0,0
163138,0,0,0
107782,0,0,0
95119,0,0,0
74997,0,0,0
352923,0,0,0
162195,0,0,0
124842,0,0,0
401971,0,0,0
238473,0,0,0
395277,0,0,0
125538,0,0,0
100132,0,0,0
57826,0,0,0
113125,0,0,0
135849,0,0,0
201672,0,0,0
226952,0,0,0
31359,0,0,0
275986,0,0,0
352766,0,0,0
143202,0,0,0
90664,0,0,0
206899,0,0,0
263448,0,0,0
393660,0,0,0
93681,0,0,0
373010,0,0,0
286546,0,0,0
253671,0,0,0
313154,0,0,0
72614,0,0,0
227469,0,0,0
64433,0,0,0
252369,0,0,0
46350,0,0,0
290252,0,0,0
56415,0,0,0
5004,0,0,0
3936,0,0,0
353379,0,0,0
374450,0,0,0
323170,0,0,0
76821,0,0,0
111914,0,0,0
63254,0,0,0
231610,0,0,0
96210,0,0,0
201754,0,0,0
192655,0,0,0
144432,0,0,0
225784,0,0,0
159620,0,0,0
201345,0,0,0
181840,0,0,0
231052,0,0,0
115196,0,0,0
201417,0,0,0
8397,0,0,0
147742,0,0,0
355348,0,0,0
139569,0,0,0
52697,0,0,0
266958,0,0,0
189423,0,0,0
105817,0,0,0
186344,0,0,0
59103,0,0,0
305426,0,0,0
275964,0,0,0
273066,0,0,0
4733,0,0,0
392310,0,0,0
112977,0,0,0
234095,0,0,0
68031,0,0,0
234736,0,0,0
225958,0,0,0
3535,0,0,0
251512,0,0,0
207363,0,0,0
266662,0,0,0
405608,0,0,0
101532,0,0,0
57968,0,0,0
70894,0,0,0
30475,0,0,0
53174,0,0,0
279365,0,0,0
111320,0,0,0
265089,0,0,0
404767,0,0,0
265128,0,0,0
2344,0,0,0
149145,0,0,0
22228,0,0,0
145198,0,0,0
5963,0,0,0
139942,0,0,0
41624,0,0,0
302173,0,0,0
54324,0,0,0
319221,0,0,0
107220,0,0,0
90060,0,0,0
136732,0,0,0
259037,0,0,0
82087,0,0,0
335279,0,0,0
73925,0,0,0
65933,0,0,0
228277,0,0,0
406351,0,0,0
405964,0,0,0
299094,0,0,0
362954,0,0,0
407604,0,0,0
55641,0,0,0
143133,0,0,0
186975,0,0,0
349451,0,0,0
411070,0,0,0
129593,0,0,0
323930,0,0,0
98655,0,0,0
8830,0,0,0
65910,0,0,0
219133,0,0,0
410152,0,0,0
50459,0,0,0
363915,0,0,0
109894,0,0,0
249750,0,0,0
258590,0,0,0
250271,0,0,0
175951,0,0,0
171438,0,0,0
239262,0,0,0
181696,0,0,0
287292,0,0,0
118781,0,0,0
242957,0,0,0
205445,0,0,0
59800,0,0,0
306828,0,0,0
50222,0,0,0
40446,0,0,0
223775,0,0,0
109664,0,0,0
91330,0,0,0
244784,0,0,0
216527,0,0,0
143004,0,0,0
196697,0,0,0
88621,0,0,0
374091,0,0,0
209593,0,0,0
160424,0,0,0
60886,0,0,0
129295,0,0,0
393498,0,0,0
310821,0,0,0
126147,0,0,0
324516,0,0,0
377158,0,0,0
129253,0,0,0
129688,0,0,0
306888,0,0,0
129724,0,0,0
262833,0,0,0
173177,0,0,0
334000,0,0,0
403649,0,0,0
154296,0,0,0
27056,0,0,0
176819,0,0,0
213622,0,0,0
61473,0,0,0
118455,0,0,0
78129,0,0,0
273442,0,0,0
47300,0,0,0
369272,0,0,0
301505,0,0,0
43815,0,0,0
308917,0,0,0
224632,0,0,0
14117,0,0,0
22612,0,0,0
1276,0,0,0
229576,0,0,0
355519,0,0,0
179883,0,0,0
143638,0,0,0
333648,0,0,0
88171,0,0,0
375823,0,0,0
113162,0,0,0
32591,0,0,0
268377,0,0,0
179756,0,0,0
402021,0,0,0
122599,0,0,0
286706,0,0,0
316460,0,0,0
238368,0,0,0
363591,0,0,0
119631,0,0,0
21173,0,0,0
111896,0,0,0
197199,0,0,0
300204,0,0,0
87787,0,0,0
246872,0,0,0
141592,0,0,0
52900,0,0,0
389144,0,0,0
155637,0,0,0
195211,0,0,0
98324,0,0,0
23906,0,0,0
281526,0,0,0
37595,0,0,0
105694,0,0,0
305298,0,0,0
394779,0,0,0
141316,0,0,0
349566,0,0,0
141730,0,0,0
45891,0,0,0
388455,0,0,0
387338,0,0,0
331765,0,0,0
387504,0,0,0
298801,0,0,0
269539,0,0,0
407457,0,0,0
83065,0,0,0
116877,0,0,0
210043,0,0,0
139947,0,0,0
382348,0,0,0
204121,0,0,0
376221,0,0,0
229638,0,0,0
225489,0,0,0
222070,0,0,0
88908,0,0,0
240432,0,0,0
167136,0,0,0
297671,0,0,0
360789,0,0,0
319165,0,0,0
84813,0,0,0
177126,0,0,0
84639,0,0,0
10302,0,0,0
188860,0,0,0
377386,0,0,0
141589,0,0,0
208700,0,0,0
105926,0,0,0
366406,0,0,0
53318,0,0,0
347044,0,0,0
191594,0,0,0
369121,0,0,0
210231,0,0,0
267214,0,0,0
347350,0,0,0
69407,0,0,0
197986,0,0,0
16680,0,0,0
125552,0,0,0
174284,0,0,0
266502,0,0,0
201047,0,0,0
218886,0,0,0
62689,0,0,0
369567,0,0,0
312877,0,0,0
35520,0,0,0
81974,0,0,0
227089,0,0,0
394269,0,0,0
285667,0,0,0
376356,0,0,0
66114,0,0,0
395475,0,0,0
207670,0,0,0
251577,0,0,0
124400,0,0,0
179027,0,0,0
308509,0,0,0
27539,0,0,0
239142,0,0,0
306935,0,0,0
225600,0,0,0
152873,0,0,0
120692,0,0,0
148976,0,0,0
397872,0,0,0
35575,0,0,0
123440,0,0,0
386997,0,0,0
382409,0,0,0
310020,0,0,0
118674,0,0,0
293719,0,0,0
196771,0,0,0
36114,0,0,0
70203,0,0,0
340869,0,0,0
389073,0,0,0
302751,0,0,0
192147,0,0,0
360273,0,0,0
404653,0,0,0
177526,0,0,0
48879,0,0,0
128872,0,0,0
211027,0,0,0
184582,0,0,0
114033,0,0,0
137465,0,0,0
333061,0,0,0
338894,0,0,0
174717,0,0,0
203167,0,0,0
96643,0,0,0
172073,0,0,0
143704,0,0,0
96400,0,0,0
298842,0,0,0
82967,0,0,0
314906,0,0,0
372397,0,0,0
49296,0,0,0
35179,0,0,0
324501,0,0,0
298861,0,0,0
359491,0,0,0
7308,0,0,0
95634,0,0,0
156471,0,0,0
96604,0,0,0
282380,0,0,0
166606,0,0,0
342542,0,0,0
70395,0,0,0
325383,0,0,0
407910,0,0,0
168890,0,0,0
366444,0,0,0
275192,0,0,0
147066,0,0,0
65864,0,0,0
21577,0,0,0
361717,0,0,0
76951,0,0,0
333967,0,0,0
336877,0,0,0
78163,0,0,0
202238,0,0,0
72014,0,0,0
239320,0,0,0
292618,0,0,0
405996,0,0,0
111009,0,0,0
19773,0,0,0
232576,0,0,0
18263,0,0,0
382913,0,0,0
408337,0,0,0
312893,0,0,0
262440,0,0,0
388750,0,0,0
66043,0,0,0
151196,0,0,0
218538,0,0,0
215505,0,0,0
223335,0,0,0
397416,0,0,0
232637,0,0,0
301475,0,0,0
320801,0,0,0
270739,0,0,0
3069,0,0,0
257230,0,0,0
41208,0,0,0
345656,0,0,0
314225,0,0,0
223555,0,0,0
204822,0,0,0
129814,0,0,0
279777,0,0,0
225387,0,0,0
261358,0,0,0
56952,0,0,0
156506,0,0,0
202581,0,0,0
398805,0,0,0
57096,0,0,0
397234,0,0,0
170944,0,0,0
123039,0,0,0
160705,0,0,0
97996,0,0,0
160535,0,0,0
409442,0,0,0
338843,0,0,0
255271,0,0,0
292200,0,0,0
10823,0,0,0
76144,0,0,0
170212,0,0,0
263396,0,0,0
53935,0,0,0
251163,0,0,0
139260,0,0,0
140704,0,0,0
178802,0,0,0
309883,0,0,0
207279,0,0,0
257720,0,0,0
359845,0,0,0
117321,0,0,0
257876,0,0,0
230240,0,0,0
304415,0,0,0
341613,0,0,0
34845,0,0,0
318506,0,0,0
374898,0,0,0
358680,0,0,0
116309,0,0,0
351514,0,0,0
21772,0,0,0
229178,0,0,0
242310,0,0,0
138604,0,0,0
88526,0,0,0
51611,0,0,0
48115,0,0,0
106141,0,0,0
281473,0,0,0
24736,0,0,0
73732,0,0,0
114046,0,0,0
408665,0,0,0
48109,0,0,0
190373,0,0,0
367192,0,0,0
163855,0,0,0
205576,0,0,0
228802,0,0,0
135303,0,0,0
170871,0,0,0
198237,0,0,0
183498,0,0,0
121153,0,0,0
212983,0,0,0
249476,0,0,0
30419,0,0,0
218851,0,0,0
378666,0,0,0
105192,0,0,0
99345,0,0,0
119360,0,0,0
375842,0,0,0
294126,0,0,0
126743,0,0,0
309348,0,0,0
14655,0,0,0
266403,0,0,0
186703,0,0,0
273811,0,0,0
312131,0,0,0
388219,0,0,0
167061,0,0,0
325210,0,0,0
364005,0,0,0
392084,0,0,0
99688,0,0,0
66125,0,0,0
237457,0,0,0
167843,0,0,0
81273,0,0,0
165230,0,0,0
171349,0,0,0
301832,0,0,0
64982,0,0,0
341260,0,0,0
141988,0,0,0
401198,0,0,0
224470,0,0,0
160684,0,0,0
253912,0,0,0
368595,0,0,0
19713,0,0,0
54071,0,0,0
318054,0,0,0
112317,0,0,0
409869,0,0,0
291147,0,0,0
388034,0,0,0
406457,0,0,0
358985,0,0,0
225478,0,0,0
44994,0,0,0
163175,0,0,0
327568,0,0,0
100780,0,0,0
111273,0,0,0
26531,0,0,0
376272,0,0,0
180494,0,0,0
99814,0,0,0
296530,0,0,0
370463,0,0,0
152284,0,0,0
203832,0,0,0
334795,0,0,0
239444,0,0,0
211608,0,0,0
111375,0,0,0
360204,0,0,0
258172,0,0,0
109812,0,0,0
287502,0,0,0
335701,0,0,0
13085,0,0,0
213216,0,0,0
238707,0,0,0
71295,0,0,0
386710,0,0,0
61702,0,0,0
107819,0,0,0
401076,0,0,0
69102,0,0,0
297890,0,0,0
198095,0,0,0
137872,0,0,0
20102,0,0,0
367057,0,0,0
363367,0,0,0
317836,0,0,0
81675,0,0,0
30582,0,0,0
284120,0,0,0
118281,0,0,0
145060,0,0,0
217587,0,0,0
269631,0,0,0
78443,0,0,0
203986,0,0,0
222519,0,0,0
272013,0,0,0
9333,0,0,0
283965,0,0,0
157637,0,0,0
199886,0,0,0
192538,0,0,0
382582,0,0,0
122933,0,0,0
29050,0,0,0
296211,0,0,0
331264,0,0,0
41778,0,0,0
238072,0,0,0
329448,0,0,0
372305,0,0,0
388774,0,0,0
408788,0,0,0
275579,0,0,0
309632,0,0,0
352672,0,0,0
397571,0,0,0
396635,0,0,0
369837,0,0,0
383011,0,0,0
307835,0,0,0
344690,0,0,0
155451,0,0,0
170611,0,0,0
316386,0,0,0
271109,0,0,0
269316,0,0,0
203764,0,0,0
217443,0,0,0
271099,0,0,0
194485,0,0,0
207819,0,0,0
390321,0,0,0
201317,0,0,0
410329,0,0,0
272819,0,0,0
178353,0,0,0
253344,0,0,0
165048,0,0,0
262102,0,0,0
324549,0,0,0
350066,0,0,0
223120,0,0,0
308619,0,0,0
104970,0,0,0
175284,0,0,0
116475,0,0,0
57558,0,0,0
304564,0,0,0
251170,0,0,0
256285,0,0,0
182070,0,0,0
76810,0,0,0
224744,0,0,0
357741,0,0,0
149877,0,0,0
51680,0,0,0
152519,0,0,0
406636,0,0,0
321227,0,0,0
341263,0,0,0
350369,0,0,0
342533,0,0,0
363508,0,0,0
244453,0,0,0
234615,0,0,0
278798,0,0,0
39863,0,0,0
316541,0,0,0
99271,0,0,0
302687,0,0,0
52723,0,0,0
376744,0,0,0
180251,0,0,0
151665,0,0,0
77260,0,0,0
286119,0,0,0
218052,0,0,0
389255,0,0,0
15495,0,0,0
337495,0,0,0
35208,0,0,0
386828,0,0,0
92949,0,0,0
57653,0,0,0
408324,0,0,0
129135,0,0,0
356610,0,0,0
152420,0,0,0
121685,0,0,0
207814,0,0,0
175965,0,0,0
109338,0,0,0
325536,0,0,0
47094,0,0,0
354219,0,0,0
59435,0,0,0
112437,0,0,0
167491,0,0,0
211960,0,0,0
23951,0,0,0
363720,0,0,0
390613,0,0,0
80425,0,0,0
332416,0,0,0
351513,0,0,0
215637,0,0,0
217799,0,0,0
195092,0,0,0
195135,0,0,0
107137,0,0,0
330209,0,0,0
381248,0,0,0
22501,0,0,0
7131,0,0,0
226310,0,0,0
129628,0,0,0
89428,0,0,0
173080,0,0,0
29895,0,0,0
194580,0,0,0
98798,0,0,0
74862,0,0,0
328378,0,0,0
248033,0,0,0
338398,0,0,0
330659,0,0,0
173670,0,0,0
208059,0,0,0
387679,0,0,0
220844,0,0,0
356262,0,0,0
353042,0,0,0
138068,0,0,0
390600,0,0,0
262163,0,0,0
365833,0,0,0
310267,0,0,0
188329,0,0,0
386402,0,0,0
283683,0,0,0
282218,0,0,0
313057,0,0,0
157270,0,0,0
259061,0,0,0
343485,0,0,0
338854,0,0,0
295009,0,0,0
7135,0,0,0
220517,0,0,0
187747,0,0,0
109010,0,0,0
247547,0,0,0
190102,0,0,0
157537,0,0,0
114403,0,0,0
306195,0,0,0
313833,0,0,0
156866,0,0,0
57320,0,0,0
380466,0,0,0
51183,0,0,0
124645,0,0,0
163326,0,0,0
324557,0,0,0
132309,0,0,0
137179,0,0,0
53120,0,0,0
217171,0,0,0
2359,0,0,0
283288,0,0,0
136420,0,0,0
304126,0,0,0
352409,0,0,0
96217,0,0,0
148321,0,0,0
153855,0,0,0
128724,0,0,0
17433,0,0,0
389916,0,0,0
245558,0,0,0
399703,0,0,0
370364,0,0,0
144174,0,0,0
56830,0,0,0
323726,0,0,0
93710,0,0,0
149909,0,0,0
22502,0,0,0
202854,0,0,0
146735,0,0,0
187988,0,0,0
223199,0,0,0
200935,0,0,0
162991,0,0,0
172746,0,0,0
332061,0,0,0
308961,0,0,0
129540,0,0,0
49197,0,0,0
334780,0,0,0
59528,0,0,0
47338,0,0,0
264528,0,0,0
152324,0,0,0
400069,0,0,0
23510,0,0,0
35346,0,0,0
303444,0,0,0
299978,0,0,0
219319,0,0,0
221319,0,0,0
208672,0,0,0
320468,0,0,0
349264,0,0,0
225006,0,0,0
9972,0,0,0
323872,0,0,0
77226,0,0,0
294532,0,0,0
208311,0,0,0
394639,0,0,0
124124,0,0,0
347250,0,0,0
162764,0,0,0
209191,0,0,0
110300,0,0,0
271884,0,0,0
62614,0,0,0
113920,0,0,0
79099,0,0,0
393803,0,0,0
198626,0,0,0
248092,0,0,0
372278,0,0,0
82611,0,0,0
308809,0,0,0
205061,0,0,0
251452,0,0,0
267284,0,0,0
82855,0,0,0
282871,0,0,0
300953,0,0,0
96497,0,0,0
146601,0,0,0
107120,0,0,0
14149,0,0,0
173365,0,0,0
218108,0,0,0
304391,0,0,0
45574,0,0,0
250011,0,0,0
30311,0,0,0
154413,0,0,0
138607,0,0,0
410989,0,0,0
250375,0,0,0
326697,0,0,0
202491,0,0,0
208143,0,0,0
27924,0,0,0
16753,0,0,0
349492,0,0,0
226422,0,0,0
125741,0,0,0
58485,0,0,0
325199,0,0,0
125024,0,0,0
316942,0,0,0
350765,0,0,0
205112,0,0,0
76269,0,0,0
271918,0,0,0
321600,0,0,0
329338,0,0,0
286089,0,0,0
269577,0,0,0
10371,0,0,0
138470,0,0,0
17046,0,0,0
402983,0,0,0
44524,0,0,0
120964,0,0,0
338691,0,0,0
310819,0,0,0
180,0,0,0
31370,0,0,0
343025,0,0,0
186262,0,0,0
333506,0,0,0
29527,0,0,0
91194,0,0,0
20285,0,0,0
270290,0,0,0
139091,0,0,0
363780,0,0,0
90692,0,0,0
41178,0,0,0
318992,0,0,0
287627,0,0,0
346511,0,0,0
113879,0,0,0
409137,0,0,0
336137,0,0,0
390773,0,0,0
161595,0,0,0
381533,0,0,0
29890,0,0,0
384206,0,0,0
49517,0,0,0
374402,0,0,0
164562,0,0,0
28994,0,0,0
317904,0,0,0
112245,0,0,0
224411,0,0,0
101615,0,0,0
50513,0,0,0
315605,0,0,0
6594,0,0,0
347341,0,0,0
203379,0,0,0
259238,0,0,0
131661,0,0,0
317382,0,0,0
355157,0,0,0
251054,0,0,0
255502,0,0,0
203940,0,0,0
99262,0,0,0
59877,0,0,0
357518,0,0,0
190364,0,0,0
269272,0,0,0
110332,0,0,0
1703,0,0,0
322715,0,0,0
107133,0,0,0
11816,0,0,0
124110,0,0,0
409096,0,0,0
331464,0,0,0
215949,0,0,0
187468,0,0,0
350296,0,0,0
17220,0,0,0
365826,0,0,0
179246,0,0,0
217205,0,0,0
332072,0,0,0
135895,0,0,0
157847,0,0,0
309220,0,0,0
134376,0,0,0
308888,0,0,0
359856,0,0,0
9780,0,0,0
256262,0,0,0
27357,0,0,0
390356,0,0,0
359636,0,0,0
347286,0,0,0
366938,0,0,0
131542,0,0,0
150931,0,0,0
95875,0,0,0
145466,0,0,0
322477,0,0,0
381661,0,0,0
272499,0,0,0
11119,0,0,0
247248,0,0,0
382545,0,0,0
300603,0,0,0
59779,0,0,0
227746,0,0,0
141400,0,0,0
363952,0,0,0
265443,0,0,0
360934,0,0,0
389084,0,0,0
295680,0,0,0
81949,0,0,0
185886,0,0,0
255116,0,0,0
219260,0,0,0
106364,0,0,0
320966,0,0,0
123797,0,0,0
180219,0,0,0
285961,0,0,0
106948,0,0,0
339128,0,0,0
253369,0,0,0
330668,0,0,0
224487,0,0,0
392280,0,0,0
147529,0,0,0
171827,0,0,0
259764,0,0,0
334994,0,0,0
11972,0,0,0
218602,0,0,0
251902,0,0,0
39764,0,0,0
76544,0,0,0
250332,0,0,0
364971,0,0,0
67405,0,0,0
350489,0,0,0
36704,0,0,0
362023,0,0,0
398029,0,0,0
220680,0,0,0
129942,0,0,0
144575,0,0,0
168582,0,0,0
39761,0,0,0
94171,0,0,0
61899,0,0,0
360623,0,0,0
230894,0,0,0
405482,0,0,0
95146,0,0,0
393897,0,0,0
320336,0,0,0
125907,0,0,0
396363,0,0,0
221256,0,0,0
388054,0,0,0
220272,0,0,0
120272,0,0,0
160014,0,0,0
125173,0,0,0
267468,0,0,0
226379,0,0,0
334248,0,0,0
114333,0,0,0
39998,0,0,0
294956,0,0,0
62433,0,0,0
9046,0,0,0
194947,0,0,0
384511,0,0,0
116960,0,0,0
143217,0,0,0
361053,0,0,0
394004,0,0,0
14053,0,0,0
265720,0,0,0
359743,0,0,0
61372,0,0,0
108300,0,0,0
114208,0,0,0
211167,0,0,0
36801,0,0,0
371920,0,0,0
91403,0,0,0
102543,0,0,0
65901,0,0,0
258188,0,0,0
155123,0,0,0
17458,0,0,0
137339,0,0,0
109284,0,0,0
325738,0,0,0
65061,0,0,0
312767,0,0,0
149901,0,0,0
210672,0,0,0
372710,0,0,0
308408,0,0,0
393122,0,0,0
82696,0,0,0
13295,0,0,0
377813,0,0,0
211894,0,0,0
272738,0,0,0
76089,0,0,0
391568,0,0,0
138904,0,0,0
231029,0,0,0
252027,0,0,0
65398,0,0,0
294916,0,0,0
162000,0,0,0
339185,0,0,0
100832,0,0,0
92,0,0,0
223902,0,0,0
241464,0,0,0
207984,0,0,0
195936,0,0,0
246219,0,0,0
19743,0,0,0
358517,0,0,0
143324,0,0,0
341008,0,0,0
380548,0,0,0
47714,0,0,0
226102,0,0,0
254216,0,0,0
116226,0,0,0
304053,0,0,0
73810,0,0,0
298867,0,0,0
275990,0,0,0
68517,0,0,0
168478,0,0,0
223456,0,0,0
260290,0,0,0
150701,0,0,0
373083,0,0,0
257283,0,0,0
51999,0,0,0
333104,0,0,0
340693,0,0,0
152035,0,0,0
272593,0,0,0
365595,0,0,0
219091,0,0,0
90028,0,0,0
183803,0,0,0
233629,0,0,0
188918,0,0,0
407293,0,0,0
48412,0,0,0
391625,0,0,0
1891,0,0,0
332671,0,0,0
220499,0,0,0
176693,0,0,0
387471,0,0,0
53304,0,0,0
218324,0,0,0
352581,0,0,0
77803,0,0,0
12486,0,0,0
222597,0,0,0
218270,0,0,0
361605,0,0,0
82288,0,0,0
157004,0,0,0
363724,0,0,0
58084,0,0,0
63645,0,0,0
215295,0,0,0
181797,0,0,0
256119,0,0,0
71856,0,0,0
104833,0,0,0
326755,0,0,0
43971,0,0,0
337752,0,0,0
182143,0,0,0
288616,0,0,0
246751,0,0,0
344581,0,0,0
208310,0,0,0
270434,0,0,0
240181,0,0,0
227475,0,0,0
211629,0,0,0
298173,0,0,0
87527,0,0,0
406769,0,0,0
258218,0,0,0
98444,0,0,0
238590,0,0,0
335922,0,0,0
245637,0,0,0
316584,0,0,0
269292,0,0,0
116112,0,0,0
318187,0,0,0
209327,0,0,0
178355,0,0,0
148344,0,0,0
230492,0,0,0
372213,0,0,0
111203,0,0,0
52845,0,0,0
206176,0,0,0
219536,0,0,0
265786,0,0,0
74459,0,0,0
20629,0,0,0
382903,0,0,0
99201,0,0,0
233603,0,0,0
89324,0,0,0
185250,0,0,0
239636,0,0,0
7477,0,0,0
269089,0,0,0
169987,0,0,0
126710,0,0,0
234102,0,0,0
228165,0,0,0
352557,0,0,0
205337,0,0,0
342840,0,0,0
353910,0,0,0
335039,0,0,0
211641,0,0,0
22971,0,0,0
176269,0,0,0
60218,0,0,0
55330,0,0,0
339363,0,0,0
255467,0,0,0
46255,0,0,0
365927,0,0,0
23120,0,0,0
341960,0,0,0
76266,0,0,0
9049,0,0,0
190362,0,0,0
370994,0,0,0
363210,0,0,0
67026,0,0,0
366227,0,0,0
368440,0,0,0
68663,0,0,0
116681,0,0,0
244902,0,0,0
234558,0,0,0
273827,0,0,0
352788,0,0,0
184947,0,0,0
368119,0,0,0
303013,0,0,0
164815,0,0,0
222802,0,0,0
102279,0,0,0
179999,0,0,0
403895,0,0,0
315003,0,0,0
148623,0,0,0
7342,0,0,0
357475,0,0,0
365039,0,0,0
126928,0,0,0
102807,0,0,0
393170,0,0,0
105288,0,0,0
127919,0,0,0
3061,0,0,0
144099,0,0,0
46437,0,0,0
80232,0,0,0
222338,0,0,0
143093,0,0,0
249181,0,0,0
238576,0,0,0
228132,0,0,0
310401,0,0,0
302496,0,0,0
180660,0,0,0
71022,0,0,0
409911,0,0,0
111322,0,0,0
400488,0,0,0
32613,0,0,0
403944,0,0,0
101059,0,0,0
86504,0,0,0
219076,0,0,0
205430,0,0,0
288610,0,0,0
105171,0,0,0
113394,0,0,0
410763,0,0,0
82752,0,0,0
303195,0,0,0
174028,0,0,0
28263,0,0,0
67810,0,0,0
240550,0,0,0
28207,0,0,0
392259,0,0,0
318236,0,0,0
338769,0,0,0
409917,0,0,0
258170,0,0,0
228313,0,0,0
108126,0,0,0
372256,0,0,0
134261,0,0,0
143663,0,0,0
13388,0,0,0
71616,0,0,0
405470,0,0,0
246544,0,0,0
246408,0,0,0
282888,0,0,0
347048,0,0,0
368694,0,0,0
169145,0,0,0
244066,0,0,0
66554,0,0,0
66888,0,0,0
141006,0,0,0
357712,0,0,0
48550,0,0,0
86410,0,0,0
115316,0,0,0
62713,0,0,0
135628,0,0,0
354274,0,0,0
98575,0,0,0
241152,0,0,0
201078,0,0,0
267026,0,0,0
270801,0,0,0
196779,0,0,0
95547,0,0,0
276827,0,0,0
101902,0,0,0
189712,0,0,0
200805,0,0,0
38157,0,0,0
326182,0,0,0
104480,0,0,0
317238,0,0,0
132254,0,0,0
235379,0,0,0
322831,0,0,0
336530,0,0,0
338733,0,0,0
10584,0,0,0
368073,0,0,0
191568,0,0,0
170144,0,0,0
159689,0,0,0
46481,0,0,0
35163,0,0,0
45217,0,0,0
75649,0,0,0
279309,0,0,0
316523,0,0,0
354331,0,0,0
209238,0,0,0
227322,0,0,0
15070,0,0,0
391332,0,0,0
107027,0,0,0
195790,0,0,0
365441,0,0,0
157077,0,0,0
279458,0,0,0
338945,0,0,0
303781,0,0,0
126886,0,0,0
46159,0,0,0
260485,0,0,0
297979,0,0,0
345340,0,0,0
288506,0,0,0
212988,0,0,0
148545,0,0,0
389142,0,0,0
376810,0,0,0
323082,0,0,0
6350,0,0,0
246191,0,0,0
379563,0,0,0
131159,0,0,0
172964,0,0,0
58938,0,0,0
53417,0,0,0
184077,0,0,0
161656,0,0,0
400931,0,0,0
258259,0,0,0
328073,0,0,0
130658,0,0,0
151506,0,0,0
332512,0,0,0
148298,0,0,0
248710,0,0,0
357491,0,0,0
350691,0,0,0
218954,0,0,0
68796,0,0,0
71880,0,0,0
269732,0,0,0
234127,0,0,0
84004,0,0,0
49631,0,0,0
217099,0,0,0
217486,0,0,0
165640,0,0,0
241696,0,0,0
205584,0,0,0
268004,0,0,0
189719,0,0,0
246351,0,0,0
260264,0,0,0
305604,0,0,0
312333,0,0,0
260000,0,0,0
21424,0,0,0
116227,0,0,0
82459,0,0,0
286139,0,0,0
200903,0,0,0
258819,0,0,0
85319,0,0,0
39468,0,0,0
363421,0,0,0
88564,0,0,0
29084,0,0,0
163698,0,0,0
138490,0,0,0
173433,0,0,0
302597,0,0,0
341067,0,0,0
40111,0,0,0
139094,0,0,0
177457,0,0,0
82720,0,0,0
306221,0,0,0
170031,0,0,0
278949,0,0,0
8438,0,0,0
330377,0,0,0
374318,0,0,0
383118,0,0,0
317893,0,0,0
386042,0,0,0
141133,0,0,0
74874,0,0,0
178935,0,0,0
372097,0,0,0
379150,0,0,0
286927,0,0,0
66421,0,0,0
291304,0,0,0
362110,0,0,0
139422,0,0,0
368436,0,0,0
295182,0,0,0
205835,0,0,0
365767,0,0,0
196262,0,0,0
346544,0,0,0
205906,0,0,0
7143,0,0,0
161303,0,0,0
218414,0,0,0
198660,0,0,0
369194,0,0,0
353335,0,0,0
331055,0,0,0
346015,0,0,0
360989,0,0,0
117788,0,0,0
410972,0,0,0
33898,0,0,0
95424,0,0,0
98978,0,0,0
241284,0,0,0
208994,0,0,0
328221,0,0,0
47881,0,0,0
363302,0,0,0
190693,0,0,0
243153,0,0,0
391287,0,0,0
165702,0,0,0
214695,0,0,0
213408,0,0,0
398526,0,0,0
366575,0,0,0
343356,0,0,0
248869,0,0,0
346490,0,0,0
141388,0,0,0
395986,0,0,0
364018,0,0,0
348521,0,0,0
305472,0,0,0
310068,0,0,0
17156,0,0,0
354176,0,0,0
381275,0,0,0
264836,0,0,0
250635,0,0,0
179730,0,0,0
150975,0,0,0
336007,0,0,0
368002,0,0,0
337058,0,0,0
29688,0,0,0
26203,0,0,0
24027,0,0,0
279406,0,0,0
150646,0,0,0
67432,0,0,0
3267,0,0,0
283895,0,0,0
341550,0,0,0
133181,0,0,0
406052,0,0,0
399993,0,0,0
119206,0,0,0
182267,0,0,0
232012,0,0,0
314524,0,0,0
383226,0,0,0
389860,0,0,0
7725,0,0,0
326107,0,0,0
58560,0,0,0
120802,0,0,0
171754,0,0,0
9627,0,0,0
176648,0,0,0
254344,0,0,0
398361,0,0,0
124083,0,0,0
89657,0,0,0
396167,0,0,0
866,0,0,0
157165,0,0,0
123513,0,0,0
148156,0,0,0
35947,0,0,0
79705,0,0,0
118988,0,0,0
104128,0,0,0
285574,0,0,0
399776,0,0,0
306960,0,0,0
339332,0,0,0
231287,0,0,0
188772,0,0,0
238971,0,0,0
231919,0,0,0
254822,0,0,0
189999,0,0,0
49010,0,0,0
81321,0,0,0
190621,0,0,0
5451,0,0,0
342409,0,0,0
189992,0,0,0
359758,0,0,0
156507,0,0,0
404237,0,0,0
306135,0,0,0
202774,0,0,0
273147,0,0,0
211271,0,0,0
386617,0,0,0
93302,0,0,0
357532,0,0,0
210463,0,0,0
245957,0,0,0
44729,0,0,0
212321,0,0,0
158066,0,0,0
368737,0,0,0
156876,0,0,0
58152,0,0,0
236699,0,0,0
103684,0,0,0
297293,0,0,0
236187,0,0,0
327253,0,0,0
230343,0,0,0
281762,0,0,0
406191,0,0,0
348000,0,0,0
243026,0,0,0
361686,0,0,0
345798,0,0,0
48060,0,0,0
269424,0,0,0
144356,0,0,0
121953,0,0,0
16570,0,0,0
113466,0,0,0
402418,0,0,0
120519,0,0,0
208990,0,0,0
117419,0,0,0
108085,0,0,0
383877,0,0,0
77683,0,0,0
400312,0,0,0
160898,0,0,0
237320,0,0,0
365966,0,0,0
60461,0,0,0
344313,0,0,0
98085,0,0,0
266602,0,0,0
354713,0,0,0
66970,0,0,0
298123,0,0,0
59918,0,0,0
249728,0,0,0
168388,0,0,0
352601,0,0,0
240832,0,0,0
79996,0,0,0
157602,0,0,0
307524,0,0,0
8543,0,0,0
340215,0,0,0
56967,0,0,0
389395,0,0,0
108306,0,0,0
51028,0,0,0
387720,0,0,0
91,0,0,0
90136,0,0,0
248246,0,0,0
359255,0,0,0
70168,0,0,0
409615,0,0,0
292690,0,0,0
194936,0,0,0
274207,0,0,0
181916,0,0,0
209555,0,0,0
102483,0,0,0
63226,0,0,0
317430,0,0,0
362087,0,0,0
162390,0,0,0
221856,0,0,0
215150,0,0,0
23719,0,0,0
123850,0,0,0
73828,0,0,0
321314,0,0,0
255861,0,0,0
318322,0,0,0
198960,0,0,0
164075,0,0,0
331834,0,0,0
173548,0,0,0
382422,0,0,0
119670,0,0,0
363439,0,0,0
75603,0,0,0
362623,0,0,0
137937,0,0,0
175527,0,0,0
150261,0,0,0
221805,0,0,0
113999,0,0,0
190562,0,0,0
397891,0,0,0
204018,0,0,0
397024,0,0,0
215222,0,0,0
14596,0,0,0
256229,0,0,0
258921,0,0,0
290425,0,0,0
24083,0,0,0
216904,0,0,0
12487,0,0,0
323865,0,0,0
78991,0,0,0
386537,0,0,0
313526,0,0,0
276638,0,0,0
410434,0,0,0
112789,0,0,0
135296,0,0,0
120057,0,0,0
87121,0,0,0
177186,0,0,0
289346,0,0,0
283522,0,0,0
180707,0,0,0
41597,0,0,0
403965,0,0,0
266044,0,0,0
50763,0,0,0
74081,0,0,0
353016,0,0,0
217250,0,0,0
9942,0,0,0
80280,0,0,0
108464,0,0,0
103868,0,0,0
52759,0,0,0
399501,0,0,0
161459,0,0,0
114745,0,0,0
317434,0,0,0
335502,0,0,0
59993,0,0,0
52185,0,0,0
153274,0,0,0
4312,0,0,0
300371,0,0,0
263064,0,0,0
11729,0,0,0
59132,0,0,0
400599,0,0,0
342804,0,0,0
149529,0,0,0
115907,0,0,0
291928,0,0,0
141430,0,0,0
410667,0,0,0
107691,0,0,0
16617,0,0,0
404121,0,0,0
140052,0,0,0
70784,0,0,0
152722,0,0,0
343778,0,0,0
94916,0,0,0
18932,0,0,0
51312,0,0,0
22651,0,0,0
102035,0,0,0
284466,0,0,0
279605,0,0,0
269179,0,0,0
107859,0,0,0
271578,0,0,0
204112,0,0,0
360999,0,0,0
44380,0,0,0
26169,0,0,0
328160,0,0,0
305449,0,0,0
267943,0,0,0
43965,0,0,0
245203,0,0,0
363346,0,0,0
220617,0,0,0
177837,0,0,0
186736,0,0,0
153061,0,0,0
261043,0,0,0
1525,0,0,0
300035,0,0,0
384905,0,0,0
34445,0,0,0
142429,0,0,0
151469,0,0,0
59305,0,0,0
99752,0,0,0
293600,0,0,0
264080,0,0,0
80647,0,0,0
227698,0,0,0
353431,0,0,0
131991,0,0,0
402318,0,0,0
22415,0,0,0
312157,0,0,0
150844,0,0,0
308330,0,0,0
335109,0,0,0
182556,0,0,0
84303,0,0,0
138726,0,0,0
336136,0,0,0
310108,0,0,0
294839,0,0,0
98802,0,0,0
411327,0,0,0
306388,0,0,0
152237,0,0,0
144300,0,0,0
118224,0,0,0
282479,0,0,0
82097,0,0,0
89983,0,0,0
317910,0,0,0
43393,0,0,0
125947,0,0,0
277821,0,0,0
29979,0,0,0
154178,0,0,0
244727,0,0,0
203387,0,0,0
383322,0,0,0
334196,0,0,0
277323,0,0,0
14483,0,0,0
409470,0,0,0
402136,0,0,0
78703,0,0,0
33443,0,0,0
34305,0,0,0
43031,0,0,0
149537,0,0,0
285155,0,0,0
292256,0,0,0
365886,0,0,0
61288,0,0,0
105627,0,0,0
238295,0,0,0
145023,0,0,0
1404,0,0,0
287371,0,0,0
356673,0,0,0
34640,0,0,0
341287,0,0,0
92194,0,0,0
250546,0,0,0
213299,0,0,0
104702,0,0,0
234157,0,0,0
370535,0,0,0
124278,0,0,0
395023,0,0,0
342510,0,0,0
255977,0,0,0
194802,0,0,0
256698,0,0,0
182292,0,0,0
93228,0,0,0
51870,0,0,0
118012,0,0,0
162178,0,0,0
72679,0,0,0
103497,0,0,0
403572,0,0,0
246382,0,0,0
267146,0,0,0
76465,0,0,0
16662,0,0,0
99894,0,0,0
406812,0,0,0
190408,0,0,0
219609,0,0,0
106236,0,0,0
221968,0,0,0
325374,0,0,0
405274,0,0,0
13164,0,0,0
22866,0,0,0
173191,0,0,0
175567,0,0,0
385505,0,0,0
210214,0,0,0
203867,0,0,0
224912,0,0,0
132998,0,0,0
290194,0,0,0
170812,0,0,0
354982,0,0,0
374333,0,0,0
102726,0,0,0
240268,0,0,0
175033,0,0,0
37077,0,0,0
112689,0,0,0
211682,0,0,0
128489,0,0,0
140553,0,0,0
312667,0,0,0
187220,0,0,0
355957,0,0,0
285113,0,0,0
107461,0,0,0
224505,0,0,0
99879,0,0,0
286261,0,0,0
228502,0,0,0
226338,0,0,0
64286,0,0,0
174488,0,0,0
258732,0,0,0
308598,0,0,0
94994,0,0,0
3407,0,0,0
247730,0,0,0
274063,0,0,0
89548,0,0,0
149869,0,0,0
294466,0,0,0
336782,0,0,0
78688,0,0,0
365995,0,0,0
141526,0,0,0
149229,0,0,0
240024,0,0,0
184338,0,0,0
347315,0,0,0
357733,0,0,0
123719,0,0,0
354341,0,0,0
174205,0,0,0
340265,0,0,0
331629,0,0,0
78636,0,0,0
322874,0,0,0
23803,0,0,0
380615,0,0,0
93248,0,0,0
394756,0,0,0
17255,0,0,0
280795,0,0,0
408090,0,0,0
283959,0,0,0
78553,0,0,0
379646,0,0,0
295295,0,0,0
102131,0,0,0
205158,0,0,0
409622,0,0,0
389317,0,0,0
109897,0,0,0
262376,0,0,0
63449,0,0,0
121183,0,0,0
203323,0,0,0
173011,0,0,0
393577,0,0,0
32681,0,0,0
28555,0,0,0
220683,0,0,0
371942,0,0,0
52969,0,0,0
321462,0,0,0
286871,0,0,0
356460,0,0,0
132342,0,0,0
287273,0,0,0
217275,0,0,0
164928,0,0,0
238663,0,0,0
294544,0,0,0
151579,0,0,0
290185,0,0,0
52650,0,0,0
118288,0,0,0
186999,0,0,0
214122,0,0,0
282167,0,0,0
253477,0,0,0
375072,0,0,0
56918,0,0,0
6486,0,0,0
201150,0,0,0
217008,0,0,0
223531,0,0,0
375322,0,0,0
320071,0,0,0
300252,0,0,0
310985,0,0,0
9453,0,0,0
324873,0,0,0
177762,0,0,0
283370,0,0,0
71031,0,0,0
122899,0,0,0
196846,0,0,0
37959,0,0,0
259675,0,0,0
177076,0,0,0
267675,0,0,0
130332,0,0,0
172646,0,0,0
298451,0,0,0
115383,0,0,0
58762,0,0,0
393279,0,0,0
143357,0,0,0
400988,0,0,0
288371,0,0,0
301608,0,0,0
48847,0,0,0
239782,0,0,0
349249,0,0,0
85127,0,0,0
25941,0,0,0
68797,0,0,0
95358,0,0,0
157386,0,0,0
138075,0,0,0
133915,0,0,0
253500,0,0,0
1035,0,0,0
39436,0,0,0
328334,0,0,0
206399,0,0,0
222617,0,0,0
378265,0,0,0
365465,0,0,0
258048,0,0,0
215559,0,0,0
151520,0,0,0
389654,0,0,0
373621,0,0,0
72235,0,0,0
274530,0,0,0
129336,0,0,0
167251,0,0,0
157558,0,0,0
296664,0,0,0
174066,0,0,0
16378,0,0,0
293277,0,0,0
48846,0,0,0
143349,0,0,0
355908,0,0,0
394847,0,0,0
312932,0,0,0
341406,0,0,0
276684,0,0,0
334651,0,0,0
286196,0,0,0
17214,0,0,0
58961,0,0,0
310052,0,0,0
396065,0,0,0
122983,0,0,0
20500,0,0,0
344103,0,0,0
294895,0,0,0
410909,0,0,0
292254,0,0,0
96584,0,0,0
220743,0,0,0
273875,0,0,0
105485,0,0,0
328286,0,0,0
375658,0,0,0
306275,0,0,0
78419,0,0,0
379988,0,0,0
9187,0,0,0
276838,0,0,0
13040,0,0,0
227466,0,0,0
103523,0,0,0
398284,0,0,0
226878,0,0,0
326439,0,0,0
304904,0,0,0
61337,0,0,0
62874,0,0,0
93188,0,0,0
252657,0,0,0
261199,0,0,0
267991,0,0,0
212763,0,0,0
350994,0,0,0
195186,0,0,0
188891,0,0,0
77325,0,0,0
273635,0,0,0
73490,0,0,0
57908,0,0,0
69373,0,0,0
28757,0,0,0
386459,0,0,0
352246,0,0,0
146203,0,0,0
165840,0,0,0
85522,0,0,0
54715,0,0,0
61741,0,0,0
142821,0,0,0
166669,0,0,0
325052,0,0,0
286602,0,0,0
251932,0,0,0
153767,0,0,0
186976,0,0,0
161242,0,0,0
343941,0,0,0
21996,0,0,0
138695,0,0,0
369963,0,0,0
278756,0,0,0
367226,0,0,0
38331,0,0,0
166011,0,0,0
264699,0,0,0
294840,0,0,0
366189,0,0,0
100794,0,0,0
329268,0,0,0
104616,0,0,0
175986,0,0,0
4925,0,0,0
393657,0,0,0
335011,0,0,0
211821,0,0,0
34353,0,0,0
9149,0,0,0
403307,0,0,0
209655,0,0,0
33888,0,0,0
92423,0,0,0
219892,0,0,0
365566,0,0,0
82943,0,0,0
8398,0,0,0
210166,0,0,0
289416,0,0,0
400835,0,0,0
128524,0,0,0
201404,0,0,0
149701,0,0,0
109870,0,0,0
128538,0,0,0
129909,0,0,0
257071,0,0,0
100178,0,0,0
307190,0,0,0
45172,0,0,0
204654,0,0,0
407771,0,0,0
243266,0,0,0
108032,0,0,0
328337,0,0,0
94046,0,0,0
129280,0,0,0
77856,0,0,0
314727,0,0,0
267743,0,0,0
299611,0,0,0
80583,0,0,0
356854,0,0,0
362730,0,0,0
328086,0,0,0
109196,0,0,0
162993,0,0,0
241666,0,0,0
9865,0,0,0
399288,0,0,0
8130,0,0,0
263579,0,0,0
139140,0,0,0
157926,0,0,0
20990,0,0,0
311558,0,0,0
381478,0,0,0
347229,0,0,0
377701,0,0,0
334594,0,0,0
180418,0,0,0
191909,0,0,0
71312,0,0,0
109993,0,0,0
378877,0,0,0
312262,0,0,0
99629,0,0,0
77539,0,0,0
373070,0,0,0
245806,0,0,0
161107,0,0,0
343929,0,0,0
36619,0,0,0
327461,0,0,0
113573,0,0,0
121638,0,0,0
319234,0,0,0
273607,0,0,0
67823,0,0,0
101390,0,0,0
43955,0,0,0
111855,0,0,0
406105,0,0,0
27852,0,0,0
209701,0,0,0
341970,0,0,0
104588,0,0,0
363081,0,0,0
129767,0,0,0
99457,0,0,0
131958,0,0,0
186607,0,0,0
224970,0,0,0
236701,0,0,0
225456,0,0,0
161013,0,0,0
206524,0,0,0
344407,0,0,0
164473,0,0,0
184271,0,0,0
38087,0,0,0
324235,0,0,0
268565,0,0,0
231365,0,0,0
171071,0,0,0
344307,0,0,0
218026,0,0,0
121534,0,0,0
356629,0,0,0
25262,0,0,0
291813,0,0,0
36009,0,0,0
129708,0,0,0
140835,0,0,0
155653,0,0,0
172773,0,0,0
189701,0,0,0
376305,0,0,0
367002,0,0,0
248265,0,0,0
374636,0,0,0
280019,0,0,0
204362,0,0,0
374944,0,0,0
357946,0,0,0
351075,0,0,0
348594,0,0,0
248978,0,0,0
44726,0,0,0
355413,0,0,0
378994,0,0,0
194128,0,0,0
411331,0,0,0
330395,0,0,0
79606,0,0,0
64923,0,0,0
283433,0,0,0
342467,0,0,0
290204,0,0,0
82971,0,0,0
193133,0,0,0
51575,0,0,0
360820,0,0,0
14019,0,0,0
64871,0,0,0
361798,0,0,0
43359,0,0,0
370300,0,0,0
305352,0,0,0
79680,0,0,0
75817,0,0,0
38358,0,0,0
294026,0,0,0
196361,0,0,0
235609,0,0,0
62769,0,0,0
161001,0,0,0
260025,0,0,0
303918,0,0,0
169063,0,0,0
402172,0,0,0
80645,0,0,0
280176,0,0,0
192435,0,0,0
114854,0,0,0
295228,0,0,0
206693,0,0,0
95691,0,0,0
145076,0,0,0
190259,0,0,0
229252,0,0,0
408634,0,0,0
286277,0,0,0
76415,0,0,0
221625,0,0,0
135929,0,0,0
77977,0,0,0
181950,0,0,0
202406,0,0,0
400026,0,0,0
295913,0,0,0
262536,0,0,0
36867,0,0,0
380444,0,0,0
175912,0,0,0
121452,0,0,0
321103,0,0,0
171733,0,0,0
174639,0,0,0
181615,0,0,0
226614,0,0,0
133533,0,0,0
265013,0,0,0
143828,0,0,0
293645,0,0,0
39324,0,0,0
277127,0,0,0
342883,0,0,0
55076,0,0,0
315110,0,0,0
158842,0,0,0
27893,0,0,0
256163,0,0,0
396267,0,0,0
192816,0,0,0
287260,0,0,0
235784,0,0,0
361539,0,0,0
221337,0,0,0
398776,0,0,0
337188,0,0,0
228493,0,0,0
233472,0,0,0
115841,0,0,0
150116,0,0,0
271021,0,0,0
16813,0,0,0
137230,0,0,0
59281,0,0,0
57870,0,0,0
115163,0,0,0
342756,0,0,0
172550,0,0,0
391656,0,0,0
127143,0,0,0
207605,0,0,0
167452,0,0,0
344249,0,0,0
324736,0,0,0
114081,0,0,0
398925,0,0,0
37250,0,0,0
273402,0,0,0
159175,0,0,0
286310,0,0,0
185240,0,0,0
294588,0,0,0
134787,0,0,0
333420,0,0,0
190,0,0,0
12969,0,0,0
190254,0,0,0
372060,0,0,0
132331,0,0,0
211858,0,0,0
7580,0,0,0
97604,0,0,0
345023,0,0,0
369060,0,0,0
379513,0,0,0
392828,0,0,0
216554,0,0,0
194110,0,0,0
162846,0,0,0
405040,0,0,0
218761,0,0,0
206005,0,0,0
51612,0,0,0
205460,0,0,0
144094,0,0,0
390604,0,0,0
390085,0,0,0
32892,0,0,0
303679,0,0,0
229703,0,0,0
384129,0,0,0
22170,0,0,0
367208,0,0,0
178586,0,0,0
401098,0,0,0
279565,0,0,0
383722,0,0,0
238591,0,0,0
144274,0,0,0
192551,0,0,0
122644,0,0,0
113371,0,0,0
350248,0,0,0
247019,0,0,0
341755,0,0,0
54551,0,0,0
158297,0,0,0
244668,0,0,0
256025,0,0,0
21685,0,0,0
275794,0,0,0
161676,0,0,0
170267,0,0,0
231408,0,0,0
409089,0,0,0
202248,0,0,0
339745,0,0,0
19175,0,0,0
384802,0,0,0
231167,0,0,0
43807,0,0,0
177813,0,0,0
80603,0,0,0
408992,0,0,0
36950,0,0,0
143723,0,0,0
257914,0,0,0
381246,0,0,0
131605,0,0,0
179903,0,0,0
117637,0,0,0
317109,0,0,0
246788,0,0,0
43407,0,0,0
334098,0,0,0
82901,0,0,0
224105,0,0,0
384644,0,0,0
223692,0,0,0
123529,0,0,0
84312,0,0,0
139380,0,0,0
406902,0,0,0
54056,0,0,0
23549,0,0,0
212754,0,0,0
252722,0,0,0
268373,0,0,0
41228,0,0,0
7177,0,0,0
143649,0,0,0
93521,0,0,0
130648,0,0,0
204638,0,0,0
3748,0,0,0
311515,0,0,0
156189,0,0,0
171530,0,0,0
224101,0,0,0
96683,0,0,0
169389,0,0,0
364759,0,0,0
192634,0,0,0
301303,0,0,0
183637,0,0,0
152883,0,0,0
67817,0,0,0
281907,0,0,0
325413,0,0,0
333851,0,0,0
149046,0,0,0
135429,0,0,0
85399,0,0,0
1186,0,0,0
108720,0,0,0
316235,0,0,0
295957,0,0,0
140591,0,0,0
29271,0,0,0
396912,0,0,0
331186,0,0,0
291770,0,0,0
216945,0,0,0
112783,0,0,0
183491,0,0,0
40563,0,0,0
391340,0,0,0
94179,0,0,0
287963,0,0,0
251246,0,0,0
48852,0,0,0
61035,0,0,0
359477,0,0,0
298650,0,0,0
228030,0,0,0
67303,0,0,0
395923,0,0,0
196178,0,0,0
53188,0,0,0
342940,0,0,0
18489,0,0,0
115717,0,0,0
125191,0,0,0
332621,0,0,0
215394,0,0,0
91557,0,0,0
216218,0,0,0
85297,0,0,0
332644,0,0,0
56518,0,0,0
149525,0,0,0
157067,0,0,0
314864,0,0,0
90201,0,0,0
40074,0,0,0
102021,0,0,0
160578,0,0,0
361792,0,0,0
243294,0,0,0
184402,0,0,0
208875,0,0,0
47544,0,0,0
192850,0,0,0
372607,0,0,0
58483,0,0,0
83082,0,0,0
51888,0,0,0
5439,0,0,0
226622,0,0,0
46706,0,0,0
161224,0,0,0
235483,0,0,0
11235,0,0,0
188227,0,0,0
316981,0,0,0
360305,0,0,0
409979,0,0,0
154162,0,0,0
290841,0,0,0
338657,0,0,0
135844,0,0,0
169512,0,0,0
243283,0,0,0
320565,0,0,0
43635,0,0,0
6499,0,0,0
288150,0,0,0
301234,0,0,0
154828,0,0,0
262295,0,0,0
323418,0,0,0
123458,0,0,0
409473,0,0,0
389341,0,0,0
209167,0,0,0
382238,0,0,0
34304,0,0,0
334958,0,0,0
187943,0,0,0
304713,0,0,0
147237,0,0,0
72356,0,0,0
105530,0,0,0
400598,0,0,0
144192,0,0,0
86967,0,0,0
72089,0,0,0
376284,0,0,0
252144,0,0,0
22243,0,0,0
312349,0,0,0
165325,0,0,0
406870,0,0,0
250938,0,0,0
7769,0,0,0
46637,0,0,0
104645,0,0,0
401583,0,0,0
329495,0,0,0
400810,0,0,0
329354,0,0,0
279704,0,0,0
143789,0,0,0
180067,0,0,0
408165,0,0,0
399727,0,0,0
187516,0,0,0
291877,0,0,0
104626,0,0,0
207795,0,0,0
73387,0,0,0
28036,0,0,0
202170,0,0,0
362640,0,0,0
100856,0,0,0
289510,0,0,0
228409,0,0,0
308921,0,0,0
266739,0,0,0
257444,0,0,0
150330,0,0,0
409454,0,0,0
378003,0,0,0
200097,0,0,0
358191,0,0,0
322776,0,0,0
327877,0,0,0
372027,0,0,0
216389,0,0,0
57025,0,0,0
136175,0,0,0
80182,0,0,0
29765,0,0,0
356577,0,0,0
67920,0,0,0
226059,0,0,0
144087,0,0,0
320820,0,0,0
403410,0,0,0
181221,0,0,0
66576,0,0,0
164247,0,0,0
243903,0,0,0
124899,0,0,0
354918,0,0,0
134527,0,0,0
408151,0,0,0
101240,0,0,0
293415,0,0,0
258250,0,0,0
329385,0,0,0
358535,0,0,0
111830,0,0,0
105489,0,0,0
211516,0,0,0
140296,0,0,0
187946,0,0,0
275605,0,0,0
353638,0,0,0
334024,0,0,0
327489,0,0,0
272957,0,0,0
384590,0,0,0
80074,0,0,0
163307,0,0,0
341476,0,0,0
158335,0,0,0
252954,0,0,0
305838,0,0,0
251847,0,0,0
321063,0,0,0
335647,0,0,0
256749,0,0,0
69260,0,0,0
265492,0,0,0
293913,0,0,0
24286,0,0,0
9190,0,0,0
56930,0,0,0
386409,0,0,0
396124,0,0,0
349793,0,0,0
315580,0,0,0
240648,0,0,0
219927,0,0,0
90001,0,0,0
14833,0,0,0
159556,0,0,0
173013,0,0,0
158555,0,0,0
153138,0,0,0
106957,0,0,0
259660,0,0,0
16193,0,0,0
25113,0,0,0
265526,0,0,0
82322,0,0,0
198324,0,0,0
54519,0,0,0
263067,0,0,0
17376,0,0,0
230837,0,0,0
301642,0,0,0
221677,0,0,0
279445,0,0,0
133099,0,0,0
47166,0,0,0
173882,0,0,0
123032,0,0,0
117263,0,0,0
142226,0,0,0
81458,0,0,0
399146,0,0,0
96684,0,0,0
342980,0,0,0
113512,0,0,0
172322,0,0,0
308488,0,0,0
280579,0,0,0
179665,0,0,0
156169,0,0,0
272865,0,0,0
37681,0,0,0
382536,0,0,0
363594,0,0,0
197540,0,0,0
237959,0,0,0
314965,0,0,0
274626,0,0,0
57340,0,0,0
262771,0,0,0
184050,0,0,0
13667,0,0,0
45260,0,0,0
216220,0,0,0
253920,0,0,0
40668,0,0,0
244959,0,0,0
174201,0,0,0
251021,0,0,0
146278,0,0,0
80071,0,0,0
151444,0,0,0
363125,0,0,0
214131,0,0,0
200333,0,0,0
337039,0,0,0
181149,0,0,0
394446,0,0,0
385855,0,0,0
47053,0,0,0
133695,0,0,0
351148,0,0,0
214589,0,0,0
220241,0,0,0
271959,0,0,0
377278,0,0,0
101155,0,0,0
189283,0,0,0
146380,0,0,0
31868,0,0,0
318361,0,0,0
51351,0,0,0
106117,0,0,0
304543,0,0,0
354748,0,0,0
261966,0,0,0
371937,0,0,0
253034,0,0,0
15038,0,0,0
393123,0,0,0
190955,0,0,0
375949,0,0,0
172036,0,0,0
235917,0,0,0
142043,0,0,0
298719,0,0,0
115124,0,0,0
211578,0,0,0
376489,0,0,0
160438,0,0,0
260119,0,0,0
56699,0,0,0
220094,0,0,0
231374,0,0,0
39718,0,0,0
99066,0,0,0
9953,0,0,0
289305,0,0,0
333437,0,0,0
157100,0,0,0
29149,0,0,0
136150,0,0,0
15404,0,0,0
215752,0,0,0
14879,0,0,0
267622,0,0,0
111883,0,0,0
166531,0,0,0
135789,0,0,0
53428,0,0,0
240591,0,0,0
373153,0,0,0
313324,0,0,0
279739,0,0,0
63642,0,0,0
32,0,0,0
17033,0,0,0
120110,0,0,0
236332,0,0,0
353381,0,0,0
9137,0,0,0
148267,0,0,0
59941,0,0,0
375686,0,0,0
380756,0,0,0
332849,0,0,0
362723,0,0,0
185762,0,0,0
314612,0,0,0
311413,0,0,0
147024,0,0,0
282998,0,0,0
48933,0,0,0
317606,0,0,0
343338,0,0,0
198729,0,0,0
204359,0,0,0
24125,0,0,0
26241,0,0,0
318971,0,0,0
33957,0,0,0
121265,0,0,0
57703,0,0,0
272061,0,0,0
120032,0,0,0
127207,0,0,0
292436,0,0,0
301144,0,0,0
229806,0,0,0
226584,0,0,0
388958,0,0,0
142731,0,0,0
204697,0,0,0
271743,0,0,0
408333,0,0,0
365867,0,0,0
249634,0,0,0
318159,0,0,0
353648,0,0,0
302939,0,0,0
149206,0,0,0
185292,0,0,0
233794,0,0,0
46323,0,0,0
227613,0,0,0
71711,0,0,0
61526,0,0,0
99404,0,0,0
116804,0,0,0
196407,0,0,0
322357,0,0,0
177534,0,0,0
132849,0,0,0
203917,0,0,0
91200,0,0,0
397215,0,0,0
35483,0,0,0
72441,0,0,0
56256,0,0,0
25370,0,0,0
365982,0,0,0
170901,0,0,0
285836,0,0,0
364815,0,0,0
278655,0,0,0
233844,0,0,0
27012,0,0,0
254226,0,0,0
249035,0,0,0
411424,0,0,0
161983,0,0,0
396606,0,0,0
230500,0,0,0
241863,0,0,0
157551,0,0,0
255397,0,0,0
257568,0,0,0
252379,0,0,0
410812,0,0,0
211057,0,0,0
370088,0,0,0
284732,0,0,0
289170,0,0,0
345975,0,0,0
345194,0,0,0
330117,0,0,0
6042,0,0,0
239485,0,0,0
395601,0,0,0
40810,0,0,0
300138,0,0,0
330505,0,0,0
184302,0,0,0
26654,0,0,0
94282,0,0,0
83154,0,0,0
308844,0,0,0
48259,0,0,0
250993,0,0,0
394862,0,0,0
358822,0,0,0
26912,0,0,0
313859,0,0,0
334776,0,0,0
359247,0,0,0
205341,0,0,0
248419,0,0,0
52319,0,0,0
8610,0,0,0
327508,0,0,0
40066,0,0,0
210874,0,0,0
140574,0,0,0
2808,0,0,0
189167,0,0,0
222378,0,0,0
117543,0,0,0
64075,0,0,0
368567,0,0,0
131244,0,0,0
411014,0,0,0
99366,0,0,0
158783,0,0,0
213401,0,0,0
323927,0,0,0
133449,0,0,0
27208,0,0,0
141916,0,0,0
377871,0,0,0
382807,0,0,0
316716,0,0,0
25193,0,0,0
281251,0,0,0
167366,0,0,0
214146,0,0,0
5177,0,0,0
142915,0,0,0
173051,0,0,0
54759,0,0,0
58509,0,0,0
228020,0,0,0
152341,0,0,0
126347,0,0,0
261872,0,0,0
342589,0,0,0
225920,0,0,0
152924,0,0,0
237573,0,0,0
273946,0,0,0
172002,0,0,0
290799,0,0,0
403065,0,0,0
236339,0,0,0
360541,0,0,0
128767,0,0,0
18448,0,0,0
393292,0,0,0
241077,0,0,0
158045,0,0,0
1608,0,0,0
168007,0,0,0
271590,0,0,0
28577,0,0,0
409618,0,0,0
330585,0,0,0
303566,0,0,0
177770,0,0,0
12612,0,0,0
386985,0,0,0
273125,0,0,0
151634,0,0,0
389554,0,0,0
225108,0,0,0
240298,0,0,0
208735,0,0,0
239398,0,0,0
196362,0,0,0
337627,0,0,0
313894,0,0,0
163801,0,0,0
306297,0,0,0
36262,0,0,0
192463,0,0,0
104627,0,0,0
126689,0,0,0
79763,0,0,0
340102,0,0,0
113205,0,0,0
104290,0,0,0
89881,0,0,0
108033,0,0,0
376006,0,0,0
89857,0,0,0
127915,0,0,0
201333,0,0,0
390472,0,0,0
4276,0,0,0
334678,0,0,0
206412,0,0,0
164265,0,0,0
5833,0,0,0
357078,0,0,0
249127,0,0,0
202927,0,0,0
360135,0,0,0
134874,0,0,0
341018,0,0,0
118780,0,0,0
191855,0,0,0
5129,0,0,0
297986,0,0,0
215661,0,0,0
11256,0,0,0
361452,0,0,0
326907,0,0,0
115114,0,0,0
178162,0,0,0
364922,0,0,0
200557,0,0,0
27211,0,0,0
8265,0,0,0
28695,0,0,0
1912,0,0,0
213173,0,0,0
380689,0,0,0
341413,0,0,0
160435,0,0,0
52521,0,0,0
59932,0,0,0
383778,0,0,0
46195,0,0,0
45290,0,0,0
258543,0,0,0
242681,0,0,0
44216,0,0,0
300257,0,0,0
187998,0,0,0
390956,0,0,0
136718,0,0,0
166560,0,0,0
36897,0,0,0
58487,0,0,0
1313,0,0,0
46133,0,0,0
93557,0,0,0
376083,0,0,0
219239,0,0,0
243204,0,0,0
164128,0,0,0
320296,0,0,0
382867,0,0,0
367425,0,0,0
233181,0,0,0
384668,0,0,0
360713,0,0,0
247254,0,0,0
150417,0,0,0
340329,0,0,0
182229,0,0,0
60825,0,0,0
380538,0,0,0
230571,0,0,0
11277,0,0,0
259740,0,0,0
33053,0,0,0
220987,0,0,0
28553,0,0,0
325221,0,0,0
130102,0,0,0
373239,0,0,0
204757,0,0,0
252300,0,0,0
197276,0,0,0
310405,0,0,0
73408,0,0,0
21094,0,0,0
113481,0,0,0
166082,0,0,0
111370,0,0,0
201563,0,0,0
105749,0,0,0
289607,0,0,0
389039,0,0,0
197319,0,0,0
351409,0,0,0
182400,0,0,0
98418,0,0,0
153594,0,0,0
118414,0,0,0
147521,0,0,0
224011,0,0,0
29794,0,0,0
235867,0,0,0
29198,0,0,0
224786,0,0,0
42705,0,0,0
161579,0,0,0
45682,0,0,0
264228,0,0,0
280924,0,0,0
405658,0,0,0
283620,0,0,0
9355,0,0,0
190746,0,0,0
324037,0,0,0
229047,0,0,0
229335,0,0,0
321432,0,0,0
86943,0,0,0
356150,0,0,0
75150,0,0,0
83221,0,0,0
282125,0,0,0
345579,0,0,0
342042,0,0,0
405872,0,0,0
106543,0,0,0
238127,0,0,0
269104,0,0,0
26572,0,0,0
123628,0,0,0
400833,0,0,0
97862,0,0,0
373579,0,0,0
36498,0,0,0
345940,0,0,0
1229,0,0,0
407992,0,0,0
107548,0,0,0
27197,0,0,0
330554,0,0,0
71876,0,0,0
183887,0,0,0
202524,0,0,0
29429,0,0,0
102100,0,0,0
305778,0,0,0
154811,0,0,0
106765,0,0,0
365625,0,0,0
217070,0,0,0
134871,0,0,0
386792,0,0,0
202009,0,0,0
119260,0,0,0
301184,0,0,0
174533,0,0,0
406089,0,0,0
152322,0,0,0
165740,0,0,0
3788,0,0,0
240529,0,0,0
275447,0,0,0
194937,0,0,0
257512,0,0,0
335053,0,0,0
204913,0,0,0
62943,0,0,0
46346,0,0,0
268242,0,0,0
155457,0,0,0
312313,0,0,0
373088,0,0,0
394359,0,0,0
280306,0,0,0
390135,0,0,0
68614,0,0,0
17163,0,0,0
10929,0,0,0
248904,0,0,0
239475,0,0,0
133874,0,0,0
346193,0,0,0
183103,0,0,0
37455,0,0,0
188820,0,0,0
170,0,0,0
1151,0,0,0
308346,0,0,0
301643,0,0,0
210211,0,0,0
379222,0,0,0
345649,0,0,0
172740,0,0,0
266622,0,0,0
236425,0,0,0
113334,0,0,0
263309,0,0,0
339936,0,0,0
239002,0,0,0
246530,0,0,0
209698,0,0,0
294271,0,0,0
352079,0,0,0
178973,0,0,0
3960,0,0,0
302675,0,0,0
197215,0,0,0
27026,0,0,0
22277,0,0,0
344217,0,0,0
54569,0,0,0
226203,0,0,0
150613,0,0,0
247349,0,0,0
234317,0,0,0
394701,0,0,0
200312,0,0,0
371563,0,0,0
51296,0,0,0
406877,0,0,0
20922,0,0,0
305346,0,0,0
189224,0,0,0
32640,0,0,0
284697,0,0,0
229964,0,0,0
140707,0,0,0
327520,0,0,0
106080,0,0,0
247417,0,0,0
385900,0,0,0
47491,0,0,0
171336,0,0,0
331647,0,0,0
260725,0,0,0
297924,0,0,0
38508,0,0,0
101663,0,0,0
135008,0,0,0
77427,0,0,0
136945,0,0,0
53391,0,0,0
229883,0,0,0
146581,0,0,0
155695,0,0,0
409550,0,0,0
165724,0,0,0
84952,0,0,0
286996,0,0,0
87074,0,0,0
269793,0,0,0
109558,0,0,0
253889,0,0,0
402170,0,0,0
305003,0,0,0
306434,0,0,0
188583,0,0,0
227123,0,0,0
244814,0,0,0
278947,0,0,0
41191,0,0,0
395308,0,0,0
197010,0,0,0
285916,0,0,0
228927,0,0,0
72313,0,0,0
340803,0,0,0
392374,0,0,0
369285,0,0,0
166215,0,0,0
179569,0,0,0
338325,0,0,0
314768,0,0,0
267289,0,0,0
403816,0,0,0
236246,0,0,0
65585,0,0,0
327581,0,0,0
54854,0,0,0
152016,0,0,0
209935,0,0,0
335564,0,0,0
190518,0,0,0
129538,0,0,0
47664,0,0,0
277073,0,0,0
309861,0,0,0
111146,0,0,0
304731,0,0,0
286864,0,0,0
373366,0,0,0
368309,0,0,0
65681,0,0,0
332401,0,0,0
308073,0,0,0
217011,0,0,0
247253,0,0,0
55874,0,0,0
65948,0,0,0
123508,0,0,0
139218,0,0,0
40778,0,0,0
356628,0,0,0
131869,0,0,0
273834,0,0,0
61202,0,0,0
216226,0,0,0
142766,0,0,0
199891,0,0,0
149541,0,0,0
13048,0,0,0
399683,0,0,0
350833,0,0,0
398013,0,0,0
200641,0,0,0
311266,0,0,0
297749,0,0,0
98086,0,0,0
376017,0,0,0
163545,0,0,0
134386,0,0,0
39044,0,0,0
391925,0,0,0
111082,0,0,0
125390,0,0,0
381497,0,0,0
99577,0,0,0
269409,0,0,0
272325,0,0,0
202684,0,0,0
121027,0,0,0
87197,0,0,0
61222,0,0,0
343125,0,0,0
242772,0,0,0
258713,0,0,0
385251,0,0,0
187128,0,0,0
231321,0,0,0
39333,0,0,0
269180,0,0,0
76532,0,0,0
107986,0,0,0
228261,0,0,0
175726,0,0,0
301058,0,0,0
376372,0,0,0
154923,0,0,0
29913,0,0,0
43951,0,0,0
194967,0,0,0
324604,0,0,0
221847,0,0,0
121699,0,0,0
31107,0,0,0
68027,0,0,0
319730,0,0,0
405059,0,0,0
298446,0,0,0
91832,0,0,0
276089,0,0,0
121205,0,0,0
39694,0,0,0
358663,0,0,0
400842,0,0,0
208869,0,0,0
159704,0,0,0
285327,0,0,0
241600,0,0,0
54924,0,0,0
143970,0,0,0
132967,0,0,0
132900,0,0,0
281275,0,0,0
137190,0,0,0
232383,0,0,0
228748,0,0,0
393213,0,0,0
162931,0,0,0
339336,0,0,0
274267,0,0,0
96992,0,0,0
383760,0,0,0
244188,0,0,0
321626,0,0,0
261929,0,0,0
252737,0,0,0
263722,0,0,0
7140,0,0,0
376548,0,0,0
198652,0,0,0
6767,0,0,0
378568,0,0,0
228088,0,0,0
25254,0,0,0
90912,0,0,0
221725,0,0,0
42646,0,0,0
304276,0,0,0
365747,0,0,0
308171,0,0,0
257800,0,0,0
93201,0,0,0
65674,0,0,0
15823,0,0,0
283505,0,0,0
262617,0,0,0
330093,0,0,0
351465,0,0,0
162216,0,0,0
9434,0,0,0
382505,0,0,0
408662,0,0,0
228700,0,0,0
298772,0,0,0
54308,0,0,0
383461,0,0,0
5101,0,0,0
117190,0,0,0
359308,0,0,0
399826,0,0,0
388057,0,0,0
396774,0,0,0
374275,0,0,0
362279,0,0,0
267077,0,0,0
9868,0,0,0
128696,0,0,0
295079,0,0,0
403722,0,0,0
166074,0,0,0
340505,0,0,0
199326,0,0,0
112824,0,0,0
39170,0,0,0
73048,0,0,0
323995,0,0,0
107487,0,0,0
8385,0,0,0
897,0,0,0
165469,0,0,0
364415,0,0,0
226942,0,0,0
203218,0,0,0
144187,0,0,0
37793,0,0,0
90304,0,0,0
398170,0,0,0
120891,0,0,0
246048,0,0,0
111875,0,0,0
248652,0,0,0
96226,0,0,0
368929,0,0,0
87985,0,0,0
393844,0,0,0
85608,0,0,0
172148,0,0,0
222977,0,0,0
308540,0,0,0
362994,0,0,0
133126,0,0,0
181339,0,0,0
44284,0,0,0
371779,0,0,0
4966,0,0,0
251121,0,0,0
347338,0,0,0
314513,0,0,0
115581,0,0,0
278559,0,0,0
205199,0,0,0
50110,0,0,0
57843,0,0,0
32694,0,0,0
103792,0,0,0
170134,0,0,0
14058,0,0,0
269328,0,0,0
348993,0,0,0
286033,0,0,0
99473,0,0,0
14462,0,0,0
336425,0,0,0
352310,0,0,0
267701,0,0,0
97986,0,0,0
121966,0,0,0
263164,0,0,0
53547,0,0,0
349678,0,0,0
269022,0,0,0
397776,0,0,0
117768,0,0,0
25946,0,0,0
238062,0,0,0
211500,0,0,0
87473,0,0,0
43084,0,0,0
312925,0,0,0
130386,0,0,0
243668,0,0,0
92413,0,0,0
169770,0,0,0
69331,0,0,0
386307,0,0,0
146218,0,0,0
232291,0,0,0
153122,0,0,0
4639,0,0,0
322558,0,0,0
353898,0,0,0
298027,0,0,0
129231,0,0,0
285703,0,0,0
354367,0,0,0
268834,0,0,0
61583,0,0,0
201530,0,0,0
215244,0,0,0
124283,0,0,0
47346,0,0,0
144384,0,0,0
82119,0,0,0
283870,0,0,0
188956,0,0,0
205151,0,0,0
39217,0,0,0
252932,0,0,0
194315,0,0,0
305576,0,0,0
259236,0,0,0
214896,0,0,0
246596,0,0,0
62326,0,0,0
246837,0,0,0
54608,0,0,0
78835,0,0,0
142058,0,0,0
41993,0,0,0
316784,0,0,0
138958,0,0,0
409611,0,0,0
226922,0,0,0
305225,0,0,0
140657,0,0,0
338271,0,0,0
274064,0,0,0
268893,0,0,0
386910,0,0,0
235255,0,0,0
252789,0,0,0
23104,0,0,0
94320,0,0,0
37304,0,0,0
65153,0,0,0
381013,0,0,0
192012,0,0,0
84692,0,0,0
160281,0,0,0
268218,0,0,0
222925,0,0,0
286590,0,0,0
406539,0,0,0
173615,0,0,0
1986,0,0,0
5179,0,0,0
43980,0,0,0
343621,0,0,0
75969,0,0,0
309283,0,0,0
173015,0,0,0
200027,0,0,0
1631,0,0,0
208346,0,0,0
248467,0,0,0
94463,0,0,0
137566,0,0,0
107817,0,0,0
89350,0,0,0
289191,0,0,0
359422,0,0,0
319931,0,0,0
45220,0,0,0
388068,0,0,0
286924,0,0,0
288013,0,0,0
387352,0,0,0
149441,0,0,0
102669,0,0,0
389968,0,0,0
378362,0,0,0
345325,0,0,0
389161,0,0,0
274311,0,0,0
31511,0,0,0
44855,0,0,0
224643,0,0,0
202162,0,0,0
204010,0,0,0
106180,0,0,0
320160,0,0,0
277317,0,0,0
89141,0,0,0
369384,0,0,0
11029,0,0,0
88221,0,0,0
50663,0,0,0
98789,0,0,0
387448,0,0,0
319935,0,0,0
72962,0,0,0
42748,0,0,0
131043,0,0,0
96639,0,0,0
364849,0,0,0
132795,0,0,0
23379,0,0,0
378663,0,0,0
259520,0,0,0
235149,0,0,0
45678,0,0,0
316755,0,0,0
389068,0,0,0
331462,0,0,0
217460,0,0,0
211089,0,0,0
112577,0,0,0
7899,0,0,0
96900,0,0,0
75516,0,0,0
406150,0,0,0
375223,0,0,0
220592,0,0,0
354773,0,0,0
289253,0,0,0
166275,0,0,0
335050,0,0,0
130210,0,0,0
70810,0,0,0
380193,0,0,0
180845,0,0,0
74349,0,0,0
355595,0,0,0
379055,0,0,0
376295,0,0,0
12578,0,0,0
105372,0,0,0
368186,0,0,0
366848,0,0,0
265679,0,0,0
117425,0,0,0
338591,0,0,0
78400,0,0,0
183293,0,0,0
221180,0,0,0
180839,0,0,0
368113,0,0,0
29705,0,0,0
155643,0,0,0
351018,0,0,0
212469,0,0,0
222126,0,0,0
1099,0,0,0
399599,0,0,0
256595,0,0,0
281447,0,0,0
337910,0,0,0
89803,0,0,0
174524,0,0,0
384507,0,0,0
304658,0,0,0
286097,0,0,0
257802,0,0,0
132592,0,0,0
363282,0,0,0
279471,0,0,0
276382,0,0,0
250014,0,0,0
351557,0,0,0
20474,0,0,0
28933,0,0,0
106883,0,0,0
120762,0,0,0
118386,0,0,0
107927,0,0,0
325982,0,0,0
315526,0,0,0
80720,0,0,0
246520,0,0,0
144026,0,0,0
108220,0,0,0
279608,0,0,0
129206,0,0,0
40172,0,0,0
342607,0,0,0
333268,0,0,0
381510,0,0,0
235309,0,0,0
101755,0,0,0
45691,0,0,0
143248,0,0,0
210785,0,0,0
278997,0,0,0
14721,0,0,0
96136,0,0,0
18496,0,0,0
59470,0,0,0
279261,0,0,0
255903,0,0,0
244683,0,0,0
393571,0,0,0
228763,0,0,0
389685,0,0,0
314096,0,0,0
9484,0,0,0
333717,0,0,0
285699,0,0,0
382896,0,0,0
44972,0,0,0
50903,0,0,0
106001,0,0,0
89113,0,0,0
329301,0,0,0
328158,0,0,0
405423,0,0,0
224099,0,0,0
118501,0,0,0
27809,0,0,0
143707,0,0,0
102156,0,0,0
46291,0,0,0
296409,0,0,0
155886,0,0,0
109670,0,0,0
9575,0,0,0
6349,0,0,0
146870,0,0,0
366532,0,0,0
169556,0,0,0
57917,0,0,0
153866,0,0,0
52654,0,0,0
278440,0,0,0
346993,0,0,0
340002,0,0,0
320938,0,0,0
388404,0,0,0
59497,0,0,0
109755,0,0,0
234743,0,0,0
289570,0,0,0
306175,0,0,0
57688,0,0,0
85103,0,0,0
139223,0,0,0
208790,0,0,0
251553,0,0,0
210998,0,0,0
272482,0,0,0
156311,0,0,0
264272,0,0,0
308914,0,0,0
120375,0,0,0
363171,0,0,0
369739,0,0,0
28225,0,0,0
273406,0,0,0
270304,0,0,0
233389,0,0,0
288416,0,0,0
219709,0,0,0
52675,0,0,0
389008,0,0,0
10710,0,0,0
166246,0,0,0
11746,0,0,0
97218,0,0,0
155838,0,0,0
385137,0,0,0
377614,0,0,0
227996,0,0,0
71367,0,0,0
384803,0,0,0
128159,0,0,0
251488,0,0,0
327424,0,0,0
263727,0,0,0
271364,0,0,0
217988,0,0,0
344021,0,0,0
353644,0,0,0
297069,0,0,0
264403,0,0,0
220963,0,0,0
308498,0,0,0
212660,0,0,0
321913,0,0,0
251766,0,0,0
282418,0,0,0
135293,0,0,0
409606,0,0,0
333148,0,0,0
397275,0,0,0
375257,0,0,0
333805,0,0,0
39841,0,0,0
393175,0,0,0
410039,0,0,0
55302,0,0,0
194830,0,0,0
343094,0,0,0
199264,0,0,0
305151,0,0,0
375553,0,0,0
157886,0,0,0
108424,0,0,0
310199,0,0,0
385606,0,0,0
23539,0,0,0
101584,0,0,0
86351,0,0,0
227453,0,0,0
122146,0,0,0
368523,0,0,0
94439,0,0,0
78271,0,0,0
155578,0,0,0
390078,0,0,0
321780,0,0,0
160750,0,0,0
343509,0,0,0
109334,0,0,0
282016,0,0,0
266617,0,0,0
74719,0,0,0
3867,0,0,0
233932,0,0,0
50729,0,0,0
14188,0,0,0
37809,0,0,0
394474,0,0,0
260564,0,0,0
16070,0,0,0
274260,0,0,0
361017,0,0,0
335628,0,0,0
79997,0,0,0
206036,0,0,0
77850,0,0,0
239630,0,0,0
314248,0,0,0
298087,0,0,0
229054,0,0,0
43873,0,0,0
226091,0,0,0
268296,0,0,0
126309,0,0,0
141642,0,0,0
358832,0,0,0
249092,0,0,0
187602,0,0,0
222532,0,0,0
228438,0,0,0
390861,0,0,0
370714,0,0,0
239159,0,0,0
100723,0,0,0
156979,0,0,0
111190,0,0,0
102757,0,0,0
89200,0,0,0
107818,0,0,0
158287,0,0,0
302709,0,0,0
281632,0,0,0
376058,0,0,0
297841,0,0,0
242311,0,0,0
24303,0,0,0
166663,0,0,0
148220,0,0,0
253303,0,0,0
265383,0,0,0
68242,0,0,0
2046,0,0,0
183679,0,0,0
150654,0,0,0
311844,0,0,0
160238,0,0,0
231145,0,0,0
56430,0,0,0
274466,0,0,0
221827,0,0,0
384251,0,0,0
273899,0,0,0
153676,0,0,0
257268,0,0,0
172771,0,0,0
353870,0,0,0
340733,0,0,0
228199,0,0,0
10048,0,0,0
23292,0,0,0
292692,0,0,0
279790,0,0,0
163774,0,0,0
42998,0,0,0
323099,0,0,0
24571,0,0,0
17107,0,0,0
112719,0,0,0
3431,0,0,0
325509,0,0,0
125427,0,0,0
411431,0,0,0
134140,0,0,0
93413,0,0,0
184006,0,0,0
221846,0,0,0
82438,0,0,0
197115,0,0,0
74685,0,0,0
269996,0,0,0
221061,0,0,0
364963,0,0,0
275086,0,0,0
103433,0,0,0
310057,0,0,0
64289,0,0,0
187937,0,0,0
154900,0,0,0
14509,0,0,0
138559,0,0,0
228667,0,0,0
366089,0,0,0
6792,0,0,0
405247,0,0,0
229078,0,0,0
326594,0,0,0
367335,0,0,0
96976,0,0,0
38498,0,0,0
97334,0,0,0
320322,0,0,0
139517,0,0,0
267201,0,0,0
114633,0,0,0
397297,0,0,0
60519,0,0,0
153254,0,0,0
350274,0,0,0
23308,0,0,0
102517,0,0,0
123454,0,0,0
172554,0,0,0
98021,0,0,0
182053,0,0,0
71426,0,0,0
317222,0,0,0
339625,0,0,0
226790,0,0,0
63816,0,0,0
402909,0,0,0
109840,0,0,0
40461,0,0,0
395592,0,0,0
210612,0,0,0
211653,0,0,0
348950,0,0,0
156654,0,0,0
266904,0,0,0
198556,0,0,0
54764,0,0,0
378881,0,0,0
410166,0,0,0
2501,0,0,0
398584,0,0,0
13004,0,0,0
257809,0,0,0
233532,0,0,0
34420,0,0,0
206236,0,0,0
117142,0,0,0
348821,0,0,0
62090,0,0,0
47461,0,0,0
132910,0,0,0
27456,0,0,0
367302,0,0,0
201762,0,0,0
401592,0,0,0
50455,0,0,0
122964,0,0,0
245356,0,0,0
276503,0,0,0
162610,0,0,0
331894,0,0,0
18834,0,0,0
355755,0,0,0
296407,0,0,0
182073,0,0,0
227458,0,0,0
102733,0,0,0
58412,0,0,0
280588,0,0,0
206553,0,0,0
28368,0,0,0
324401,0,0,0
158747,0,0,0
54318,0,0,0
128613,0,0,0
100527,0,0,0
102659,0,0,0
57618,0,0,0
511,0,0,0
1271,0,0,0
232951,0,0,0
215410,0,0,0
174664,0,0,0
392711,0,0,0
253805,0,0,0
73388,0,0,0
135095,0,0,0
380932,0,0,0
73188,0,0,0
83350,0,0,0
209119,0,0,0
284844,0,0,0
195374,0,0,0
43199,0,0,0
244673,0,0,0
215624,0,0,0
91061,0,0,0
74495,0,0,0
22560,0,0,0
131873,0,0,0
71205,0,0,0
153404,0,0,0
232042,0,0,0
163238,0,0,0
209580,0,0,0
197430,0,0,0
194818,0,0,0
84819,0,0,0
312742,0,0,0
136211,0,0,0
123076,0,0,0
119581,0,0,0
8368,0,0,0
268655,0,0,0
20327,0,0,0
289520,0,0,0
168730,0,0,0
278006,0,0,0
336942,0,0,0
244285,0,0,0
394260,0,0,0
55490,0,0,0
126278,0,0,0
326765,0,0,0
169352,0,0,0
233337,0,0,0
124153,0,0,0
347800,0,0,0
393521,0,0,0
286939,0,0,0
172654,0,0,0
392265,0,0,0
176766,0,0,0
334568,0,0,0
196222,0,0,0
214166,0,0,0
154102,0,0,0
257851,0,0,0
354366,0,0,0
132589,0,0,0
114982,0,0,0
175860,0,0,0
74259,0,0,0
10954,0,0,0
143790,0,0,0
41738,0,0,0
298392,0,0,0
342600,0,0,0
69535,0,0,0
95801,0,0,0
129394,0,0,0
108901,0,0,0
90735,0,0,0
99239,0,0,0
259301,0,0,0
206118,0,0,0
373425,0,0,0
74444,0,0,0
136926,0,0,0
373071,0,0,0
77611,0,0,0
377200,0,0,0
295240,0,0,0
306638,0,0,0
37531,0,0,0
364329,0,0,0
242601,0,0,0
57871,0,0,0
123711,0,0,0
308814,0,0,0
213375,0,0,0
79831,0,0,0
402735,0,0,0
168745,0,0,0
209314,0,0,0
197063,0,0,0
346331,0,0,0
260294,0,0,0
202900,0,0,0
339182,0,0,0
392801,0,0,0
204400,0,0,0
89171,0,0,0
162169,0,0,0
249003,0,0,0
110784,0,0,0
279389,0,0,0
253485,0,0,0
65867,0,0,0
146765,0,0,0
251368,0,0,0
186656,0,0,0
130846,0,0,0
313947,0,0,0
129184,0,0,0
98341,0,0,0
113521,0,0,0
345248,0,0,0
111869,0,0,0
45763,0,0,0
191413,0,0,0
137220,0,0,0
402604,0,0,0
342462,0,0,0
150067,0,0,0
280358,0,0,0
291567,0,0,0
389307,0,0,0
184175,0,0,0
99478,0,0,0
3460,0,0,0
69576,0,0,0
1756,0,0,0
386296,0,0,0
152165,0,0,0
251004,0,0,0
92787,0,0,0
17215,0,0,0
87093,0,0,0
373862,0,0,0
5697,0,0,0
236852,0,0,0
57258,0,0,0
407307,0,0,0
146934,0,0,0
365910,0,0,0
38131,0,0,0
93436,0,0,0
70919,0,0,0
149251,0,0,0
298558,0,0,0
352530,0,0,0
69518,0,0,0
354590,0,0,0
38798,0,0,0
375838,0,0,0
13882,0,0,0
284790,0,0,0
276679,0,0,0
11559,0,0,0
327384,0,0,0
278575,0,0,0
18247,0,0,0
386698,0,0,0
103959,0,0,0
76292,0,0,0
79919,0,0,0
254292,0,0,0
265446,0,0,0
315890,0,0,0
173508,0,0,0
61011,0,0,0
374880,0,0,0
29431,0,0,0
189378,0,0,0
90195,0,0,0
13771,0,0,0
40578,0,0,0
251882,0,0,0
75225,0,0,0
330853,0,0,0
318883,0,0,0
311921,0,0,0
139333,0,0,0
392934,0,0,0
58787,0,0,0
97,0,0,0
409878,0,0,0
291950,0,0,0
128245,0,0,0
194701,0,0,0
214199,0,0,0
72945,0,0,0
382190,0,0,0
123096,0,0,0
317655,0,0,0
332098,0,0,0
225598,0,0,0
265260,0,0,0
90020,0,0,0
25136,0,0,0
180940,0,0,0
396448,0,0,0
368717,0,0,0
149641,0,0,0
124673,0,0,0
265463,0,0,0
77525,0,0,0
321546,0,0,0
371765,0,0,0
278312,0,0,0
32309,0,0,0
169269,0,0,0
191064,0,0,0
9258,0,0,0
397217,0,0,0
13545,0,0,0
384990,0,0,0
293681,0,0,0
122408,0,0,0
17831,0,0,0
286072,0,0,0
149815,0,0,0
316134,0,0,0
138049,0,0,0
395450,0,0,0
289354,0,0,0
66121,0,0,0
197582,0,0,0
73728,0,0,0
112100,0,0,0
284605,0,0,0
145,0,0,0
183321,0,0,0
246315,0,0,0
139525,0,0,0
398328,0,0,0
263516,0,0,0
372671,0,0,0
392247,0,0,0
25652,0,0,0
230070,0,0,0
109410,0,0,0
293973,0,0,0
379046,0,0,0
219692,0,0,0
307809,0,0,0
394725,0,0,0
94701,0,0,0
63075,0,0,0
169390,0,0,0
317092,0,0,0
370516,0,0,0
341829,0,0,0
286357,0,0,0
169922,0,0,0
278983,0,0,0
274720,0,0,0
188200,0,0,0
326442,0,0,0
161004,0,0,0
330396,0,0,0
278534,0,0,0
105062,0,0,0
124863,0,0,0
349524,0,0,0
305182,0,0,0
262304,0,0,0
121210,0,0,0
263332,0,0,0
340779,0,0,0
402204,0,0,0
194346,0,0,0
4713,0,0,0
406394,0,0,0
175863,0,0,0
315565,0,0,0
341497,0,0,0
141128,0,0,0
343992,0,0,0
33024,0,0,0
208958,0,0,0
154894,0,0,0
277711,0,0,0
360832,0,0,0
206500,0,0,0
139671,0,0,0
320385,0,0,0
403193,0,0,0
109543,0,0,0
329417,0,0,0
262829,0,0,0
280618,0,0,0
50078,0,0,0
66488,0,0,0
294767,0,0,0
255915,0,0,0
245518,0,0,0
150481,0,0,0
293621,0,0,0
70771,0,0,0
8728,0,0,0
80927,0,0,0
338563,0,0,0
407363,0,0,0
266546,0,0,0
11663,0,0,0
124106,0,0,0
103992,0,0,0
77055,0,0,0
75946,0,0,0
250481,0,0,0
99255,0,0,0
198271,0,0,0
228377,0,0,0
275996,0,0,0
8313,0,0,0
160004,0,0,0
121429,0,0,0
225576,0,0,0
264238,0,0,0
266804,0,0,0
94631,0,0,0
292671,0,0,0
259277,0,0,0
196238,0,0,0
303488,0,0,0
357478,0,0,0
399411,0,0,0
82520,0,0,0
119731,0,0,0
374645,0,0,0
55853,0,0,0
361430,0,0,0
228217,0,0,0
13532,0,0,0
316963,0,0,0
247503,0,0,0
385023,0,0,0
392485,0,0,0
239017,0,0,0
239121,0,0,0
45902,0,0,0
150013,0,0,0
107123,0,0,0
115950,0,0,0
5141,0,0,0
186964,0,0,0
43496,0,0,0
56691,0,0,0
144504,0,0,0
149907,0,0,0
71290,0,0,0
281379,0,0,0
94065,0,0,0
163746,0,0,0
250595,0,0,0
314209,0,0,0
13369,0,0,0
108940,0,0,0
54074,0,0,0
311769,0,0,0
392526,0,0,0
89959,0,0,0
179762,0,0,0
88231,0,0,0
323547,0,0,0
221149,0,0,0
196498,0,0,0
39055,0,0,0
237824,0,0,0
89741,0,0,0
239635,0,0,0
116927,0,0,0
255641,0,0,0
376207,0,0,0
333335,0,0,0
229387,0,0,0
186550,0,0,0
38940,0,0,0
204659,0,0,0
183604,0,0,0
229208,0,0,0
181953,0,0,0
410739,0,0,0
350471,0,0,0
192627,0,0,0
16064,0,0,0
82343,0,0,0
129962,0,0,0
319944,0,0,0
370981,0,0,0
189149,0,0,0
238037,0,0,0
31364,0,0,0
99950,0,0,0
157684,0,0,0
381002,0,0,0
86867,0,0,0
218680,0,0,0
274774,0,0,0
335755,0,0,0
302936,0,0,0
120203,0,0,0
205115,0,0,0
97643,0,0,0
166725,0,0,0
354696,0,0,0
48080,0,0,0
396486,0,0,0
385245,0,0,0
380338,0,0,0
38319,0,0,0
233493,0,0,0
260428,0,0,0
122519,0,0,0
358128,0,0,0
20091,0,0,0
88716,0,0,0
313757,0,0,0
219967,0,0,0
175838,0,0,0
127770,0,0,0
111167,0,0,0
223932,0,0,0
268811,0,0,0
153480,0,0,0
264851,0,0,0
169635,0,0,0
340438,0,0,0
248691,0,0,0
28941,0,0,0
123123,0,0,0
173786,0,0,0
165732,0,0,0
238158,0,0,0
55519,0,0,0
63213,0,0,0
102688,0,0,0
247957,0,0,0
181163,0,0,0
10264,0,0,0
107018,0,0,0
171191,0,0,0
56729,0,0,0
347894,0,0,0
41028,0,0,0
199704,0,0,0
353765,0,0,0
286778,0,0,0
283482,0,0,0
20257,0,0,0
265761,0,0,0
406446,0,0,0
235795,0,0,0
116060,0,0,0
236536,0,0,0
44539,0,0,0
361692,0,0,0
251056,0,0,0
1682,0,0,0
129154,0,0,0
298932,0,0,0
309053,0,0,0
298665,0,0,0
194868,0,0,0
107146,0,0,0
282947,0,0,0
311895,0,0,0
101717,0,0,0
117678,0,0,0
401831,0,0,0
23698,0,0,0
42108,0,0,0
160310,0,0,0
25875,0,0,0
140293,0,0,0
238453,0,0,0
254633,0,0,0
62805,0,0,0
339044,0,0,0
37121,0,0,0
387627,0,0,0
220207,0,0,0
281535,0,0,0
328118,0,0,0
255860,0,0,0
386777,0,0,0
210638,0,0,0
338771,0,0,0
171958,0,0,0
315059,0,0,0
185470,0,0,0
60045,0,0,0
80172,0,0,0
144344,0,0,0
147719,0,0,0
158253,0,0,0
111658,0,0,0
21364,0,0,0
247270,0,0,0
156122,0,0,0
207915,0,0,0
104996,0,0,0
342157,0,0,0
131597,0,0,0
387489,0,0,0
186506,0,0,0
291311,0,0,0
5623,0,0,0
64659,0,0,0
85895,0,0,0
239577,0,0,0
330279,0,0,0
39842,0,0,0
159420,0,0,0
309984,0,0,0
136221,0,0,0
16412,0,0,0
316741,0,0,0
403992,0,0,0
406310,0,0,0
353999,0,0,0
128010,0,0,0
372619,0,0,0
242495,0,0,0
322452,0,0,0
398160,0,0,0
278640,0,0,0
71837,0,0,0
333663,0,0,0
374597,0,0,0
252578,0,0,0
51096,0,0,0
7076,0,0,0
315882,0,0,0
268674,0,0,0
374134,0,0,0
361496,0,0,0
404386,0,0,0
138706,0,0,0
292114,0,0,0
308492,0,0,0
134061,0,0,0
362480,0,0,0
403844,0,0,0
185665,0,0,0
20050,0,0,0
122795,0,0,0
123925,0,0,0
372106,0,0,0
93409,0,0,0
321992,0,0,0
117422,0,0,0
286264,0,0,0
386798,0,0,0
371881,0,0,0
167327,0,0,0
391371,0,0,0
116171,0,0,0
362938,0,0,0
242329,0,0,0
101961,0,0,0
87013,0,0,0
75098,0,0,0
122770,0,0,0
269320,0,0,0
288942,0,0,0
187068,0,0,0
80753,0,0,0
244832,0,0,0
91468,0,0,0
116438,0,0,0
127886,0,0,0
313938,0,0,0
200482,0,0,0
38536,0,0,0
83300,0,0,0
243403,0,0,0
360785,0,0,0
288737,0,0,0
90075,0,0,0
175301,0,0,0
333427,0,0,0
42930,0,0,0
257311,0,0,0
4908,0,0,0
362542,0,0,0
360585,0,0,0
242244,0,0,0
366474,0,0,0
25239,0,0,0
106396,0,0,0
193777,0,0,0
134859,0,0,0
372464,0,0,0
127416,0,0,0
281200,0,0,0
90056,0,0,0
132982,0,0,0
317986,0,0,0
408430,0,0,0
269983,0,0,0
327416,0,0,0
63116,0,0,0
87442,0,0,0
167421,0,0,0
300507,0,0,0
295809,0,0,0
306913,0,0,0
334676,0,0,0
88981,0,0,0
161596,0,0,0
134538,0,0,0
103882,0,0,0
354051,0,0,0
369803,0,0,0
319925,0,0,0
160381,0,0,0
82902,0,0,0
92541,0,0,0
31990,0,0,0
149914,0,0,0
145674,0,0,0
389051,0,0,0
371187,0,0,0
352615,0,0,0
178784,0,0,0
149205,0,0,0
41889,0,0,0
266257,0,0,0
394179,0,0,0
380825,0,0,0
314854,0,0,0
81504,0,0,0
60489,0,0,0
165106,0,0,0
237940,0,0,0
233908,0,0,0
93400,0,0,0
180984,0,0,0
85385,0,0,0
347817,0,0,0
314127,0,0,0
153910,0,0,0
277768,0,0,0
34840,0,0,0
15022,0,0,0
176763,0,0,0
171496,0,0,0
86293,0,0,0
396660,0,0,0
71356,0,0,0
11969,0,0,0
104054,0,0,0
178726,0,0,0
103813,0,0,0
155660,0,0,0
236104,0,0,0
189257,0,0,0
252583,0,0,0
236304,0,0,0
362659,0,0,0
133044,0,0,0
218395,0,0,0
208656,0,0,0
37558,0,0,0
354285,0,0,0
189950,0,0,0
310137,0,0,0
15937,0,0,0
196496,0,0,0
397107,0,0,0
270675,0,0,0
383285,0,0,0
113407,0,0,0
110996,0,0,0
37755,0,0,0
23397,0,0,0
25609,0,0,0
178770,0,0,0
113123,0,0,0
97245,0,0,0
86863,0,0,0
283376,0,0,0
312191,0,0,0
131079,0,0,0
315109,0,0,0
42155,0,0,0
162531,0,0,0
179293,0,0,0
304654,0,0,0
772,0,0,0
319988,0,0,0
272119,0,0,0
238519,0,0,0
7338,0,0,0
331450,0,0,0
127892,0,0,0
335079,0,0,0
67650,0,0,0
244364,0,0,0
374495,0,0,0
81018,0,0,0
210778,0,0,0
84261,0,0,0
58297,0,0,0
363349,0,0,0
37072,0,0,0
280494,0,0,0
161014,0,0,0
186049,0,0,0
54958,0,0,0
87843,0,0,0
198075,0,0,0
355731,0,0,0
102370,0,0,0
2388,0,0,0
119074,0,0,0
4281,0,0,0
126314,0,0,0
140091,0,0,0
300523,0,0,0
334569,0,0,0
269435,0,0,0
9799,0,0,0
202476,0,0,0
173543,0,0,0
23867,0,0,0
109936,0,0,0
106747,0,0,0
134378,0,0,0
295224,0,0,0
276226,0,0,0
160899,0,0,0
40211,0,0,0
230025,0,0,0
189611,0,0,0
283361,0,0,0
212962,0,0,0
97438,0,0,0
66473,0,0,0
34833,0,0,0
20988,0,0,0
13862,0,0,0
122991,0,0,0
23604,0,0,0
374163,0,0,0
5579,0,0,0
287861,0,0,0
330373,0,0,0
407083,0,0,0
354396,0,0,0
13358,0,0,0
300012,0,0,0
39716,0,0,0
278821,0,0,0
247416,0,0,0
204732,0,0,0
409531,0,0,0
272227,0,0,0
333731,0,0,0
267261,0,0,0
384566,0,0,0
55355,0,0,0
108756,0,0,0
285180,0,0,0
377144,0,0,0
352894,0,0,0
34983,0,0,0
295779,0,0,0
65440,0,0,0
340389,0,0,0
75959,0,0,0
257696,0,0,0
307429,0,0,0
9422,0,0,0
292771,0,0,0
190010,0,0,0
258073,0,0,0
48062,0,0,0
92451,0,0,0
176181,0,0,0
80009,0,0,0
149066,0,0,0
13656,0,0,0
204719,0,0,0
389476,0,0,0
260276,0,0,0
353606,0,0,0
394374,0,0,0
137631,0,0,0
334380,0,0,0
232150,0,0,0
59784,0,0,0
407088,0,0,0
273582,0,0,0
92977,0,0,0
322515,0,0,0
84775,0,0,0
312839,0,0,0
268628,0,0,0
124378,0,0,0
76936,0,0,0
240273,0,0,0
305844,0,0,0
44289,0,0,0
380810,0,0,0
140923,0,0,0
327667,0,0,0
408691,0,0,0
147827,0,0,0
303902,0,0,0
404837,0,0,0
409412,0,0,0
78021,0,0,0
106888,0,0,0
149905,0,0,0
288951,0,0,0
93725,0,0,0
397728,0,0,0
263645,0,0,0
86195,0,0,0
142158,0,0,0
94245,0,0,0
244858,0,0,0
277435,0,0,0
407549,0,0,0
134824,0,0,0
290596,0,0,0
350050,0,0,0
231122,0,0,0
11201,0,0,0
393920,0,0,0
206161,0,0,0
22585,0,0,0
295075,0,0,0
117871,0,0,0
111453,0,0,0
62473,0,0,0
255411,0,0,0
305496,0,0,0
185336,0,0,0
270028,0,0,0
125175,0,0,0
395032,0,0,0
307409,0,0,0
277529,0,0,0
304865,0,0,0
13969,0,0,0
308677,0,0,0
171651,0,0,0
227647,0,0,0
160480,0,0,0
320765,0,0,0
159952,0,0,0
318616,0,0,0
67299,0,0,0
314470,0,0,0
45752,0,0,0
312463,0,0,0
266004,0,0,0
67284,0,0,0
333551,0,0,0
217319,0,0,0
346427,0,0,0
39669,0,0,0
19908,0,0,0
184401,0,0,0
114331,0,0,0
198303,0,0,0
175708,0,0,0
229006,0,0,0
345309,0,0,0
327375,0,0,0
11081,0,0,0
134589,0,0,0
224148,0,0,0
153656,0,0,0
82949,0,0,0
305895,0,0,0
256710,0,0,0
152083,0,0,0
398275,0,0,0
167207,0,0,0
287574,0,0,0
17796,0,0,0
300565,0,0,0
261620,0,0,0
219971,0,0,0
91522,0,0,0
402341,0,0,0
48892,0,0,0
102129,0,0,0
73489,0,0,0
172604,0,0,0
204743,0,0,0
169451,0,0,0
366359,0,0,0
102417,0,0,0
323742,0,0,0
6426,0,0,0
320259,0,0,0
105909,0,0,0
30736,0,0,0
236597,0,0,0
271288,0,0,0
308069,0,0,0
91939,0,0,0
392640,0,0,0
301835,0,0,0
180009,0,0,0
154437,0,0,0
224362,0,0,0
285214,0,0,0
405737,0,0,0
19342,0,0,0
177465,0,0,0
264902,0,0,0
408027,0,0,0
83809,0,0,0
325773,0,0,0
394086,0,0,0
128104,0,0,0
124953,0,0,0
132660,0,0,0
30223,0,0,0
213608,0,0,0
44080,0,0,0
299657,0,0,0
321783,0,0,0
267042,0,0,0
79689,0,0,0
372634,0,0,0
240398,0,0,0
91144,0,0,0
314542,0,0,0
254042,0,0,0
32086,0,0,0
72269,0,0,0
384572,0,0,0
261662,0,0,0
156849,0,0,0
275293,0,0,0
73856,0,0,0
74707,0,0,0
24991,0,0,0
303729,0,0,0
238770,0,0,0
331666,0,0,0
307338,0,0,0
318012,0,0,0
208935,0,0,0
409824,0,0,0
234326,0,0,0
25598,0,0,0
216765,0,0,0
36480,0,0,0
215020,0,0,0
296369,0,0,0
341716,0,0,0
81542,0,0,0
257329,0,0,0
329036,0,0,0
294395,0,0,0
248646,0,0,0
228016,0,0,0
303165,0,0,0
226596,0,0,0
335941,0,0,0
316837,0,0,0
94934,0,0,0
189175,0,0,0
303718,0,0,0
312289,0,0,0
393207,0,0,0
200187,0,0,0
129934,0,0,0
101433,0,0,0
392166,0,0,0
85787,0,0,0
65041,0,0,0
27373,0,0,0
232547,0,0,0
87323,0,0,0
7310,0,0,0
349301,0,0,0
407230,0,0,0
127954,0,0,0
230297,0,0,0
105031,0,0,0
109237,0,0,0
32151,0,0,0
295437,0,0,0
79091,0,0,0
159692,0,0,0
47430,0,0,0
356802,0,0,0
377354,0,0,0
238460,0,0,0
280510,0,0,0
268540,0,0,0
382667,0,0,0
321960,0,0,0
164068,0,0,0
298038,0,0,0
202381,0,0,0
274143,0,0,0
4330,0,0,0
368050,0,0,0
200474,0,0,0
65435,0,0,0
92449,0,0,0
287506,0,0,0
150728,0,0,0
287753,0,0,0
66181,0,0,0
361641,0,0,0
295871,0,0,0
184023,0,0,0
63285,0,0,0
390647,0,0,0
196011,0,0,0
192919,0,0,0
242058,0,0,0
191702,0,0,0
82623,0,0,0
236846,0,0,0
332001,0,0,0
241674,0,0,0
32790,0,0,0
213910,0,0,0
128824,0,0,0
128865,0,0,0
270616,0,0,0
399941,0,0,0
237326,0,0,0
88909,0,0,0
107193,0,0,0
254522,0,0,0
100956,0,0,0
397570,0,0,0
880,0,0,0
254889,0,0,0
84616,0,0,0
160669,0,0,0
175796,0,0,0
90400,0,0,0
88421,0,0,0
267722,0,0,0
104401,0,0,0
342842,0,0,0
130046,0,0,0
80228,0,0,0
285095,0,0,0
187018,0,0,0
94784,0,0,0
340377,0,0,0
80895,0,0,0
221640,0,0,0
24961,0,0,0
104082,0,0,0
238866,0,0,0
304969,0,0,0
219633,0,0,0
175887,0,0,0
27575,0,0,0
39403,0,0,0
183466,0,0,0
207113,0,0,0
342824,0,0,0
180478,0,0,0
255019,0,0,0
74395,0,0,0
198572,0,0,0
147565,0,0,0
154118,0,0,0
127225,0,0,0
147817,0,0,0
307342,0,0,0
98413,0,0,0
167277,0,0,0
246860,0,0,0
155980,0,0,0
403941,0,0,0
385687,0,0,0
43040,0,0,0
336781,0,0,0
79741,0,0,0
308774,0,0,0
81213,0,0,0
135302,0,0,0
239189,0,0,0
385948,0,0,0
375501,0,0,0
14141,0,0,0
26268,0,0,0
258297,0,0,0
15334,0,0,0
308178,0,0,0
16865,0,0,0
255346,0,0,0
144437,0,0,0
322298,0,0,0
178214,0,0,0
340845,0,0,0
219254,0,0,0
272277,0,0,0
491,0,0,0
7838,0,0,0
373191,0,0,0
327808,0,0,0
267495,0,0,0
244289,0,0,0
145135,0,0,0
261469,0,0,0
95180,0,0,0
285461,0,0,0
85942,0,0,0
153047,0,0,0
220188,0,0,0
339200,0,0,0
164346,0,0,0
8127,0,0,0
5647,0,0,0
214443,0,0,0
150189,0,0,0
202560,0,0,0
221478,0,0,0
131723,0,0,0
82795,0,0,0
398834,0,0,0
335757,0,0,0
107082,0,0,0
192768,0,0,0
78216,0,0,0
179580,0,0,0
127512,0,0,0
319413,0,0,0
166808,0,0,0
276681,0,0,0
4240,0,0,0
257179,0,0,0
340109,0,0,0
408091,0,0,0
257499,0,0,0
3329,0,0,0
238919,0,0,0
14554,0,0,0
95568,0,0,0
230281,0,0,0
293563,0,0,0
123607,0,0,0
381716,0,0,0
76120,0,0,0
138653,0,0,0
265974,0,0,0
405655,0,0,0
70841,0,0,0
320812,0,0,0
265822,0,0,0
68436,0,0,0
145163,0,0,0
31017,0,0,0
301389,0,0,0
268539,0,0,0
195158,0,0,0
259509,0,0,0
178315,0,0,0
165858,0,0,0
222223,0,0,0
335434,0,0,0
54474,0,0,0
208441,0,0,0
272271,0,0,0
366045,0,0,0
171841,0,0,0
297383,0,0,0
197976,0,0,0
96074,0,0,0
181131,0,0,0
45362,0,0,0
386059,0,0,0
5540,0,0,0
254923,0,0,0
281259,0,0,0
392231,0,0,0
358617,0,0,0
231369,0,0,0
327463,0,0,0
224789,0,0,0
212003,0,0,0
219917,0,0,0
258479,0,0,0
322908,0,0,0
222123,0,0,0
273861,0,0,0
395148,0,0,0
319202,0,0,0
40638,0,0,0
291383,0,0,0
251122,0,0,0
39459,0,0,0
9252,0,0,0
128918,0,0,0
112296,0,0,0
13112,0,0,0
87224,0,0,0
366737,0,0,0
18821,0,0,0
210397,0,0,0
308041,0,0,0
37550,0,0,0
143252,0,0,0
263553,0,0,0
201274,0,0,0
409828,0,0,0
354592,0,0,0
70595,0,0,0
297880,0,0,0
313043,0,0,0
12869,0,0,0
305671,0,0,0
74889,0,0,0
307966,0,0,0
323043,0,0,0
253135,0,0,0
315068,0,0,0
257925,0,0,0
193076,0,0,0
52039,0,0,0
315378,0,0,0
349933,0,0,0
37483,0,0,0
125767,0,0,0
231330,0,0,0
328905,0,0,0
111976,0,0,0
8253,0,0,0
209560,0,0,0
300381,0,0,0
393597,0,0,0
4680,0,0,0
11273,0,0,0
391755,0,0,0
299195,0,0,0
174648,0,0,0
259944,0,0,0
40639,0,0,0
122384,0,0,0
233322,0,0,0
44129,0,0,0
8177,0,0,0
174079,0,0,0
403892,0,0,0
286523,0,0,0
131735,0,0,0
381995,0,0,0
179474,0,0,0
186661,0,0,0
256887,0,0,0
132444,0,0,0
107795,0,0,0
31053,0,0,0
286957,0,0,0
163211,0,0,0
222808,0,0,0
212600,0,0,0
346352,0,0,0
386331,0,0,0
71398,0,0,0
357756,0,0,0
289821,0,0,0
75133,0,0,0
66331,0,0,0
25282,0,0,0
347518,0,0,0
398394,0,0,0
39293,0,0,0
13408,0,0,0
226923,0,0,0
281367,0,0,0
346122,0,0,0
3094,0,0,0
359293,0,0,0
50323,0,0,0
93319,0,0,0
132347,0,0,0
325440,0,0,0
123744,0,0,0
167024,0,0,0
401769,0,0,0
159467,0,0,0
98949,0,0,0
168524,0,0,0
104012,0,0,0
158060,0,0,0
289307,0,0,0
140320,0,0,0
255664,0,0,0
110681,0,0,0
306352,0,0,0
231971,0,0,0
115712,0,0,0
111065,0,0,0
7438,0,0,0
183013,0,0,0
394268,0,0,0
51952,0,0,0
136814,0,0,0
32609,0,0,0
56399,0,0,0
126064,0,0,0
409940,0,0,0
109312,0,0,0
390919,0,0,0
32789,0,0,0
407790,0,0,0
389815,0,0,0
125391,0,0,0
381299,0,0,0
98853,0,0,0
299768,0,0,0
37743,0,0,0
68015,0,0,0
60964,0,0,0
220289,0,0,0
141257,0,0,0
15851,0,0,0
28613,0,0,0
117307,0,0,0
352607,0,0,0
69268,0,0,0
230427,0,0,0
235256,0,0,0
79267,0,0,0
127314,0,0,0
130249,0,0,0
247140,0,0,0
10734,0,0,0
221593,0,0,0
375121,0,0,0
401081,0,0,0
98491,0,0,0
342995,0,0,0
224338,0,0,0
311593,0,0,0
191084,0,0,0
37989,0,0,0
275856,0,0,0
242726,0,0,0
130168,0,0,0
29171,0,0,0
274255,0,0,0
95659,0,0,0
119259,0,0,0
252984,0,0,0
174478,0,0,0
316852,0,0,0
236157,0,0,0
257025,0,0,0
331608,0,0,0
164359,0,0,0
89854,0,0,0
189209,0,0,0
295555,0,0,0
370639,0,0,0
114074,0,0,0
275497,0,0,0
133554,0,0,0
247661,0,0,0
17140,0,0,0
295305,0,0,0
311746,0,0,0
394806,0,0,0
228360,0,0,0
248731,0,0,0
45303,0,0,0
181607,0,0,0
303960,0,0,0
199366,0,0,0
206603,0,0,0
234285,0,0,0
160992,0,0,0
79481,0,0,0
356789,0,0,0
70500,0,0,0
361055,0,0,0
345791,0,0,0
107141,0,0,0
154119,0,0,0
56204,0,0,0
54577,0,0,0
385565,0,0,0
157628,0,0,0
120855,0,0,0
288039,0,0,0
400352,0,0,0
124611,0,0,0
112869,0,0,0
175252,0,0,0
397092,0,0,0
99837,0,0,0
137120,0,0,0
302771,0,0,0
74999,0,0,0
279530,0,0,0
399968,0,0,0
396470,0,0,0
70818,0,0,0
122802,0,0,0
326858,0,0,0
94173,0,0,0
77964,0,0,0
165804,0,0,0
283172,0,0,0
294162,0,0,0
301604,0,0,0
186263,0,0,0
356646,0,0,0
20714,0,0,0
37564,0,0,0
377139,0,0,0
332007,0,0,0
369635,0,0,0
231730,0,0,0
1268,0,0,0
41950,0,0,0
62487,0,0,0
190885,0,0,0
89616,0,0,0
215004,0,0,0
48984,0,0,0
399824,0,0,0
205972,0,0,0
180724,0,0,0
156387,0,0,0
399368,0,0,0
208833,0,0,0
238653,0,0,0
145725,0,0,0
158119,0,0,0
316876,0,0,0
19607,0,0,0
273816,0,0,0
247536,0,0,0
7825,0,0,0
194293,0,0,0
366254,0,0,0
127800,0,0,0
136140,0,0,0
155834,0,0,0
400320,0,0,0
1579,0,0,0
134853,0,0,0
203325,0,0,0
410156,0,0,0
189069,0,0,0
269683,0,0,0
227313,0,0,0
219248,0,0,0
324558,0,0,0
151452,0,0,0
95507,0,0,0
320880,0,0,0
400482,0,0,0
379934,0,0,0
248674,0,0,0
71896,0,0,0
281544,0,0,0
283918,0,0,0
259386,0,0,0
226222,0,0,0
32853,0,0,0
404576,0,0,0
339031,0,0,0
42252,0,0,0
56361,0,0,0
111991,0,0,0
26320,0,0,0
380432,0,0,0
410226,0,0,0
23731,0,0,0
148422,0,0,0
312674,0,0,0
320263,0,0,0
219660,0,0,0
106313,0,0,0
202876,0,0,0
299290,0,0,0
271832,0,0,0
331050,0,0,0
96011,0,0,0
20309,0,0,0
166535,0,0,0
214944,0,0,0
2755,0,0,0
15897,0,0,0
24245,0,0,0
145666,0,0,0
1844,0,0,0
118403,0,0,0
103078,0,0,0
182797,0,0,0
239149,0,0,0
10982,0,0,0
120793,0,0,0
224213,0,0,0
91627,0,0,0
354122,0,0,0
284473,0,0,0
372363,0,0,0
357313,0,0,0
61060,0,0,0
180180,0,0,0
233069,0,0,0
244383,0,0,0
60193,0,0,0
376340,0,0,0
184551,0,0,0
4861,0,0,0
159544,0,0,0
14237,0,0,0
61532,0,0,0
227494,0,0,0
280398,0,0,0
162723,0,0,0
294316,0,0,0
171216,0,0,0
29572,0,0,0
21227,0,0,0
314475,0,0,0
220009,0,0,0
381734,0,0,0
93871,0,0,0
225261,0,0,0
306487,0,0,0
125224,0,0,0
55013,0,0,0
101768,0,0,0
292131,0,0,0
56076,0,0,0
329877,0,0,0
13629,0,0,0
150781,0,0,0
110740,0,0,0
8002,0,0,0
157115,0,0,0
267879,0,0,0
273833,0,0,0
20537,0,0,0
90470,0,0,0
326369,0,0,0
71759,0,0,0
145192,0,0,0
83811,0,0,0
385915,0,0,0
121034,0,0,0
368235,0,0,0
256754,0,0,0
97732,0,0,0
238034,0,0,0
334465,0,0,0
283565,0,0,0
219726,0,0,0
157252,0,0,0
184889,0,0,0
152287,0,0,0
49655,0,0,0
311212,0,0,0
375151,0,0,0
38958,0,0,0
109607,0,0,0
353433,0,0,0
50398,0,0,0
182177,0,0,0
92411,0,0,0
145795,0,0,0
117987,0,0,0
68887,0,0,0
359160,0,0,0
148943,0,0,0
122729,0,0,0
294720,0,0,0
200933,0,0,0
374922,0,0,0
265762,0,0,0
351038,0,0,0
33656,0,0,0
340888,0,0,0
95575,0,0,0
303075,0,0,0
407741,0,0,0
166021,0,0,0
256249,0,0,0
341109,0,0,0
165932,0,0,0
287545,0,0,0
140106,0,0,0
141352,0,0,0
248321,0,0,0
344226,0,0,0
67106,0,0,0
247121,0,0,0
266293,0,0,0
164025,0,0,0
160989,0,0,0
142317,0,0,0
106128,0,0,0
262331,0,0,0
46966,0,0,0
71784,0,0,0
227150,0,0,0
408084,0,0,0
316311,0,0,0
98540,0,0,0
377775,0,0,0
129807,0,0,0
354701,0,0,0
4296,0,0,0
201520,0,0,0
222730,0,0,0
163225,0,0,0
139985,0,0,0
173869,0,0,0
221973,0,0,0
49380,0,0,0
353321,0,0,0
25430,0,0,0
1081,0,0,0
116285,0,0,0
381382,0,0,0
18233,0,0,0
229574,0,0,0
61677,0,0,0
163087,0,0,0
182044,0,0,0
344350,0,0,0
344943,0,0,0
87304,0,0,0
78533,0,0,0
241729,0,0,0
56742,0,0,0
366318,0,0,0
379690,0,0,0
222823,0,0,0
407663,0,0,0
387762,0,0,0
272608,0,0,0
388695,0,0,0
104212,0,0,0
39328,0,0,0
169237,0,0,0
100934,0,0,0
336513,0,0,0
286796,0,0,0
345646,0,0,0
63724,0,0,0
286308,0,0,0
223424,0,0,0
368209,0,0,0
408296,0,0,0
342977,0,0,0
4752,0,0,0
27471,0,0,0
313,0,0,0
79245,0,0,0
302869,0,0,0
83331,0,0,0
96149,0,0,0
363336,0,0,0
203823,0,0,0
35484,0,0,0
198019,0,0,0
237163,0,0,0
297770,0,0,0
400153,0,0,0
200219,0,0,0
331031,0,0,0
40466,0,0,0
33558,0,0,0
212138,0,0,0
36657,0,0,0
345533,0,0,0
57906,0,0,0
181515,0,0,0
172137,0,0,0
350721,0,0,0
394857,0,0,0
82310,0,0,0
308973,0,0,0
396331,0,0,0
193909,0,0,0
32133,0,0,0
399018,0,0,0
40955,0,0,0
384968,0,0,0
249168,0,0,0
218898,0,0,0
111214,0,0,0
85192,0,0,0
89841,0,0,0
116474,0,0,0
376727,0,0,0
93891,0,0,0
38445,0,0,0
143928,0,0,0
326949,0,0,0
39056,0,0,0
230076,0,0,0
8319,0,0,0
117051,0,0,0
24783,0,0,0
141404,0,0,0
387280,0,0,0
111850,0,0,0
370002,0,0,0
181835,0,0,0
390963,0,0,0
36504,0,0,0
400303,0,0,0
234544,0,0,0
288148,0,0,0
296024,0,0,0
148809,0,0,0
114919,0,0,0
397764,0,0,0
276523,0,0,0
297112,0,0,0
373251,0,0,0
42788,0,0,0
214570,0,0,0
351160,0,0,0
175119,0,0,0
146779,0,0,0
113399,0,0,0
8254,0,0,0
129586,0,0,0
181093,0,0,0
211625,0,0,0
91819,0,0,0
314585,0,0,0
244495,0,0,0
126506,0,0,0
104207,0,0,0
151177,0,0,0
293111,0,0,0
313445,0,0,0
404065,0,0,0
301966,0,0,0
114988,0,0,0
255537,0,0,0
292685,0,0,0
387281,0,0,0
98479,0,0,0
284980,0,0,0
343473,0,0,0
200953,0,0,0
51099,0,0,0
48691,0,0,0
391141,0,0,0
260073,0,0,0
188706,0,0,0
242119,0,0,0
235761,0,0,0
295168,0,0,0
48,0,0,0
407285,0,0,0
36710,0,0,0
90884,0,0,0
329030,0,0,0
358448,0,0,0
261647,0,0,0
15266,0,0,0
336624,0,0,0
18685,0,0,0
35424,0,0,0
245454,0,0,0
376665,0,0,0
279477,0,0,0
330335,0,0,0
56273,0,0,0
191089,0,0,0
243133,0,0,0
237647,0,0,0
360146,0,0,0
128288,0,0,0
238556,0,0,0
188370,0,0,0
137146,0,0,0
371860,0,0,0
348448,0,0,0
381571,0,0,0
240846,0,0,0
352862,0,0,0
58761,0,0,0
287626,0,0,0
248210,0,0,0
89962,0,0,0
272243,0,0,0
255340,0,0,0
21724,0,0,0
183082,0,0,0
126550,0,0,0
298836,0,0,0
32577,0,0,0
355915,0,0,0
14815,0,0,0
302508,0,0,0
246926,0,0,0
65312,0,0,0
389541,0,0,0
72249,0,0,0
76960,0,0,0
44555,0,0,0
247045,0,0,0
41583,0,0,0
253845,0,0,0
237002,0,0,0
2961,0,0,0
212505,0,0,0
328184,0,0,0
335282,0,0,0
256304,0,0,0
310548,0,0,0
221645,0,0,0
183625,0,0,0
128610,0,0,0
155942,0,0,0
68939,0,0,0
299761,0,0,0
185353,0,0,0
394935,0,0,0
205152,0,0,0
47610,0,0,0
397497,0,0,0
26907,0,0,0
88358,0,0,0
346294,0,0,0
331959,0,0,0
290211,0,0,0
12786,0,0,0
77137,0,0,0
144672,0,0,0
16279,0,0,0
129282,0,0,0
180523,0,0,0
20698,0,0,0
230969,0,0,0
67394,0,0,0
178961,0,0,0
341185,0,0,0
100082,0,0,0
187947,0,0,0
225203,0,0,0
376045,0,0,0
311797,0,0,0
200271,0,0,0
228288,0,0,0
373345,0,0,0
92987,0,0,0
397330,0,0,0
381281,0,0,0
275920,0,0,0
356717,0,0,0
127524,0,0,0
191661,0,0,0
112328,0,0,0
102126,0,0,0
273891,0,0,0
22995,0,0,0
281520,0,0,0
163128,0,0,0
227750,0,0,0
237345,0,0,0
159528,0,0,0
142980,0,0,0
30737,0,0,0
364319,0,0,0
341164,0,0,0
69964,0,0,0
149219,0,0,0
87324,0,0,0
241155,0,0,0
140356,0,0,0
341838,0,0,0
253230,0,0,0
121001,0,0,0
139829,0,0,0
406267,0,0,0
183850,0,0,0
362617,0,0,0
170224,0,0,0
81713,0,0,0
239832,0,0,0
204258,0,0,0
244035,0,0,0
407137,0,0,0
129616,0,0,0
73410,0,0,0
36285,0,0,0
400851,0,0,0
379608,0,0,0
34962,0,0,0
191636,0,0,0
7500,0,0,0
285285,0,0,0
167241,0,0,0
122732,0,0,0
408988,0,0,0
226916,0,0,0
317301,0,0,0
228172,0,0,0
261786,0,0,0
61759,0,0,0
113702,0,0,0
181044,0,0,0
106895,0,0,0
174860,0,0,0
301765,0,0,0
330212,0,0,0
196224,0,0,0
2019,0,0,0
381344,0,0,0
34713,0,0,0
350088,0,0,0
280376,0,0,0
387870,0,0,0
293845,0,0,0
55398,0,0,0
123027,0,0,0
180398,0,0,0
216279,0,0,0
184460,0,0,0
151438,0,0,0
337372,0,0,0
276802,0,0,0
177607,0,0,0
37677,0,0,0
145334,0,0,0
303403,0,0,0
61231,0,0,0
100502,0,0,0
171067,0,0,0
108806,0,0,0
348437,0,0,0
260802,0,0,0
362846,0,0,0
360545,0,0,0
42148,0,0,0
224878,0,0,0
207649,0,0,0
379366,0,0,0
127545,0,0,0
225617,0,0,0
8932,0,0,0
136010,0,0,0
150175,0,0,0
75549,0,0,0
56880,0,0,0
72946,0,0,0
234823,0,0,0
212725,0,0,0
205969,0,0,0
134432,0,0,0
14329,0,0,0
82489,0,0,0
408899,0,0,0
63681,0,0,0
193223,0,0,0
292268,0,0,0
281327,0,0,0
274357,0,0,0
313355,0,0,0
283810,0,0,0
2198,0,0,0
330123,0,0,0
295092,0,0,0
72740,0,0,0
288155,0,0,0
15762,0,0,0
38147,0,0,0
247243,0,0,0
28292,0,0,0
192072,0,0,0
309798,0,0,0
301959,0,0,0
61057,0,0,0
340815,0,0,0
74300,0,0,0
178932,0,0,0
342720,0,0,0
133328,0,0,0
305454,0,0,0
25184,0,0,0
90431,0,0,0
251688,0,0,0
130813,0,0,0
201366,0,0,0
234758,0,0,0
302263,0,0,0
410355,0,0,0
135220,0,0,0
369686,0,0,0
171066,0,0,0
117249,0,0,0
192705,0,0,0
395044,0,0,0
323782,0,0,0
155507,0,0,0
120142,0,0,0
395154,0,0,0
134748,0,0,0
79769,0,0,0
234264,0,0,0
60201,0,0,0
266143,0,0,0
31562,0,0,0
152020,0,0,0
213313,0,0,0
75906,0,0,0
315585,0,0,0
264952,0,0,0
301554,0,0,0
382907,0,0,0
133855,0,0,0
80355,0,0,0
390268,0,0,0
356178,0,0,0
397811,0,0,0
45755,0,0,0
406689,0,0,0
253881,0,0,0
395223,0,0,0
354105,0,0,0
24490,0,0,0
386810,0,0,0
1141,0,0,0
385416,0,0,0
244437,0,0,0
38572,0,0,0
404674,0,0,0
382944,0,0,0
166511,0,0,0
203738,0,0,0
124811,0,0,0
194320,0,0,0
391983,0,0,0
265421,0,0,0
103672,0,0,0
383619,0,0,0
83655,0,0,0
20897,0,0,0
393374,0,0,0
238956,0,0,0
167611,0,0,0
344373,0,0,0
228799,0,0,0
129194,0,0,0
410748,0,0,0
379718,0,0,0
269490,0,0,0
87937,0,0,0
23709,0,0,0
14216,0,0,0
154138,0,0,0
387769,0,0,0
60421,0,0,0
341158,0,0,0
96347,0,0,0
246027,0,0,0
346243,0,0,0
408672,0,0,0
76912,0,0,0
288558,0,0,0
404965,0,0,0
159823,0,0,0
404273,0,0,0
60603,0,0,0
324262,0,0,0
346606,0,0,0
229164,0,0,0
41125,0,0,0
241890,0,0,0
205549,0,0,0
360640,0,0,0
88115,0,0,0
290221,0,0,0
264372,0,0,0
143606,0,0,0
268949,0,0,0
332259,0,0,0
230000,0,0,0
280554,0,0,0
301821,0,0,0
79735,0,0,0
168701,0,0,0
9054,0,0,0
375118,0,0,0
408689,0,0,0
335731,0,0,0
35877,0,0,0
178590,0,0,0
286341,0,0,0
33581,0,0,0
319043,0,0,0
388892,0,0,0
371991,0,0,0
200809,0,0,0
73611,0,0,0
12043,0,0,0
310338,0,0,0
4795,0,0,0
34632,0,0,0
319326,0,0,0
26867,0,0,0
405545,0,0,0
93916,0,0,0
182547,0,0,0
257627,0,0,0
287242,0,0,0
359909,0,0,0
293110,0,0,0
330243,0,0,0
324250,0,0,0
165734,0,0,0
218508,0,0,0
43533,0,0,0
275862,0,0,0
51624,0,0,0
38070,0,0,0
208447,0,0,0
366290,0,0,0
401268,0,0,0
331110,0,0,0
157656,0,0,0
30970,0,0,0
166700,0,0,0
280189,0,0,0
125888,0,0,0
268135,0,0,0
331061,0,0,0
124273,0,0,0
52632,0,0,0
405301,0,0,0
41076,0,0,0
6717,0,0,0
207680,0,0,0
128584,0,0,0
218186,0,0,0
346654,0,0,0
16695,0,0,0
61398,0,0,0
186835,0,0,0
395814,0,0,0
32746,0,0,0
386920,0,0,0
52849,0,0,0
35057,0,0,0
185656,0,0,0
321781,0,0,0
42661,0,0,0
334765,0,0,0
388371,0,0,0
371696,0,0,0
103762,0,0,0
73041,0,0,0
273288,0,0,0
140403,0,0,0
186454,0,0,0
405969,0,0,0
285408,0,0,0
119366,0,0,0
247160,0,0,0
19203,0,0,0
250344,0,0,0
330548,0,0,0
360758,0,0,0
410514,0,0,0
148948,0,0,0
171130,0,0,0
298249,0,0,0
262290,0,0,0
266210,0,0,0
257003,0,0,0
218648,0,0,0
138174,0,0,0
239234,0,0,0
148758,0,0,0
353232,0,0,0
297281,0,0,0
63191,0,0,0
376893,0,0,0
105470,0,0,0
166025,0,0,0
174356,0,0,0
330214,0,0,0
139252,0,0,0
406103,0,0,0
131837,0,0,0
323513,0,0,0
38212,0,0,0
360242,0,0,0
115703,0,0,0
74672,0,0,0
29686,0,0,0
137856,0,0,0
326229,0,0,0
349375,0,0,0
117216,0,0,0
261898,0,0,0
281083,0,0,0
140033,0,0,0
406804,0,0,0
355216,0,0,0
75505,0,0,0
280441,0,0,0
74511,0,0,0
378974,0,0,0
21536,0,0,0
56628,0,0,0
134931,0,0,0
111163,0,0,0
245602,0,0,0
344448,0,0,0
392809,0,0,0
316633,0,0,0
28858,0,0,0
328007,0,0,0
72263,0,0,0
193482,0,0,0
325335,0,0,0
272870,0,0,0
106998,0,0,0
164445,0,0,0
42017,0,0,0
150575,0,0,0
328182,0,0,0
69995,0,0,0
342302,0,0,0
199726,0,0,0
314647,0,0,0
401611,0,0,0
173944,0,0,0
298495,0,0,0
389301,0,0,0
40418,0,0,0
108917,0,0,0
234988,0,0,0
113538,0,0,0
279219,0,0,0
224447,0,0,0
157629,0,0,0
351313,0,0,0
63293,0,0,0
52748,0,0,0
389605,0,0,0
400234,0,0,0
67519,0,0,0
27370,0,0,0
312357,0,0,0
213581,0,0,0
239533,0,0,0
284460,0,0,0
16386,0,0,0
20213,0,0,0
322303,0,0,0
303223,0,0,0
259818,0,0,0
329365,0,0,0
24510,0,0,0
230174,0,0,0
148662,0,0,0
216731,0,0,0
300478,0,0,0
128457,0,0,0
390287,0,0,0
282702,0,0,0
90106,0,0,0
371121,0,0,0
133280,0,0,0
251605,0,0,0
34866,0,0,0
403293,0,0,0
405390,0,0,0
343696,0,0,0
178680,0,0,0
41085,0,0,0
80193,0,0,0
212575,0,0,0
262413,0,0,0
331963,0,0,0
233029,0,0,0
161076,0,0,0
73750,0,0,0
155337,0,0,0
265906,0,0,0
42780,0,0,0
410230,0,0,0
253383,0,0,0
22650,0,0,0
324505,0,0,0
238766,0,0,0
219914,0,0,0
53760,0,0,0
133971,0,0,0
265291,0,0,0
77593,0,0,0
212234,0,0,0
350346,0,0,0
367736,0,0,0
218037,0,0,0
240111,0,0,0
221634,0,0,0
327562,0,0,0
287648,0,0,0
398577,0,0,0
193749,0,0,0
197124,0,0,0
287583,0,0,0
54212,0,0,0
409262,0,0,0
180182,0,0,0
2772,0,0,0
259822,0,0,0
140760,0,0,0
402347,0,0,0
158863,0,0,0
69088,0,0,0
329303,0,0,0
84805,0,0,0
179461,0,0,0
238178,0,0,0
35546,0,0,0
24467,0,0,0
301138,0,0,0
313216,0,0,0
10387,0,0,0
230189,0,0,0
334204,0,0,0
321069,0,0,0
245886,0,0,0
44210,0,0,0
118419,0,0,0
372932,0,0,0
209694,0,0,0
140986,0,0,0
402085,0,0,0
348153,0,0,0
155166,0,0,0
209294,0,0,0
364893,0,0,0
154505,0,0,0
395531,0,0,0
103975,0,0,0
281580,0,0,0
338924,0,0,0
101967,0,0,0
270986,0,0,0
69826,0,0,0
123128,0,0,0
365760,0,0,0
85988,0,0,0
324138,0,0,0
232488,0,0,0
355808,0,0,0
105320,0,0,0
329669,0,0,0
250947,0,0,0
251968,0,0,0
360264,0,0,0
64502,0,0,0
46819,0,0,0
188638,0,0,0
306347,0,0,0
325167,0,0,0
29129,0,0,0
67994,0,0,0
295940,0,0,0
297686,0,0,0
37476,0,0,0
276130,0,0,0
137806,0,0,0
309392,0,0,0
349254,0,0,0
233118,0,0,0
255609,0,0,0
68106,0,0,0
222706,0,0,0
63451,0,0,0
94774,0,0,0
352006,0,0,0
383632,0,0,0
356324,0,0,0
150964,0,0,0
203224,0,0,0
95422,0,0,0
205736,0,0,0
295072,0,0,0
394292,0,0,0
282714,0,0,0
367431,0,0,0
204042,0,0,0
365494,0,0,0
306285,0,0,0
299071,0,0,0
325827,0,0,0
6255,0,0,0
348638,0,0,0
23221,0,0,0
206110,0,0,0
316447,0,0,0
190616,0,0,0
159700,0,0,0
331796,0,0,0
110748,0,0,0
318229,0,0,0
156632,0,0,0
290161,0,0,0
213624,0,0,0
274371,0,0,0
298273,0,0,0
239868,0,0,0
409446,0,0,0
211137,0,0,0
251257,0,0,0
144237,0,0,0
78552,0,0,0
50231,0,0,0
184160,0,0,0
254523,0,0,0
111154,0,0,0
403392,0,0,0
256637,0,0,0
395331,0,0,0
161213,0,0,0
323096,0,0,0
261950,0,0,0
229094,0,0,0
404817,0,0,0
3634,0,0,0
315680,0,0,0
65546,0,0,0
352251,0,0,0
369398,0,0,0
174283,0,0,0
235651,0,0,0
112334,0,0,0
69693,0,0,0
53820,0,0,0
326975,0,0,0
187534,0,0,0
365850,0,0,0
50212,0,0,0
393408,0,0,0
327347,0,0,0
326316,0,0,0
144844,0,0,0
399809,0,0,0
84741,0,0,0
120786,0,0,0
311447,0,0,0
178655,0,0,0
334501,0,0,0
210111,0,0,0
348931,0,0,0
16728,0,0,0
313390,0,0,0
333455,0,0,0
95799,0,0,0
34340,0,0,0
375166,0,0,0
153820,0,0,0
239362,0,0,0
228912,0,0,0
321561,0,0,0
211111,0,0,0
66878,0,0,0
208915,0,0,0
93616,0,0,0
178285,0,0,0
139056,0,0,0
79127,0,0,0
195496,0,0,0
206083,0,0,0
156208,0,0,0
115177,0,0,0
307780,0,0,0
261126,0,0,0
400631,0,0,0
107502,0,0,0
158854,0,0,0
326611,0,0,0
232725,0,0,0
165002,0,0,0
233582,0,0,0
29699,0,0,0
26196,0,0,0
408453,0,0,0
215910,0,0,0
275017,0,0,0
75063,0,0,0
242388,0,0,0
146531,0,0,0
153567,0,0,0
5630,0,0,0
339491,0,0,0
251460,0,0,0
34617,0,0,0
244656,0,0,0
184560,0,0,0
277246,0,0,0
70228,0,0,0
64595,0,0,0
99988,0,0,0
15215,0,0,0
233507,0,0,0
104534,0,0,0
240841,0,0,0
240506,0,0,0
400288,0,0,0
346592,0,0,0
149222,0,0,0
351525,0,0,0
132956,0,0,0
62935,0,0,0
407799,0,0,0
328976,0,0,0
269831,0,0,0
202576,0,0,0
286800,0,0,0
284344,0,0,0
227984,0,0,0
195976,0,0,0
347821,0,0,0
293020,0,0,0
188769,0,0,0
247204,0,0,0
360664,0,0,0
389148,0,0,0
186063,0,0,0
251179,0,0,0
228223,0,0,0
20745,0,0,0
327485,0,0,0
83351,0,0,0
187192,0,0,0
252780,0,0,0
339495,0,0,0
4597,0,0,0
406104,0,0,0
15881,0,0,0
263441,0,0,0
274695,0,0,0
247393,0,0,0
374446,0,0,0
296399,0,0,0
251689,0,0,0
19422,0,0,0
145079,0,0,0
314397,0,0,0
238117,0,0,0
144709,0,0,0
61241,0,0,0
258524,0,0,0
332891,0,0,0
211667,0,0,0
74693,0,0,0
360442,0,0,0
213619,0,0,0
55587,0,0,0
274091,0,0,0
212414,0,0,0
305235,0,0,0
335985,0,0,0
402994,0,0,0
204914,0,0,0
111312,0,0,0
205105,0,0,0
40700,0,0,0
329611,0,0,0
128447,0,0,0
340176,0,0,0
153579,0,0,0
359478,0,0,0
233978,0,0,0
312136,0,0,0
262961,0,0,0
12489,0,0,0
89648,0,0,0
408478,0,0,0
295578,0,0,0
72274,0,0,0
10854,0,0,0
370512,0,0,0
346135,0,0,0
381196,0,0,0
396434,0,0,0
150244,0,0,0
162265,0,0,0
410803,0,0,0
169194,0,0,0
321934,0,0,0
338303,0,0,0
40007,0,0,0
14901,0,0,0
230487,0,0,0
139648,0,0,0
395771,0,0,0
381938,0,0,0
67607,0,0,0
277284,0,0,0
386706,0,0,0
184768,0,0,0
87753,0,0,0
139760,0,0,0
199714,0,0,0
244950,0,0,0
24058,0,0,0
250581,0,0,0
385580,0,0,0
269733,0,0,0
130847,0,0,0
54331,0,0,0
371520,0,0,0
86548,0,0,0
291213,0,0,0
160677,0,0,0
280345,0,0,0
100753,0,0,0
69984,0,0,0
166627,0,0,0
113263,0,0,0
169605,0,0,0
235132,0,0,0
309080,0,0,0
80588,0,0,0
275626,0,0,0
201577,0,0,0
35447,0,0,0
291454,0,0,0
391732,0,0,0
278464,0,0,0
16819,0,0,0
152629,0,0,0
29312,0,0,0
301384,0,0,0
276742,0,0,0
113033,0,0,0
318859,0,0,0
349699,0,0,0
81101,0,0,0
205427,0,0,0
258053,0,0,0
388621,0,0,0
294645,0,0,0
100981,0,0,0
1263,0,0,0
244739,0,0,0
157579,0,0,0
220157,0,0,0
405300,0,0,0
329870,0,0,0
37142,0,0,0
163246,0,0,0
266634,0,0,0
113039,0,0,0
142835,0,0,0
183521,0,0,0
267896,0,0,0
83002,0,0,0
149348,0,0,0
72290,0,0,0
264669,0,0,0
289718,0,0,0
40629,0,0,0
306736,0,0,0
34901,0,0,0
209211,0,0,0
165320,0,0,0
316401,0,0,0
271799,0,0,0
408199,0,0,0
59460,0,0,0
244620,0,0,0
67186,0,0,0
270614,0,0,0
315325,0,0,0
76946,0,0,0
149248,0,0,0
387307,0,0,0
220947,0,0,0
334411,0,0,0
368353,0,0,0
174583,0,0,0
80593,0,0,0
144260,0,0,0
81470,0,0,0
216618,0,0,0
39372,0,0,0
245406,0,0,0
316229,0,0,0
348864,0,0,0
379070,0,0,0
218517,0,0,0
357723,0,0,0
83946,0,0,0
384783,0,0,0
400889,0,0,0
227768,0,0,0
15275,0,0,0
408131,0,0,0
82146,0,0,0
245878,0,0,0
389023,0,0,0
254581,0,0,0
316829,0,0,0
328436,0,0,0
91894,0,0,0
221235,0,0,0
45746,0,0,0
344594,0,0,0
218436,0,0,0
343937,0,0,0
203488,0,0,0
291886,0,0,0
123569,0,0,0
259941,0,0,0
394851,0,0,0
205818,0,0,0
405266,0,0,0
385872,0,0,0
157316,0,0,0
279404,0,0,0
8940,0,0,0
275112,0,0,0
329007,0,0,0
178612,0,0,0
196692,0,0,0
329534,0,0,0
147156,0,0,0
194997,0,0,0
272772,0,0,0
2492,0,0,0
31288,0,0,0
207357,0,0,0
88069,0,0,0
9289,0,0,0
245539,0,0,0
136690,0,0,0
196547,0,0,0
83248,0,0,0
292949,0,0,0
348084,0,0,0
158874,0,0,0
44112,0,0,0
81501,0,0,0
125205,0,0,0
96239,0,0,0
398109,0,0,0
250689,0,0,0
27771,0,0,0
346372,0,0,0
92001,0,0,0
401615,0,0,0
59247,0,0,0
307787,0,0,0
132057,0,0,0
210309,0,0,0
134400,0,0,0
307406,0,0,0
194822,0,0,0
318495,0,0,0
115891,0,0,0
135418,0,0,0
335026,0,0,0
126674,0,0,0
195163,0,0,0
284025,0,0,0
392726,0,0,0
203745,0,0,0
388310,0,0,0
379396,0,0,0
372009,0,0,0
97530,0,0,0
51274,0,0,0
101198,0,0,0
82258,0,0,0
19661,0,0,0
156397,0,0,0
167,0,0,0
12483,0,0,0
278067,0,0,0
269042,0,0,0
379845,0,0,0
4793,0,0,0
237196,0,0,0
287650,0,0,0
299534,0,0,0
16923,0,0,0
342183,0,0,0
59249,0,0,0
157200,0,0,0
218216,0,0,0
406509,0,0,0
335978,0,0,0
2255,0,0,0
163341,0,0,0
293347,0,0,0
112865,0,0,0
156034,0,0,0
59279,0,0,0
366114,0,0,0
198605,0,0,0
51401,0,0,0
179469,0,0,0
273633,0,0,0
238023,0,0,0
301723,0,0,0
56741,0,0,0
353005,0,0,0
3274,0,0,0
241568,0,0,0
20856,0,0,0
120827,0,0,0
320311,0,0,0
393467,0,0,0
278439,0,0,0
15160,0,0,0
236518,0,0,0
311935,0,0,0
322368,0,0,0
171684,0,0,0
177021,0,0,0
348249,0,0,0
236726,0,0,0
353517,0,0,0
326604,0,0,0
139253,0,0,0
343135,0,0,0
138240,0,0,0
260656,0,0,0
370198,0,0,0
115639,0,0,0
10551,0,0,0
346389,0,0,0
331971,0,0,0
182313,0,0,0
165210,0,0,0
106833,0,0,0
109427,0,0,0
1541,0,0,0
168157,0,0,0
43775,0,0,0
237653,0,0,0
350182,0,0,0
14219,0,0,0
67633,0,0,0
71526,0,0,0
334092,0,0,0
112669,0,0,0
101933,0,0,0
299010,0,0,0
52227,0,0,0
76797,0,0,0
184209,0,0,0
229947,0,0,0
403098,0,0,0
317155,0,0,0
182467,0,0,0
118624,0,0,0
69310,0,0,0
132349,0,0,0
189403,0,0,0
109360,0,0,0
358054,0,0,0
57958,0,0,0
387910,0,0,0
359087,0,0,0
10824,0,0,0
329985,0,0,0
24236,0,0,0
28014,0,0,0
195653,0,0,0
186533,0,0,0
331897,0,0,0
33035,0,0,0
392108,0,0,0
232805,0,0,0
268172,0,0,0
151748,0,0,0
257829,0,0,0
291208,0,0,0
12906,0,0,0
242103,0,0,0
290645,0,0,0
153528,0,0,0
28497,0,0,0
154386,0,0,0
93340,0,0,0
196550,0,0,0
313420,0,0,0
142946,0,0,0
386311,0,0,0
163834,0,0,0
149462,0,0,0
397605,0,0,0
77024,0,0,0
78928,0,0,0
248994,0,0,0
351539,0,0,0
306637,0,0,0
223043,0,0,0
233882,0,0,0
191053,0,0,0
298094,0,0,0
326422,0,0,0
232149,0,0,0
334858,0,0,0
270577,0,0,0
29242,0,0,0
2240,0,0,0
51603,0,0,0
82109,0,0,0
200430,0,0,0
136380,0,0,0
6896,0,0,0
325254,0,0,0
140708,0,0,0
67987,0,0,0
353045,0,0,0
208466,0,0,0
332710,0,0,0
278370,0,0,0
73863,0,0,0
98913,0,0,0
220974,0,0,0
166850,0,0,0
388789,0,0,0
395346,0,0,0
51992,0,0,0
190294,0,0,0
383886,0,0,0
403962,0,0,0
360046,0,0,0
141765,0,0,0
161314,0,0,0
303159,0,0,0
225465,0,0,0
77684,0,0,0
63597,0,0,0
250165,0,0,0
59937,0,0,0
147840,0,0,0
118985,0,0,0
290197,0,0,0
259932,0,0,0
332158,0,0,0
308311,0,0,0
91589,0,0,0
237153,0,0,0
29547,0,0,0
115540,0,0,0
365906,0,0,0
52804,0,0,0
304684,0,0,0
167852,0,0,0
126826,0,0,0
288221,0,0,0
157433,0,0,0
311936,0,0,0
205232,0,0,0
53644,0,0,0
40746,0,0,0
319168,0,0,0
245285,0,0,0
208845,0,0,0
118704,0,0,0
259024,0,0,0
294430,0,0,0
18338,0,0,0
160192,0,0,0
349014,0,0,0
395910,0,0,0
7569,0,0,0
348851,0,0,0
153824,0,0,0
20658,0,0,0
341382,0,0,0
179735,0,0,0
137275,0,0,0
21517,0,0,0
256223,0,0,0
358942,0,0,0
44514,0,0,0
166313,0,0,0
387491,0,0,0
5993,0,0,0
16264,0,0,0
373867,0,0,0
183410,0,0,0
56167,0,0,0
375386,0,0,0
349033,0,0,0
126747,0,0,0
27344,0,0,0
78828,0,0,0
322382,0,0,0
157515,0,0,0
253182,0,0,0
152655,0,0,0
164646,0,0,0
279271,0,0,0
383667,0,0,0
234573,0,0,0
225087,0,0,0
322588,0,0,0
13293,0,0,0
395907,0,0,0
91616,0,0,0
289577,0,0,0
365754,0,0,0
100743,0,0,0
106705,0,0,0
207228,0,0,0
25390,0,0,0
228314,0,0,0
330941,0,0,0
187909,0,0,0
275710,0,0,0
187566,0,0,0
109293,0,0,0
66347,0,0,0
60290,0,0,0
361720,0,0,0
75246,0,0,0
361532,0,0,0
152018,0,0,0
15162,0,0,0
155298,0,0,0
284708,0,0,0
163002,0,0,0
62996,0,0,0
70518,0,0,0
194785,0,0,0
399428,0,0,0
95743,0,0,0
338930,0,0,0
50483,0,0,0
261463,0,0,0
88811,0,0,0
94856,0,0,0
54258,0,0,0
284650,0,0,0
257923,0,0,0
113074,0,0,0
201058,0,0,0
218567,0,0,0
65969,0,0,0
158740,0,0,0
364579,0,0,0
406914,0,0,0
341312,0,0,0
132113,0,0,0
276326,0,0,0
180091,0,0,0
181678,0,0,0
367556,0,0,0
318169,0,0,0
380438,0,0,0
177,0,0,0
315529,0,0,0
209581,0,0,0
111317,0,0,0
62820,0,0,0
316697,0,0,0
394879,0,0,0
150078,0,0,0
323741,0,0,0
211007,0,0,0
105576,0,0,0
4400,0,0,0
236337,0,0,0
148684,0,0,0
326015,0,0,0
132233,0,0,0
1724,0,0,0
217649,0,0,0
332727,0,0,0
54139,0,0,0
82932,0,0,0
352371,0,0,0
325334,0,0,0
339051,0,0,0
318790,0,0,0
208712,0,0,0
79222,0,0,0
408555,0,0,0
94909,0,0,0
53385,0,0,0
368855,0,0,0
87859,0,0,0
148490,0,0,0
241880,0,0,0
346356,0,0,0
110057,0,0,0
199191,0,0,0
357080,0,0,0
152591,0,0,0
229081,0,0,0
234192,0,0,0
236092,0,0,0
369598,0,0,0
14591,0,0,0
87467,0,0,0
81726,0,0,0
338148,0,0,0
267350,0,0,0
325004,0,0,0
302801,0,0,0
231779,0,0,0
218185,0,0,0
346211,0,0,0
391001,0,0,0
51196,0,0,0
329105,0,0,0
227178,0,0,0
300006,0,0,0
307600,0,0,0
297798,0,0,0
349557,0,0,0
320009,0,0,0
307765,0,0,0
135387,0,0,0
391819,0,0,0
127010,0,0,0
122907,0,0,0
20304,0,0,0
271,0,0,0
263295,0,0,0
265809,0,0,0
41080,0,0,0
181476,0,0,0
311617,0,0,0
221059,0,0,0
339053,0,0,0
183687,0,0,0
185570,0,0,0
84439,0,0,0
247791,0,0,0
390342,0,0,0
44469,0,0,0
225873,0,0,0
228566,0,0,0
81849,0,0,0
318953,0,0,0
245731,0,0,0
272833,0,0,0
19254,0,0,0
203766,0,0,0
107689,0,0,0
402731,0,0,0
192511,0,0,0
322571,0,0,0
258748,0,0,0
31330,0,0,0
222061,0,0,0
51764,0,0,0
252165,0,0,0
369915,0,0,0
337525,0,0,0
237948,0,0,0
20528,0,0,0
351642,0,0,0
7975,0,0,0
73252,0,0,0
280405,0,0,0
244986,0,0,0
26054,0,0,0
360263,0,0,0
38675,0,0,0
171791,0,0,0
220406,0,0,0
39971,0,0,0
394083,0,0,0
330165,0,0,0
282421,0,0,0
105394,0,0,0
265818,0,0,0
331769,0,0,0
264948,0,0,0
169416,0,0,0
16278,0,0,0
5629,0,0,0
393692,0,0,0
340086,0,0,0
97774,0,0,0
44501,0,0,0
55600,0,0,0
340281,0,0,0
163899,0,0,0
113093,0,0,0
312042,0,0,0
318087,0,0,0
324090,0,0,0
375598,0,0,0
153549,0,0,0
68902,0,0,0
218975,0,0,0
273509,0,0,0
35382,0,0,0
317984,0,0,0
73541,0,0,0
199369,0,0,0
85742,0,0,0
182130,0,0,0
309635,0,0,0
252571,0,0,0
268533,0,0,0
90535,0,0,0
136393,0,0,0
60983,0,0,0
3767,0,0,0
6144,0,0,0
288836,0,0,0
142878,0,0,0
311983,0,0,0
19720,0,0,0
382953,0,0,0
110874,0,0,0
139134,0,0,0
392974,0,0,0
380312,0,0,0
241944,0,0,0
1667,0,0,0
22973,0,0,0
164667,0,0,0
332152,0,0,0
203949,0,0,0
91799,0,0,0
237088,0,0,0
188804,0,0,0
393173,0,0,0
374195,0,0,0
123838,0,0,0
294173,0,0,0
336616,0,0,0
340773,0,0,0
196650,0,0,0
99731,0,0,0
53865,0,0,0
123292,0,0,0
331357,0,0,0
175872,0,0,0
206789,0,0,0
337265,0,0,0
322247,0,0,0
82100,0,0,0
82921,0,0,0
257103,0,0,0
281690,0,0,0
36027,0,0,0
154039,0,0,0
206552,0,0,0
384915,0,0,0
331856,0,0,0
30267,0,0,0
368110,0,0,0
143177,0,0,0
77374,0,0,0
331533,0,0,0
27234,0,0,0
26034,0,0,0
60468,0,0,0
322487,0,0,0
378708,0,0,0
360771,0,0,0
259530,0,0,0
259038,0,0,0
121835,0,0,0
205773,0,0,0
147158,0,0,0
390104,0,0,0
179097,0,0,0
211320,0,0,0
37666,0,0,0
390115,0,0,0
97469,0,0,0
38314,0,0,0
275720,0,0,0
198488,0,0,0
140785,0,0,0
42411,0,0,0
200450,0,0,0
320752,0,0,0
229682,0,0,0
10970,0,0,0
37126,0,0,0
303016,0,0,0
67051,0,0,0
71687,0,0,0
113678,0,0,0
213605,0,0,0
334672,0,0,0
264815,0,0,0
157577,0,0,0
145711,0,0,0
296214,0,0,0
400191,0,0,0
14006,0,0,0
160740,0,0,0
235196,0,0,0
10310,0,0,0
137765,0,0,0
297265,0,0,0
262598,0,0,0
408900,0,0,0
336802,0,0,0
65725,0,0,0
368562,0,0,0
321551,0,0,0
86240,0,0,0
331962,0,0,0
312139,0,0,0
70048,0,0,0
196219,0,0,0
364263,0,0,0
11422,0,0,0
385210,0,0,0
25230,0,0,0
352899,0,0,0
322015,0,0,0
201872,0,0,0
684,0,0,0
97940,0,0,0
210107,0,0,0
293673,0,0,0
173732,0,0,0
212856,0,0,0
72554,0,0,0
262246,0,0,0
315479,0,0,0
410519,0,0,0
261958,0,0,0
238792,0,0,0
155691,0,0,0
377716,0,0,0
156568,0,0,0
187486,0,0,0
55522,0,0,0
292048,0,0,0
285142,0,0,0
151663,0,0,0
367689,0,0,0
154679,0,0,0
364851,0,0,0
126018,0,0,0
384823,0,0,0
37457,0,0,0
371279,0,0,0
116383,0,0,0
1494,0,0,0
336636,0,0,0
86023,0,0,0
11713,0,0,0
342200,0,0,0
344884,0,0,0
175547,0,0,0
201318,0,0,0
219058,0,0,0
277649,0,0,0
10939,0,0,0
14644,0,0,0
13284,0,0,0
310110,0,0,0
205188,0,0,0
353439,0,0,0
47033,0,0,0
350042,0,0,0
151152,0,0,0
118566,0,0,0
84661,0,0,0
238277,0,0,0
189280,0,0,0
361036,0,0,0
138672,0,0,0
298294,0,0,0
123573,0,0,0
294261,0,0,0
143429,0,0,0
362518,0,0,0
45720,0,0,0
173500,0,0,0
329314,0,0,0
155548,0,0,0
50707,0,0,0
329944,0,0,0
286808,0,0,0
271439,0,0,0
80579,0,0,0
162218,0,0,0
283847,0,0,0
131442,0,0,0
94644,0,0,0
363657,0,0,0
33241,0,0,0
310542,0,0,0
292624,0,0,0
194046,0,0,0
403808,0,0,0
43705,0,0,0
42534,0,0,0
392893,0,0,0
237375,0,0,0
267888,0,0,0
108713,0,0,0
12934,0,0,0
128701,0,0,0
253339,0,0,0
237586,0,0,0
349825,0,0,0
65796,0,0,0
141571,0,0,0
10648,0,0,0
63111,0,0,0
6862,0,0,0
129581,0,0,0
226361,0,0,0
76231,0,0,0
151502,0,0,0
40670,0,0,0
329458,0,0,0
396690,0,0,0
212351,0,0,0
18877,0,0,0
290426,0,0,0
164427,0,0,0
228207,0,0,0
366393,0,0,0
60923,0,0,0
331287,0,0,0
73543,0,0,0
261885,0,0,0
113726,0,0,0
36642,0,0,0
172537,0,0,0
1053,0,0,0
388495,0,0,0
218113,0,0,0
107868,0,0,0
33738,0,0,0
88173,0,0,0
263068,0,0,0
169713,0,0,0
185760,0,0,0
314916,0,0,0
138791,0,0,0
320425,0,0,0
341902,0,0,0
342921,0,0,0
305184,0,0,0
368867,0,0,0
364345,0,0,0
276986,0,0,0
18647,0,0,0
404736,0,0,0
252455,0,0,0
314284,0,0,0
335988,0,0,0
285313,0,0,0
139714,0,0,0
280896,0,0,0
202655,0,0,0
38014,0,0,0
185750,0,0,0
56323,0,0,0
280226,0,0,0
99967,0,0,0
188169,0,0,0
199663,0,0,0
340739,0,0,0
250291,0,0,0
116729,0,0,0
66967,0,0,0
175277,0,0,0
84660,0,0,0
410501,0,0,0
219481,0,0,0
115303,0,0,0
368583,0,0,0
385726,0,0,0
169112,0,0,0
91288,0,0,0
221841,0,0,0
327692,0,0,0
231605,0,0,0
400383,0,0,0
208603,0,0,0
51290,0,0,0
100970,0,0,0
138380,0,0,0
260141,0,0,0
366984,0,0,0
404402,0,0,0
263060,0,0,0
208253,0,0,0
4546,0,0,0
17477,0,0,0
329183,0,0,0
44140,0,0,0
242600,0,0,0
158644,0,0,0
259004,0,0,0
26058,0,0,0
106844,0,0,0
357120,0,0,0
358060,0,0,0
177462,0,0,0
39260,0,0,0
308328,0,0,0
300219,0,0,0
56773,0,0,0
245236,0,0,0
288999,0,0,0
59049,0,0,0
42857,0,0,0
289961,0,0,0
45356,0,0,0
104735,0,0,0
29445,0,0,0
394666,0,0,0
143434,0,0,0
125479,0,0,0
21892,0,0,0
346882,0,0,0
48790,0,0,0
399316,0,0,0
153043,0,0,0
302777,0,0,0
59759,0,0,0
207291,0,0,0
98142,0,0,0
209280,0,0,0
353146,0,0,0
380179,0,0,0
285679,0,0,0
51438,0,0,0
320112,0,0,0
98542,0,0,0
396665,0,0,0
411377,0,0,0
196683,0,0,0
251175,0,0,0
182511,0,0,0
180745,0,0,0
230248,0,0,0
410561,0,0,0
374408,0,0,0
215546,0,0,0
250286,0,0,0
271622,0,0,0
309554,0,0,0
233586,0,0,0
75018,0,0,0
276884,0,0,0
243260,0,0,0
190229,0,0,0
301969,0,0,0
388250,0,0,0
54581,0,0,0
19631,0,0,0
396831,0,0,0
277092,0,0,0
391933,0,0,0
351846,0,0,0
148308,0,0,0
310327,0,0,0
378649,0,0,0
281362,0,0,0
98043,0,0,0
230068,0,0,0
278648,0,0,0
297630,0,0,0
20135,0,0,0
176120,0,0,0
142788,0,0,0
323799,0,0,0
317014,0,0,0
388166,0,0,0
352214,0,0,0
255833,0,0,0
288635,0,0,0
328056,0,0,0
76863,0,0,0
161234,0,0,0
184277,0,0,0
136375,0,0,0
308218,0,0,0
234141,0,0,0
190559,0,0,0
162649,0,0,0
71467,0,0,0
358465,0,0,0
102994,0,0,0
60362,0,0,0
379329,0,0,0
61696,0,0,0
384156,0,0,0
113980,0,0,0
389637,0,0,0
185,0,0,0
272946,0,0,0
347588,0,0,0
234943,0,0,0
163201,0,0,0
90812,0,0,0
82903,0,0,0
33771,0,0,0
163479,0,0,0
324998,0,0,0
368653,0,0,0
313849,0,0,0
195613,0,0,0
193188,0,0,0
81533,0,0,0
84098,0,0,0
226306,0,0,0
180257,0,0,0
307475,0,0,0
205426,0,0,0
402955,0,0,0
281477,0,0,0
244476,0,0,0
230083,0,0,0
360968,0,0,0
359481,0,0,0
298198,0,0,0
145040,0,0,0
83185,0,0,0
110106,0,0,0
4448,0,0,0
410273,0,0,0
330152,0,0,0
388490,0,0,0
297898,0,0,0
253674,0,0,0
19562,0,0,0
114587,0,0,0
45948,0,0,0
129370,0,0,0
22999,0,0,0
385711,0,0,0
395269,0,0,0
49712,0,0,0
169762,0,0,0
312379,0,0,0
331008,0,0,0
290005,0,0,0
207067,0,0,0
119134,0,0,0
147318,0,0,0
322019,0,0,0
187393,0,0,0
249639,0,0,0
317141,0,0,0
33283,0,0,0
83446,0,0,0
348152,0,0,0
5116,0,0,0
14039,0,0,0
404942,0,0,0
96842,0,0,0
214973,0,0,0
345762,0,0,0
62824,0,0,0
249638,0,0,0
242022,0,0,0
228751,0,0,0
3392,0,0,0
22894,0,0,0
3573,0,0,0
222115,0,0,0
70347,0,0,0
238001,0,0,0
147071,0,0,0
159233,0,0,0
49220,0,0,0
193334,0,0,0
378376,0,0,0
89695,0,0,0
270813,0,0,0
47624,0,0,0
217934,0,0,0
294006,0,0,0
274426,0,0,0
130219,0,0,0
396802,0,0,0
78834,0,0,0
158096,0,0,0
13356,0,0,0
87096,0,0,0
407309,0,0,0
184639,0,0,0
92267,0,0,0
16493,0,0,0
94521,0,0,0
245701,0,0,0
253026,0,0,0
145159,0,0,0
105761,0,0,0
64235,0,0,0
341387,0,0,0
227447,0,0,0
166476,0,0,0
37941,0,0,0
274735,0,0,0
210344,0,0,0
343120,0,0,0
127104,0,0,0
45252,0,0,0
255769,0,0,0
185109,0,0,0
206872,0,0,0
42289,0,0,0
353781,0,0,0
41469,0,0,0
347995,0,0,0
365219,0,0,0
405877,0,0,0
324636,0,0,0
62898,0,0,0
343342,0,0,0
325991,0,0,0
211215,0,0,0
181062,0,0,0
136229,0,0,0
26901,0,0,0
214760,0,0,0
220134,0,0,0
153281,0,0,0
372683,0,0,0
231131,0,0,0
407323,0,0,0
50244,0,0,0
331729,0,0,0
4601,0,0,0
198410,0,0,0
142975,0,0,0
176371,0,0,0
208557,0,0,0
367430,0,0,0
153526,0,0,0
23173,0,0,0
211573,0,0,0
27909,0,0,0
30250,0,0,0
365578,0,0,0
254144,0,0,0
35419,0,0,0
197318,0,0,0
160854,0,0,0
141840,0,0,0
146144,0,0,0
71477,0,0,0
301075,0,0,0
363096,0,0,0
107235,0,0,0
196901,0,0,0
37011,0,0,0
228037,0,0,0
180082,0,0,0
283578,0,0,0
250825,0,0,0
147150,0,0,0
384817,0,0,0
323155,0,0,0
222625,0,0,0
352160,0,0,0
197697,0,0,0
409032,0,0,0
137960,0,0,0
86720,0,0,0
403043,0,0,0
296628,0,0,0
40617,0,0,0
45949,0,0,0
283487,0,0,0
180332,0,0,0
151909,0,0,0
151855,0,0,0
317489,0,0,0
383429,0,0,0
336764,0,0,0
267734,0,0,0
49426,0,0,0
156211,0,0,0
103786,0,0,0
142542,0,0,0
323540,0,0,0
404492,0,0,0
283296,0,0,0
217602,0,0,0
192748,0,0,0
127241,0,0,0
239709,0,0,0
137001,0,0,0
34804,0,0,0
192642,0,0,0
100587,0,0,0
28436,0,0,0
205753,0,0,0
124420,0,0,0
219344,0,0,0
37686,0,0,0
344951,0,0,0
24050,0,0,0
305278,0,0,0
329974,0,0,0
5261,0,0,0
312669,0,0,0
274596,0,0,0
134232,0,0,0
102707,0,0,0
282407,0,0,0
367777,0,0,0
272731,0,0,0
121469,0,0,0
388283,0,0,0
242442,0,0,0
122780,0,0,0
332724,0,0,0
261547,0,0,0
381222,0,0,0
49874,0,0,0
28260,0,0,0
167053,0,0,0
357440,0,0,0
46207,0,0,0
38540,0,0,0
52484,0,0,0
272110,0,0,0
315294,0,0,0
37221,0,0,0
129966,0,0,0
388704,0,0,0
38608,0,0,0
69982,0,0,0
152545,0,0,0
332573,0,0,0
370122,0,0,0
228081,0,0,0
59699,0,0,0
244400,0,0,0
17737,0,0,0
60722,0,0,0
269682,0,0,0
258858,0,0,0
345861,0,0,0
314784,0,0,0
299466,0,0,0
384399,0,0,0
233529,0,0,0
267460,0,0,0
76325,0,0,0
252746,0,0,0
380515,0,0,0
166177,0,0,0
328581,0,0,0
326642,0,0,0
371371,0,0,0
237509,0,0,0
216879,0,0,0
388817,0,0,0
363696,0,0,0
364194,0,0,0
18141,0,0,0
123318,0,0,0
236161,0,0,0
38670,0,0,0
200951,0,0,0
211486,0,0,0
104989,0,0,0
112015,0,0,0
305266,0,0,0
57587,0,0,0
103437,0,0,0
388123,0,0,0
319672,0,0,0
319192,0,0,0
236903,0,0,0
130487,0,0,0
375373,0,0,0
160806,0,0,0
325355,0,0,0
332976,0,0,0
194851,0,0,0
401042,0,0,0
61037,0,0,0
304339,0,0,0
225599,0,0,0
374003,0,0,0
276748,0,0,0
134933,0,0,0
223031,0,0,0
238400,0,0,0
297958,0,0,0
55888,0,0,0
255225,0,0,0
75428,0,0,0
348350,0,0,0
131922,0,0,0
216972,0,0,0
328769,0,0,0
218140,0,0,0
210846,0,0,0
363364,0,0,0
323815,0,0,0
105316,0,0,0
272134,0,0,0
107279,0,0,0
369150,0,0,0
290108,0,0,0
77667,0,0,0
182888,0,0,0
355579,0,0,0
44242,0,0,0
145318,0,0,0
70062,0,0,0
359947,0,0,0
279763,0,0,0
49886,0,0,0
387700,0,0,0
212585,0,0,0
269875,0,0,0
302894,0,0,0
389152,0,0,0
169611,0,0,0
63381,0,0,0
406584,0,0,0
283656,0,0,0
207645,0,0,0
39875,0,0,0
205284,0,0,0
249215,0,0,0
97238,0,0,0
300757,0,0,0
373771,0,0,0
301199,0,0,0
120337,0,0,0
374736,0,0,0
267820,0,0,0
390056,0,0,0
397420,0,0,0
232306,0,0,0
4562,0,0,0
60956,0,0,0
385895,0,0,0
38603,0,0,0
126360,0,0,0
37240,0,0,0
55192,0,0,0
208880,0,0,0
399123,0,0,0
25770,0,0,0
208517,0,0,0
141543,0,0,0
209813,0,0,0
163490,0,0,0
400612,0,0,0
920,0,0,0
174747,0,0,0
394166,0,0,0
178354,0,0,0
402868,0,0,0
43922,0,0,0
148642,0,0,0
149390,0,0,0
171100,0,0,0
283416,0,0,0
374871,0,0,0
206858,0,0,0
53618,0,0,0
101856,0,0,0
65716,0,0,0
36228,0,0,0
307862,0,0,0
83540,0,0,0
249498,0,0,0
379332,0,0,0
31246,0,0,0
198274,0,0,0
242394,0,0,0
74024,0,0,0
243620,0,0,0
136024,0,0,0
13196,0,0,0
140346,0,0,0
346199,0,0,0
11027,0,0,0
184052,0,0,0
63826,0,0,0
293750,0,0,0
239891,0,0,0
129315,0,0,0
196071,0,0,0
300504,0,0,0
356357,0,0,0
55713,0,0,0
400100,0,0,0
83013,0,0,0
109233,0,0,0
159325,0,0,0
149198,0,0,0
31832,0,0,0
228630,0,0,0
78228,0,0,0
284069,0,0,0
291528,0,0,0
63754,0,0,0
57671,0,0,0
157830,0,0,0
299379,0,0,0
230887,0,0,0
357893,0,0,0
260886,0,0,0
161320,0,0,0
303091,0,0,0
195569,0,0,0
8614,0,0,0
20332,0,0,0
180634,0,0,0
282379,0,0,0
325094,0,0,0
317783,0,0,0
188293,0,0,0
391035,0,0,0
136099,0,0,0
39031,0,0,0
13069,0,0,0
154761,0,0,0
259469,0,0,0
281145,0,0,0
259588,0,0,0
85710,0,0,0
289537,0,0,0
221794,0,0,0
87016,0,0,0
105653,0,0,0
199337,0,0,0
309320,0,0,0
131785,0,0,0
276175,0,0,0
135366,0,0,0
394017,0,0,0
93962,0,0,0
370718,0,0,0
378070,0,0,0
206085,0,0,0
315271,0,0,0
268788,0,0,0
326913,0,0,0
240389,0,0,0
92537,0,0,0
95823,0,0,0
213189,0,0,0
21884,0,0,0
136240,0,0,0
98721,0,0,0
274460,0,0,0
278351,0,0,0
368521,0,0,0
365081,0,0,0
74748,0,0,0
74002,0,0,0
130833,0,0,0
92484,0,0,0
410206,0,0,0
145758,0,0,0
227689,0,0,0
27400,0,0,0
386785,0,0,0
193299,0,0,0
126863,0,0,0
311749,0,0,0
253624,0,0,0
361772,0,0,0
25601,0,0,0
394252,0,0,0
64026,0,0,0
203672,0,0,0
349923,0,0,0
363787,0,0,0
349032,0,0,0
238057,0,0,0
341085,0,0,0
29234,0,0,0
247059,0,0,0
32102,0,0,0
6209,0,0,0
376016,0,0,0
335089,0,0,0
396098,0,0,0
293507,0,0,0
366572,0,0,0
159605,0,0,0
215019,0,0,0
23136,0,0,0
109942,0,0,0
7984,0,0,0
222858,0,0,0
308054,0,0,0
220106,0,0,0
104529,0,0,0
189079,0,0,0
24332,0,0,0
319833,0,0,0
235259,0,0,0
93385,0,0,0
136749,0,0,0
183871,0,0,0
57310,0,0,0
255200,0,0,0
44321,0,0,0
68572,0,0,0
332418,0,0,0
17484,0,0,0
46344,0,0,0
388982,0,0,0
274436,0,0,0
154435,0,0,0
353686,0,0,0
284263,0,0,0
173151,0,0,0
406776,0,0,0
205889,0,0,0
244445,0,0,0
141328,0,0,0
50461,0,0,0
69165,0,0,0
30567,0,0,0
275367,0,0,0
258490,0,0,0
325772,0,0,0
38301,0,0,0
110845,0,0,0
125790,0,0,0
264564,0,0,0
73007,0,0,0
8423,0,0,0
84703,0,0,0
343431,0,0,0
209079,0,0,0
155028,0,0,0
178310,0,0,0
375010,0,0,0
864,0,0,0
36071,0,0,0
71227,0,0,0
91243,0,0,0
192951,0,0,0
186234,0,0,0
400398,0,0,0
324166,0,0,0
313540,0,0,0
381094,0,0,0
305524,0,0,0
101655,0,0,0
16734,0,0,0
105351,0,0,0
182604,0,0,0
42345,0,0,0
200017,0,0,0
346600,0,0,0
326849,0,0,0
203426,0,0,0
283698,0,0,0
183738,0,0,0
182706,0,0,0
174891,0,0,0
272211,0,0,0
291557,0,0,0
102561,0,0,0
328392,0,0,0
96242,0,0,0
254962,0,0,0
229169,0,0,0
310028,0,0,0
25076,0,0,0
292455,0,0,0
321758,0,0,0
164979,0,0,0
216358,0,0,0
121252,0,0,0
91179,0,0,0
234045,0,0,0
395459,0,0,0
134682,0,0,0
336833,0,0,0
106610,0,0,0
288740,0,0,0
212849,0,0,0
274634,0,0,0
276437,0,0,0
348832,0,0,0
179492,0,0,0
129341,0,0,0
248556,0,0,0
241257,0,0,0
326879,0,0,0
209706,0,0,0
147016,0,0,0
14321,0,0,0
253203,0,0,0
372128,0,0,0
143057,0,0,0
347491,0,0,0
83958,0,0,0
121101,0,0,0
195176,0,0,0
17751,0,0,0
250059,0,0,0
197601,0,0,0
254338,0,0,0
230434,0,0,0
292176,0,0,0
26792,0,0,0
42484,0,0,0
257938,0,0,0
359026,0,0,0
396757,0,0,0
400177,0,0,0
170989,0,0,0
34945,0,0,0
53312,0,0,0
380158,0,0,0
130679,0,0,0
242781,0,0,0
69408,0,0,0
410668,0,0,0
312029,0,0,0
317641,0,0,0
211651,0,0,0
57018,0,0,0
373663,0,0,0
286369,0,0,0
221630,0,0,0
99150,0,0,0
367121,0,0,0
291995,0,0,0
86689,0,0,0
20453,0,0,0
320854,0,0,0
65653,0,0,0
357053,0,0,0
205458,0,0,0
380413,0,0,0
232337,0,0,0
190334,0,0,0
166688,0,0,0
43078,0,0,0
240663,0,0,0
154031,0,0,0
175556,0,0,0
38769,0,0,0
164976,0,0,0
25685,0,0,0
204681,0,0,0
213953,0,0,0
336925,0,0,0
102027,0,0,0
57525,0,0,0
289737,0,0,0
375900,0,0,0
83791,0,0,0
309417,0,0,0
193452,0,0,0
42215,0,0,0
5158,0,0,0
199258,0,0,0
409627,0,0,0
409653,0,0,0
341908,0,0,0
62204,0,0,0
254529,0,0,0
361109,0,0,0
121456,0,0,0
51280,0,0,0
88934,0,0,0
355527,0,0,0
366901,0,0,0
118673,0,0,0
197548,0,0,0
259178,0,0,0
138615,0,0,0
127959,0,0,0
11920,0,0,0
380953,0,0,0
85025,0,0,0
147317,0,0,0
209244,0,0,0
87452,0,0,0
327645,0,0,0
122453,0,0,0
175424,0,0,0
90602,0,0,0
7433,0,0,0
85685,0,0,0
390622,0,0,0
7487,0,0,0
385783,0,0,0
32725,0,0,0
386732,0,0,0
331604,0,0,0
388874,0,0,0
107160,0,0,0
130399,0,0,0
96786,0,0,0
333162,0,0,0
60198,0,0,0
350482,0,0,0
84541,0,0,0
51074,0,0,0
133526,0,0,0
300709,0,0,0
397854,0,0,0
367714,0,0,0
303163,0,0,0
185096,0,0,0
231277,0,0,0
295418,0,0,0
283107,0,0,0
102782,0,0,0
124813,0,0,0
79688,0,0,0
354799,0,0,0
158158,0,0,0
112856,0,0,0
266049,0,0,0
26467,0,0,0
50341,0,0,0
342852,0,0,0
347939,0,0,0
180300,0,0,0
187476,0,0,0
365026,0,0,0
344098,0,0,0
108535,0,0,0
294894,0,0,0
238189,0,0,0
329090,0,0,0
161239,0,0,0
10571,0,0,0
314100,0,0,0
25661,0,0,0
106653,0,0,0
405802,0,0,0
393784,0,0,0
271260,0,0,0
3300,0,0,0
165505,0,0,0
366294,0,0,0
342557,0,0,0
106030,0,0,0
178414,0,0,0
329401,0,0,0
83184,0,0,0
29381,0,0,0
62410,0,0,0
391084,0,0,0
245302,0,0,0
181825,0,0,0
374801,0,0,0
295452,0,0,0
364187,0,0,0
281468,0,0,0
86239,0,0,0
354215,0,0,0
224990,0,0,0
240194,0,0,0
224772,0,0,0
324133,0,0,0
25490,0,0,0
8625,0,0,0
188111,0,0,0
390633,0,0,0
168512,0,0,0
325652,0,0,0
232092,0,0,0
348031,0,0,0
103310,0,0,0
124457,0,0,0
334285,0,0,0
198316,0,0,0
70090,0,0,0
137800,0,0,0
364407,0,0,0
26403,0,0,0
62659,0,0,0
372147,0,0,0
276512,0,0,0
284083,0,0,0
293040,0,0,0
352950,0,0,0
176628,0,0,0
11699,0,0,0
186340,0,0,0
322860,0,0,0
320337,0,0,0
252718,0,0,0
101469,0,0,0
387035,0,0,0
129346,0,0,0
334434,0,0,0
404750,0,0,0
34348,0,0,0
11650,0,0,0
222363,0,0,0
324025,0,0,0
21432,0,0,0
155573,0,0,0
208390,0,0,0
129548,0,0,0
80449,0,0,0
99394,0,0,0
207661,0,0,0
261956,0,0,0
342849,0,0,0
129425,0,0,0
138961,0,0,0
164808,0,0,0
371645,0,0,0
370605,0,0,0
328276,0,0,0
37694,0,0,0
409768,0,0,0
165768,0,0,0
212937,0,0,0
146762,0,0,0
106970,0,0,0
289778,0,0,0
263493,0,0,0
58117,0,0,0
48764,0,0,0
118909,0,0,0
191865,0,0,0
408814,0,0,0
324542,0,0,0
202933,0,0,0
319078,0,0,0
381896,0,0,0
172100,0,0,0
271247,0,0,0
245325,0,0,0
128397,0,0,0
66205,0,0,0
239799,0,0,0
365868,0,0,0
265475,0,0,0
337294,0,0,0
382489,0,0,0
23888,0,0,0
161535,0,0,0
237550,0,0,0
133482,0,0,0
166108,0,0,0
9570,0,0,0
262288,0,0,0
381211,0,0,0
326220,0,0,0
153476,0,0,0
278079,0,0,0
410959,0,0,0
128648,0,0,0
172449,0,0,0
190384,0,0,0
17421,0,0,0
401421,0,0,0
268021,0,0,0
407219,0,0,0
17708,0,0,0
133109,0,0,0
309388,0,0,0
235363,0,0,0
6298,0,0,0
18292,0,0,0
170058,0,0,0
154307,0,0,0
272723,0,0,0
290908,0,0,0
258042,0,0,0
116705,0,0,0
393036,0,0,0
309477,0,0,0
259162,0,0,0
215346,0,0,0
231136,0,0,0
42657,0,0,0
304190,0,0,0
238656,0,0,0
123485,0,0,0
299812,0,0,0
43205,0,0,0
252062,0,0,0
323243,0,0,0
120516,0,0,0
243154,0,0,0
698,0,0,0
341094,0,0,0
125045,0,0,0
128399,0,0,0
404696,0,0,0
244710,0,0,0
161125,0,0,0
361147,0,0,0
145133,0,0,0
83440,0,0,0
159042,0,0,0
400255,0,0,0
216501,0,0,0
200337,0,0,0
49752,0,0,0
228806,0,0,0
123325,0,0,0
133421,0,0,0
301662,0,0,0
156399,0,0,0
264927,0,0,0
257877,0,0,0
274074,0,0,0
147195,0,0,0
380567,0,0,0
345455,0,0,0
141633,0,0,0
193391,0,0,0
180651,0,0,0
391334,0,0,0
136423,0,0,0
142413,0,0,0
149253,0,0,0
208574,0,0,0
132637,0,0,0
399097,0,0,0
51896,0,0,0
350894,0,0,0
299881,0,0,0
407404,0,0,0
167230,0,0,0
344707,0,0,0
152414,0,0,0
268403,0,0,0
340103,0,0,0
347305,0,0,0
51866,0,0,0
335576,0,0,0
257197,0,0,0
279455,0,0,0
99390,0,0,0
303292,0,0,0
336464,0,0,0
239347,0,0,0
220714,0,0,0
33927,0,0,0
53257,0,0,0
11533,0,0,0
12230,0,0,0
187008,0,0,0
185828,0,0,0
236756,0,0,0
144513,0,0,0
112663,0,0,0
354659,0,0,0
157233,0,0,0
33070,0,0,0
131881,0,0,0
356818,0,0,0
294853,0,0,0
232534,0,0,0
148585,0,0,0
289065,0,0,0
285092,0,0,0
305330,0,0,0
18541,0,0,0
361566,0,0,0
66053,0,0,0
174632,0,0,0
226168,0,0,0
56592,0,0,0
301240,0,0,0
223567,0,0,0
146520,0,0,0
257424,0,0,0
12262,0,0,0
108372,0,0,0
83504,0,0,0
351679,0,0,0
405241,0,0,0
259736,0,0,0
273314,0,0,0
62358,0,0,0
37260,0,0,0
223058,0,0,0
134407,0,0,0
27184,0,0,0
360845,0,0,0
129062,0,0,0
233482,0,0,0
383891,0,0,0
226843,0,0,0
235671,0,0,0
372810,0,0,0
311518,0,0,0
343182,0,0,0
208026,0,0,0
207195,0,0,0
258623,0,0,0
126085,0,0,0
172959,0,0,0
355046,0,0,0
886,0,0,0
281723,0,0,0
322662,0,0,0
398702,0,0,0
244268,0,0,0
293718,0,0,0
192220,0,0,0
70276,0,0,0
152788,0,0,0
193315,0,0,0
72113,0,0,0
260625,0,0,0
42903,0,0,0
44350,0,0,0
152957,0,0,0
222606,0,0,0
190622,0,0,0
240226,0,0,0
278,0,0,0
224246,0,0,0
364883,0,0,0
3837,0,0,0
186075,0,0,0
322023,0,0,0
43918,0,0,0
223470,0,0,0
168648,0,0,0
186610,0,0,0
288184,0,0,0
233740,0,0,0
40420,0,0,0
388638,0,0,0
188454,0,0,0
293303,0,0,0
110310,0,0,0
403495,0,0,0
78248,0,0,0
359437,0,0,0
247010,0,0,0
185277,0,0,0
371105,0,0,0
168072,0,0,0
334946,0,0,0
105137,0,0,0
94848,0,0,0
367125,0,0,0
148772,0,0,0
74746,0,0,0
332609,0,0,0
156891,0,0,0
184377,0,0,0
179325,0,0,0
277285,0,0,0
66788,0,0,0
320220,0,0,0
373970,0,0,0
92183,0,0,0
82349,0,0,0
131498,0,0,0
291269,0,0,0
368169,0,0,0
30349,0,0,0
86423,0,0,0
9622,0,0,0
171021,0,0,0
323836,0,0,0
181669,0,0,0
373677,0,0,0
161738,0,0,0
351368,0,0,0
277540,0,0,0
220337,0,0,0
177740,0,0,0
235533,0,0,0
167988,0,0,0
293660,0,0,0
232784,0,0,0
208860,0,0,0
217908,0,0,0
332652,0,0,0
133112,0,0,0
218745,0,0,0
80082,0,0,0
220309,0,0,0
133387,0,0,0
103688,0,0,0
324819,0,0,0
318756,0,0,0
97952,0,0,0
130248,0,0,0
215001,0,0,0
80742,0,0,0
397783,0,0,0
398032,0,0,0
11047,0,0,0
376309,0,0,0
330162,0,0,0
99643,0,0,0
202329,0,0,0
96825,0,0,0
206289,0,0,0
395829,0,0,0
97179,0,0,0
157765,0,0,0
131982,0,0,0
104325,0,0,0
72160,0,0,0
273017,0,0,0
5193,0,0,0
179119,0,0,0
349721,0,0,0
305116,0,0,0
143622,0,0,0
242508,0,0,0
41527,0,0,0
40200,0,0,0
100028,0,0,0
192002,0,0,0
362693,0,0,0
256688,0,0,0
386159,0,0,0
341606,0,0,0
207292,0,0,0
383880,0,0,0
150007,0,0,0
199293,0,0,0
76812,0,0,0
136568,0,0,0
50983,0,0,0
193979,0,0,0
62931,0,0,0
46521,0,0,0
377146,0,0,0
214474,0,0,0
212219,0,0,0
139572,0,0,0
157497,0,0,0
38005,0,0,0
246151,0,0,0
142350,0,0,0
214927,0,0,0
241009,0,0,0
173809,0,0,0
352921,0,0,0
14179,0,0,0
18314,0,0,0
175703,0,0,0
27037,0,0,0
203440,0,0,0
107401,0,0,0
225075,0,0,0
155595,0,0,0
301910,0,0,0
160287,0,0,0
392495,0,0,0
48683,0,0,0
278257,0,0,0
63769,0,0,0
320589,0,0,0
145900,0,0,0
304004,0,0,0
225175,0,0,0
84769,0,0,0
204088,0,0,0
227717,0,0,0
409707,0,0,0
106739,0,0,0
374273,0,0,0
194933,0,0,0
103468,0,0,0
376718,0,0,0
62629,0,0,0
323599,0,0,0
146159,0,0,0
97175,0,0,0
380334,0,0,0
184107,0,0,0
393615,0,0,0
55671,0,0,0
110862,0,0,0
163369,0,0,0
195224,0,0,0
291002,0,0,0
226423,0,0,0
20995,0,0,0
192714,0,0,0
100442,0,0,0
299361,0,0,0
5340,0,0,0
204252,0,0,0
119344,0,0,0
98801,0,0,0
7898,0,0,0
259273,0,0,0
318251,0,0,0
328469,0,0,0
67538,0,0,0
165378,0,0,0
344144,0,0,0
38945,0,0,0
24281,0,0,0
68499,0,0,0
370561,0,0,0
82042,0,0,0
362329,0,0,0
86188,0,0,0
247046,0,0,0
43607,0,0,0
28514,0,0,0
122640,0,0,0
402432,0,0,0
146080,0,0,0
96520,0,0,0
376408,0,0,0
214747,0,0,0
200327,0,0,0
120009,0,0,0
120453,0,0,0
271570,0,0,0
135279,0,0,0
305785,0,0,0
343073,0,0,0
326834,0,0,0
193855,0,0,0
173684,0,0,0
386320,0,0,0
159240,0,0,0
79356,0,0,0
23727,0,0,0
375150,0,0,0
343086,0,0,0
333775,0,0,0
76671,0,0,0
385978,0,0,0
361338,0,0,0
356793,0,0,0
350293,0,0,0
29779,0,0,0
253594,0,0,0
112614,0,0,0
221189,0,0,0
79279,0,0,0
342246,0,0,0
201059,0,0,0
234535,0,0,0
69795,0,0,0
356649,0,0,0
350168,0,0,0
132382,0,0,0
5269,0,0,0
1782,0,0,0
95956,0,0,0
187821,0,0,0
405881,0,0,0
213982,0,0,0
167984,0,0,0
80501,0,0,0
154242,0,0,0
207136,0,0,0
162297,0,0,0
371040,0,0,0
230268,0,0,0
237257,0,0,0
160034,0,0,0
94251,0,0,0
57704,0,0,0
271180,0,0,0
357341,0,0,0
375464,0,0,0
204656,0,0,0
201991,0,0,0
221216,0,0,0
148715,0,0,0
27508,0,0,0
282017,0,0,0
355103,0,0,0
392157,0,0,0
18955,0,0,0
250934,0,0,0
6423,0,0,0
52407,0,0,0
300436,0,0,0
32452,0,0,0
14524,0,0,0
393444,0,0,0
32409,0,0,0
86022,0,0,0
144673,0,0,0
377073,0,0,0
388015,0,0,0
188302,0,0,0
258126,0,0,0
133356,0,0,0
291951,0,0,0
271168,0,0,0
394518,0,0,0
289682,0,0,0
371699,0,0,0
55180,0,0,0
338816,0,0,0
278362,0,0,0
315481,0,0,0
303908,0,0,0
223610,0,0,0
171938,0,0,0
15025,0,0,0
306818,0,0,0
186053,0,0,0
290027,0,0,0
283476,0,0,0
157939,0,0,0
33580,0,0,0
270893,0,0,0
25868,0,0,0
310091,0,0,0
286752,0,0,0
11931,0,0,0
19233,0,0,0
109786,0,0,0
83493,0,0,0
104140,0,0,0
66876,0,0,0
151205,0,0,0
270545,0,0,0
11493,0,0,0
243332,0,0,0
268652,0,0,0
243542,0,0,0
105435,0,0,0
93809,0,0,0
365345,0,0,0
27713,0,0,0
136219,0,0,0
256013,0,0,0
153036,0,0,0
59218,0,0,0
244928,0,0,0
71271,0,0,0
403032,0,0,0
148738,0,0,0
17106,0,0,0
129247,0,0,0
257814,0,0,0
65032,0,0,0
186609,0,0,0
39294,0,0,0
90932,0,0,0
382503,0,0,0
155069,0,0,0
287825,0,0,0
46730,0,0,0
326987,0,0,0
62566,0,0,0
27594,0,0,0
170080,0,0,0
32053,0,0,0
303463,0,0,0
60347,0,0,0
184116,0,0,0
129216,0,0,0
288202,0,0,0
74345,0,0,0
390119,0,0,0
153770,0,0,0
394694,0,0,0
24652,0,0,0
6931,0,0,0
359211,0,0,0
278862,0,0,0
311379,0,0,0
87286,0,0,0
370312,0,0,0
74008,0,0,0
320326,0,0,0
368165,0,0,0
88502,0,0,0
282655,0,0,0
141289,0,0,0
326770,0,0,0
388302,0,0,0
278217,0,0,0
49766,0,0,0
26184,0,0,0
202963,0,0,0
126162,0,0,0
292014,0,0,0
287084,0,0,0
315924,0,0,0
186306,0,0,0
367780,0,0,0
238696,0,0,0
138311,0,0,0
58284,0,0,0
79068,0,0,0
341012,0,0,0
153243,0,0,0
82495,0,0,0
259510,0,0,0
82300,0,0,0
352180,0,0,0
49281,0,0,0
55463,0,0,0
16857,0,0,0
286534,0,0,0
208048,0,0,0
110770,0,0,0
218522,0,0,0
237082,0,0,0
291162,0,0,0
100626,0,0,0
48330,0,0,0
402075,0,0,0
314158,0,0,0
396308,0,0,0
278085,0,0,0
66871,0,0,0
160135,0,0,0
320487,0,0,0
233152,0,0,0
175169,0,0,0
51233,0,0,0
188942,0,0,0
145375,0,0,0
237544,0,0,0
236675,0,0,0
108707,0,0,0
321443,0,0,0
376301,0,0,0
109112,0,0,0
39654,0,0,0
341399,0,0,0
383586,0,0,0
245682,0,0,0
226665,0,0,0
228092,0,0,0
175288,0,0,0
104684,0,0,0
373763,0,0,0
395962,0,0,0
106250,0,0,0
114975,0,0,0
51374,0,0,0
204245,0,0,0
190870,0,0,0
111732,0,0,0
385330,0,0,0
411376,0,0,0
324823,0,0,0
230766,0,0,0
344677,0,0,0
58324,0,0,0
79886,0,0,0
351425,0,0,0
32521,0,0,0
403310,0,0,0
118461,0,0,0
91809,0,0,0
79880,0,0,0
282141,0,0,0
296225,0,0,0
53729,0,0,0
336097,0,0,0
71186,0,0,0
249034,0,0,0
96590,0,0,0
52126,0,0,0
30347,0,0,0
225991,0,0,0
41667,0,0,0
109238,0,0,0
351790,0,0,0
316936,0,0,0
302949,0,0,0
399437,0,0,0
144606,0,0,0
197943,0,0,0
316753,0,0,0
83498,0,0,0
217792,0,0,0
319254,0,0,0
94375,0,0,0
50519,0,0,0
395311,0,0,0
81701,0,0,0
190485,0,0,0
382742,0,0,0
195174,0,0,0
275313,0,0,0
401175,0,0,0
53505,0,0,0
102940,0,0,0
354677,0,0,0
295055,0,0,0
324865,0,0,0
174972,0,0,0
90015,0,0,0
287279,0,0,0
288634,0,0,0
366863,0,0,0
207770,0,0,0
87297,0,0,0
1205,0,0,0
387461,0,0,0
239308,0,0,0
383530,0,0,0
194407,0,0,0
189012,0,0,0
277308,0,0,0
165065,0,0,0
95555,0,0,0
176855,0,0,0
394695,0,0,0
268106,0,0,0
155887,0,0,0
57737,0,0,0
148930,0,0,0
229483,0,0,0
323079,0,0,0
373540,0,0,0
53791,0,0,0
75247,0,0,0
30812,0,0,0
121090,0,0,0
262155,0,0,0
318593,0,0,0
196487,0,0,0
257852,0,0,0
315835,0,0,0
296859,0,0,0
42772,0,0,0
191330,0,0,0
156550,0,0,0
235458,0,0,0
49540,0,0,0
7403,0,0,0
140283,0,0,0
361635,0,0,0
243952,0,0,0
75490,0,0,0
314593,0,0,0
363140,0,0,0
100814,0,0,0
313751,0,0,0
220034,0,0,0
172721,0,0,0
323881,0,0,0
175884,0,0,0
210159,0,0,0
50768,0,0,0
365069,0,0,0
327082,0,0,0
170464,0,0,0
268000,0,0,0
15638,0,0,0
223556,0,0,0
118602,0,0,0
234491,0,0,0
254054,0,0,0
166004,0,0,0
279501,0,0,0
219186,0,0,0
39786,0,0,0
328788,0,0,0
56463,0,0,0
286948,0,0,0
225521,0,0,0
42,0,0,0
272664,0,0,0
43111,0,0,0
193599,0,0,0
314689,0,0,0
52057,0,0,0
281760,0,0,0
41477,0,0,0
370009,0,0,0
382752,0,0,0
405749,0,0,0
35310,0,0,0
318401,0,0,0
90910,0,0,0
88096,0,0,0
131116,0,0,0
388193,0,0,0
159849,0,0,0
24663,0,0,0
159954,0,0,0
321467,0,0,0
260101,0,0,0
113594,0,0,0
233731,0,0,0
24352,0,0,0
141922,0,0,0
110520,0,0,0
119400,0,0,0
306193,0,0,0
354942,0,0,0
233440,0,0,0
156485,0,0,0
347369,0,0,0
285555,0,0,0
229776,0,0,0
143746,0,0,0
321632,0,0,0
9656,0,0,0
102900,0,0,0
361284,0,0,0
98952,0,0,0
133059,0,0,0
181264,0,0,0
278436,0,0,0
211864,0,0,0
108436,0,0,0
234534,0,0,0
106560,0,0,0
1524,0,0,0
311415,0,0,0
227873,0,0,0
116355,0,0,0
11339,0,0,0
362340,0,0,0
183917,0,0,0
52370,0,0,0
311759,0,0,0
162867,0,0,0
251870,0,0,0
360506,0,0,0
250717,0,0,0
170578,0,0,0
325942,0,0,0
30442,0,0,0
144889,0,0,0
205411,0,0,0
391566,0,0,0
359551,0,0,0
3326,0,0,0
63188,0,0,0
317781,0,0,0
321353,0,0,0
8060,0,0,0
345726,0,0,0
29706,0,0,0
57644,0,0,0
245403,0,0,0
59598,0,0,0
152827,0,0,0
56987,0,0,0
226085,0,0,0
303883,0,0,0
275055,0,0,0
191289,0,0,0
99717,0,0,0
169129,0,0,0
25225,0,0,0
217401,0,0,0
132529,0,0,0
193071,0,0,0
133958,0,0,0
86595,0,0,0
266575,0,0,0
128520,0,0,0
354978,0,0,0
380945,0,0,0
79871,0,0,0
203237,0,0,0
117794,0,0,0
102538,0,0,0
398190,0,0,0
74006,0,0,0
218246,0,0,0
129677,0,0,0
384,0,0,0
375569,0,0,0
153719,0,0,0
49781,0,0,0
4859,0,0,0
401370,0,0,0
18156,0,0,0
118897,0,0,0
254343,0,0,0
75392,0,0,0
181495,0,0,0
360363,0,0,0
56312,0,0,0
154807,0,0,0
211471,0,0,0
369829,0,0,0
103666,0,0,0
371036,0,0,0
300073,0,0,0
91889,0,0,0
205246,0,0,0
179866,0,0,0
267901,0,0,0
137155,0,0,0
230701,0,0,0
225672,0,0,0
203499,0,0,0
321288,0,0,0
247816,0,0,0
258532,0,0,0
153022,0,0,0
137694,0,0,0
214530,0,0,0
48301,0,0,0
174193,0,0,0
65668,0,0,0
7394,0,0,0
233609,0,0,0
232438,0,0,0
182678,0,0,0
340997,0,0,0
107119,0,0,0
40549,0,0,0
407178,0,0,0
282758,0,0,0
150648,0,0,0
298971,0,0,0
235227,0,0,0
150181,0,0,0
263917,0,0,0
9928,0,0,0
329535,0,0,0
226681,0,0,0
350007,0,0,0
95816,0,0,0
406574,0,0,0
370030,0,0,0
286116,0,0,0
237979,0,0,0
46361,0,0,0
254712,0,0,0
161969,0,0,0
298102,0,0,0
97217,0,0,0
173753,0,0,0
84825,0,0,0
370725,0,0,0
374515,0,0,0
170950,0,0,0
345102,0,0,0
295978,0,0,0
244992,0,0,0
318089,0,0,0
296710,0,0,0
125240,0,0,0
214968,0,0,0
308552,0,0,0
97607,0,0,0
258667,0,0,0
291365,0,0,0
132731,0,0,0
167967,0,0,0
297,0,0,0
261128,0,0,0
112456,0,0,0
137588,0,0,0
72075,0,0,0
33212,0,0,0
340539,0,0,0
242225,0,0,0
115483,0,0,0
315463,0,0,0
67995,0,0,0
344114,0,0,0
71249,0,0,0
10376,0,0,0
91029,0,0,0
180335,0,0,0
66952,0,0,0
103388,0,0,0
166310,0,0,0
1845,0,0,0
113597,0,0,0
148093,0,0,0
64858,0,0,0
122449,0,0,0
213821,0,0,0
48202,0,0,0
209902,0,0,0
195744,0,0,0
350752,0,0,0
364421,0,0,0
127624,0,0,0
37542,0,0,0
250736,0,0,0
291439,0,0,0
250191,0,0,0
370865,0,0,0
325724,0,0,0
203936,0,0,0
390624,0,0,0
47362,0,0,0
200987,0,0,0
261518,0,0,0
263357,0,0,0
205562,0,0,0
63518,0,0,0
263566,0,0,0
197584,0,0,0
69707,0,0,0
250841,0,0,0
69267,0,0,0
348656,0,0,0
137345,0,0,0
267072,0,0,0
205235,0,0,0
292092,0,0,0
195833,0,0,0
225540,0,0,0
153702,0,0,0
224837,0,0,0
282140,0,0,0
308160,0,0,0
276353,0,0,0
235165,0,0,0
163327,0,0,0
233525,0,0,0
99729,0,0,0
178167,0,0,0
11130,0,0,0
176911,0,0,0
257791,0,0,0
196369,0,0,0
72699,0,0,0
217346,0,0,0
394844,0,0,0
80337,0,0,0
387844,0,0,0
307955,0,0,0
377331,0,0,0
296411,0,0,0
256177,0,0,0
294273,0,0,0
360431,0,0,0
327338,0,0,0
388534,0,0,0
16348,0,0,0
60212,0,0,0
185866,0,0,0
126159,0,0,0
98966,0,0,0
326337,0,0,0
311814,0,0,0
159666,0,0,0
212645,0,0,0
65286,0,0,0
287725,0,0,0
24312,0,0,0
343533,0,0,0
301706,0,0,0
49617,0,0,0
374743,0,0,0
328484,0,0,0
381997,0,0,0
155668,0,0,0
59553,0,0,0
279011,0,0,0
284731,0,0,0
76071,0,0,0
219522,0,0,0
272353,0,0,0
39657,0,0,0
89668,0,0,0
163120,0,0,0
133362,0,0,0
46949,0,0,0
170570,0,0,0
316982,0,0,0
180445,0,0,0
69590,0,0,0
106655,0,0,0
384585,0,0,0
221732,0,0,0
335059,0,0,0
59494,0,0,0
278887,0,0,0
259568,0,0,0
241611,0,0,0
167954,0,0,0
375967,0,0,0
66746,0,0,0
127332,0,0,0
114391,0,0,0
92385,0,0,0
324003,0,0,0
301708,0,0,0
398066,0,0,0
4183,0,0,0
86975,0,0,0
324930,0,0,0
238652,0,0,0
160726,0,0,0
386284,0,0,0
403883,0,0,0
357754,0,0,0
5235,0,0,0
342253,0,0,0
87782,0,0,0
30920,0,0,0
245131,0,0,0
321204,0,0,0
292763,0,0,0
78692,0,0,0
123182,0,0,0
241832,0,0,0
248800,0,0,0
177218,0,0,0
82418,0,0,0
199296,0,0,0
156612,0,0,0
48559,0,0,0
315629,0,0,0
333141,0,0,0
88190,0,0,0
108429,0,0,0
90703,0,0,0
78262,0,0,0
40957,0,0,0
317897,0,0,0
7522,0,0,0
208749,0,0,0
9775,0,0,0
263392,0,0,0
47930,0,0,0
137470,0,0,0
8508,0,0,0
285082,0,0,0
184057,0,0,0
222483,0,0,0
128554,0,0,0
332347,0,0,0
241029,0,0,0
276375,0,0,0
365980,0,0,0
172679,0,0,0
154584,0,0,0
364960,0,0,0
77994,0,0,0
154442,0,0,0
286147,0,0,0
234381,0,0,0
127494,0,0,0
105078,0,0,0
76842,0,0,0
13854,0,0,0
47032,0,0,0
40510,0,0,0
249892,0,0,0
179351,0,0,0
216569,0,0,0
182325,0,0,0
401658,0,0,0
190750,0,0,0
290996,0,0,0
218640,0,0,0
217107,0,0,0
98251,0,0,0
111593,0,0,0
317445,0,0,0
314119,0,0,0
375418,0,0,0
170416,0,0,0
257077,0,0,0
335139,0,0,0
355278,0,0,0
383387,0,0,0
114432,0,0,0
100677,0,0,0
308030,0,0,0
193792,0,0,0
145539,0,0,0
340982,0,0,0
389211,0,0,0
10674,0,0,0
240406,0,0,0
157792,0,0,0
212270,0,0,0
117775,0,0,0
399475,0,0,0
208042,0,0,0
100645,0,0,0
57992,0,0,0
374735,0,0,0
42813,0,0,0
209903,0,0,0
188936,0,0,0
406390,0,0,0
6915,0,0,0
163314,0,0,0
178418,0,0,0
258498,0,0,0
404432,0,0,0
72168,0,0,0
13936,0,0,0
375171,0,0,0
3971,0,0,0
289315,0,0,0
280856,0,0,0
361920,0,0,0
86386,0,0,0
344260,0,0,0
265177,0,0,0
245527,0,0,0
402427,0,0,0
352029,0,0,0
274921,0,0,0
295677,0,0,0
180450,0,0,0
372183,0,0,0
300244,0,0,0
67646,0,0,0
141795,0,0,0
330861,0,0,0
178498,0,0,0
126188,0,0,0
315531,0,0,0
45502,0,0,0
377770,0,0,0
142148,0,0,0
356501,0,0,0
403703,0,0,0
267983,0,0,0
183685,0,0,0
164380,0,0,0
251888,0,0,0
246569,0,0,0
146968,0,0,0
375743,0,0,0
190667,0,0,0
259378,0,0,0
175978,0,0,0
207316,0,0,0
248885,0,0,0
371816,0,0,0
42174,0,0,0
22190,0,0,0
159946,0,0,0
385355,0,0,0
306264,0,0,0
359852,0,0,0
17175,0,0,0
282423,0,0,0
17942,0,0,0
255046,0,0,0
397867,0,0,0
396125,0,0,0
241993,0,0,0
11166,0,0,0
175674,0,0,0
202262,0,0,0
107646,0,0,0
86968,0,0,0
210497,0,0,0
178976,0,0,0
373495,0,0,0
14159,0,0,0
80906,0,0,0
410880,0,0,0
324678,0,0,0
213750,0,0,0
107735,0,0,0
50158,0,0,0
394084,0,0,0
260011,0,0,0
294131,0,0,0
27082,0,0,0
168948,0,0,0
210462,0,0,0
380886,0,0,0
243578,0,0,0
314438,0,0,0
397944,0,0,0
62718,0,0,0
190539,0,0,0
169130,0,0,0
344454,0,0,0
341727,0,0,0
90563,0,0,0
216095,0,0,0
41010,0,0,0
401892,0,0,0
86576,0,0,0
223278,0,0,0
38494,0,0,0
393298,0,0,0
122704,0,0,0
402073,0,0,0
154110,0,0,0
255751,0,0,0
395677,0,0,0
309013,0,0,0
176469,0,0,0
213311,0,0,0
281427,0,0,0
49515,0,0,0
230883,0,0,0
340747,0,0,0
90227,0,0,0
171657,0,0,0
133579,0,0,0
88827,0,0,0
318680,0,0,0
329883,0,0,0
305593,0,0,0
12363,0,0,0
122324,0,0,0
163460,0,0,0
346682,0,0,0
178444,0,0,0
21639,0,0,0
284567,0,0,0
128886,0,0,0
370689,0,0,0
272959,0,0,0
353377,0,0,0
268719,0,0,0
65129,0,0,0
366869,0,0,0
45053,0,0,0
333814,0,0,0
388612,0,0,0
363274,0,0,0
250006,0,0,0
207620,0,0,0
325119,0,0,0
100404,0,0,0
128009,0,0,0
102445,0,0,0
190376,0,0,0
24228,0,0,0
154779,0,0,0
34851,0,0,0
403948,0,0,0
313277,0,0,0
75818,0,0,0
244396,0,0,0
374264,0,0,0
331899,0,0,0
297724,0,0,0
102395,0,0,0
391178,0,0,0
67453,0,0,0
194423,0,0,0
51067,0,0,0
258169,0,0,0
133677,0,0,0
373930,0,0,0
268303,0,0,0
193576,0,0,0
103050,0,0,0
30882,0,0,0
150689,0,0,0
3032,0,0,0
88143,0,0,0
259431,0,0,0
269478,0,0,0
384411,0,0,0
160776,0,0,0
117692,0,0,0
380695,0,0,0
56293,0,0,0
355186,0,0,0
127715,0,0,0
6086,0,0,0
194639,0,0,0
360484,0,0,0
147737,0,0,0
245008,0,0,0
100525,0,0,0
319102,0,0,0
112107,0,0,0
391512,0,0,0
96005,0,0,0
136620,0,0,0
236579,0,0,0
36157,0,0,0
37419,0,0,0
56708,0,0,0
308815,0,0,0
126998,0,0,0
341262,0,0,0
149954,0,0,0
198221,0,0,0
394003,0,0,0
319716,0,0,0
98792,0,0,0
135786,0,0,0
153657,0,0,0
87375,0,0,0
355188,0,0,0
32384,0,0,0
229038,0,0,0
278921,0,0,0
333911,0,0,0
155390,0,0,0
70366,0,0,0
282662,0,0,0
38367,0,0,0
346764,0,0,0
27821,0,0,0
397585,0,0,0
339873,0,0,0
160178,0,0,0
213863,0,0,0
32505,0,0,0
331103,0,0,0
39423,0,0,0
297792,0,0,0
18028,0,0,0
191274,0,0,0
92031,0,0,0
122144,0,0,0
65766,0,0,0
371221,0,0,0
386786,0,0,0
136910,0,0,0
178164,0,0,0
312395,0,0,0
323745,0,0,0
278465,0,0,0
236460,0,0,0
389552,0,0,0
115110,0,0,0
324525,0,0,0
177896,0,0,0
238890,0,0,0
321823,0,0,0
98722,0,0,0
94260,0,0,0
361328,0,0,0
34347,0,0,0
144008,0,0,0
112518,0,0,0
71196,0,0,0
309084,0,0,0
150681,0,0,0
291869,0,0,0
144822,0,0,0
98193,0,0,0
84434,0,0,0
69306,0,0,0
68067,0,0,0
17631,0,0,0
354381,0,0,0
354308,0,0,0
331360,0,0,0
31365,0,0,0
323050,0,0,0
288534,0,0,0
236913,0,0,0
120173,0,0,0
164688,0,0,0
257501,0,0,0
114123,0,0,0
348686,0,0,0
250395,0,0,0
175686,0,0,0
90991,0,0,0
269579,0,0,0
45043,0,0,0
161429,0,0,0
407010,0,0,0
173851,0,0,0
110666,0,0,0
163126,0,0,0
125433,0,0,0
193655,0,0,0
4000,0,0,0
374381,0,0,0
376029,0,0,0
273432,0,0,0
238226,0,0,0
407665,0,0,0
2848,0,0,0
218520,0,0,0
97493,0,0,0
209512,0,0,0
270065,0,0,0
84940,0,0,0
142666,0,0,0
64274,0,0,0
218713,0,0,0
88109,0,0,0
257407,0,0,0
356957,0,0,0
378547,0,0,0
75395,0,0,0
263026,0,0,0
295133,0,0,0
35499,0,0,0
313609,0,0,0
200479,0,0,0
82532,0,0,0
252147,0,0,0
350407,0,0,0
195210,0,0,0
254365,0,0,0
468,0,0,0
237120,0,0,0
260423,0,0,0
243056,0,0,0
315435,0,0,0
391953,0,0,0
388605,0,0,0
126477,0,0,0
24538,0,0,0
251730,0,0,0
259387,0,0,0
64511,0,0,0
289405,0,0,0
290506,0,0,0
55995,0,0,0
396740,0,0,0
41260,0,0,0
62606,0,0,0
275316,0,0,0
120295,0,0,0
368290,0,0,0
195747,0,0,0
116515,0,0,0
67041,0,0,0
67993,0,0,0
147042,0,0,0
405674,0,0,0
6077,0,0,0
5586,0,0,0
318064,0,0,0
220931,0,0,0
74733,0,0,0
149333,0,0,0
383391,0,0,0
388829,0,0,0
310648,0,0,0
282716,0,0,0
365545,0,0,0
196006,0,0,0
17049,0,0,0
141371,0,0,0
226201,0,0,0
125739,0,0,0
272523,0,0,0
81559,0,0,0
168887,0,0,0
293534,0,0,0
267881,0,0,0
329544,0,0,0
220387,0,0,0
329462,0,0,0
334526,0,0,0
366817,0,0,0
263021,0,0,0
52946,0,0,0
131483,0,0,0
341492,0,0,0
138918,0,0,0
363270,0,0,0
253079,0,0,0
151908,0,0,0
399049,0,0,0
30454,0,0,0
385380,0,0,0
132496,0,0,0
104899,0,0,0
381616,0,0,0
6397,0,0,0
309386,0,0,0
221305,0,0,0
372233,0,0,0
270277,0,0,0
265229,0,0,0
406459,0,0,0
318026,0,0,0
23186,0,0,0
49256,0,0,0
17024,0,0,0
127035,0,0,0
338639,0,0,0
43840,0,0,0
147315,0,0,0
243368,0,0,0
293119,0,0,0
56553,0,0,0
110721,0,0,0
266690,0,0,0
218283,0,0,0
253892,0,0,0
387139,0,0,0
398758,0,0,0
30797,0,0,0
70764,0,0,0
338870,0,0,0
263819,0,0,0
160679,0,0,0
317371,0,0,0
99160,0,0,0
60604,0,0,0
389789,0,0,0
332929,0,0,0
403683,0,0,0
406638,0,0,0
179728,0,0,0
322198,0,0,0
156967,0,0,0
200163,0,0,0
31266,0,0,0
234305,0,0,0
257693,0,0,0
166189,0,0,0
44376,0,0,0
378798,0,0,0
94290,0,0,0
349660,0,0,0
334599,0,0,0
321225,0,0,0
248171,0,0,0
359899,0,0,0
403317,0,0,0
343373,0,0,0
185619,0,0,0
235472,0,0,0
10834,0,0,0
326690,0,0,0
153733,0,0,0
248443,0,0,0
105704,0,0,0
243059,0,0,0
13802,0,0,0
151808,0,0,0
288517,0,0,0
162683,0,0,0
395383,0,0,0
392060,0,0,0
243860,0,0,0
390913,0,0,0
167888,0,0,0
62315,0,0,0
348577,0,0,0
310303,0,0,0
167364,0,0,0
193048,0,0,0
106758,0,0,0
101365,0,0,0
272233,0,0,0
2147,0,0,0
115724,0,0,0
155462,0,0,0
139931,0,0,0
250623,0,0,0
112626,0,0,0
162124,0,0,0
386764,0,0,0
82804,0,0,0
176050,0,0,0
102132,0,0,0
39030,0,0,0
81925,0,0,0
291178,0,0,0
186498,0,0,0
411126,0,0,0
60073,0,0,0
202176,0,0,0
135801,0,0,0
224065,0,0,0
70614,0,0,0
230961,0,0,0
45593,0,0,0
304825,0,0,0
283225,0,0,0
273146,0,0,0
328789,0,0,0
179381,0,0,0
69727,0,0,0
120940,0,0,0
299717,0,0,0
15427,0,0,0
206422,0,0,0
98673,0,0,0
60719,0,0,0
243883,0,0,0
362800,0,0,0
252720,0,0,0
51175,0,0,0
203914,0,0,0
342935,0,0,0
22320,0,0,0
109986,0,0,0
390191,0,0,0
242834,0,0,0
169971,0,0,0
275423,0,0,0
304534,0,0,0
174340,0,0,0
250893,0,0,0
127433,0,0,0
236021,0,0,0
126676,0,0,0
3796,0,0,0
389402,0,0,0
350457,0,0,0
305170,0,0,0
306498,0,0,0
19273,0,0,0
227573,0,0,0
242061,0,0,0
197845,0,0,0
57556,0,0,0
361766,0,0,0
15852,0,0,0
141129,0,0,0
237242,0,0,0
1459,0,0,0
217228,0,0,0
254586,0,0,0
84426,0,0,0
369323,0,0,0
114202,0,0,0
395629,0,0,0
378787,0,0,0
160095,0,0,0
34672,0,0,0
359,0,0,0
146055,0,0,0
12400,0,0,0
306687,0,0,0
189085,0,0,0
283655,0,0,0
367047,0,0,0
282120,0,0,0
181506,0,0,0
251063,0,0,0
74604,0,0,0
107039,0,0,0
366168,0,0,0
368159,0,0,0
152142,0,0,0
199727,0,0,0
326983,0,0,0
266326,0,0,0
273555,0,0,0
312231,0,0,0
250616,0,0,0
216912,0,0,0
47041,0,0,0
130030,0,0,0
278154,0,0,0
71064,0,0,0
292512,0,0,0
141488,0,0,0
393929,0,0,0
27334,0,0,0
265043,0,0,0
25084,0,0,0
261218,0,0,0
354537,0,0,0
98375,0,0,0
35374,0,0,0
78836,0,0,0
255767,0,0,0
410898,0,0,0
395155,0,0,0
368769,0,0,0
55754,0,0,0
293088,0,0,0
137442,0,0,0
356814,0,0,0
58256,0,0,0
244907,0,0,0
146044,0,0,0
165917,0,0,0
263125,0,0,0
101484,0,0,0
391950,0,0,0
232400,0,0,0
346011,0,0,0
306025,0,0,0
259671,0,0,0
9356,0,0,0
190173,0,0,0
123294,0,0,0
263623,0,0,0
44793,0,0,0
205559,0,0,0
98634,0,0,0
131114,0,0,0
389446,0,0,0
395130,0,0,0
324976,0,0,0
119247,0,0,0
257210,0,0,0
380675,0,0,0
115887,0,0,0
219047,0,0,0
125249,0,0,0
79914,0,0,0
298850,0,0,0
351268,0,0,0
233024,0,0,0
255779,0,0,0
255362,0,0,0
112219,0,0,0
287896,0,0,0
223948,0,0,0
41055,0,0,0
336111,0,0,0
393054,0,0,0
131416,0,0,0
144131,0,0,0
407011,0,0,0
332109,0,0,0
90905,0,0,0
53845,0,0,0
402258,0,0,0
58359,0,0,0
309108,0,0,0
34749,0,0,0
348053,0,0,0
205719,0,0,0
20394,0,0,0
214572,0,0,0
146118,0,0,0
211074,0,0,0
46420,0,0,0
143421,0,0,0
157814,0,0,0
385622,0,0,0
228534,0,0,0
232068,0,0,0
282183,0,0,0
401391,0,0,0
94649,0,0,0
22444,0,0,0
120682,0,0,0
374778,0,0,0
249416,0,0,0
367087,0,0,0
107216,0,0,0
284736,0,0,0
360238,0,0,0
233321,0,0,0
67247,0,0,0
333213,0,0,0
257352,0,0,0
397732,0,0,0
162335,0,0,0
127851,0,0,0
339479,0,0,0
327587,0,0,0
259696,0,0,0
59105,0,0,0
281424,0,0,0
308118,0,0,0
161241,0,0,0
269274,0,0,0
281814,0,0,0
325833,0,0,0
302573,0,0,0
374006,0,0,0
208094,0,0,0
131284,0,0,0
7404,0,0,0
291090,0,0,0
277931,0,0,0
127443,0,0,0
237370,0,0,0
31514,0,0,0
83717,0,0,0
83907,0,0,0
371985,0,0,0
81584,0,0,0
209514,0,0,0
230518,0,0,0
397840,0,0,0
125933,0,0,0
17905,0,0,0
385809,0,0,0
187442,0,0,0
149487,0,0,0
209818,0,0,0
212519,0,0,0
223715,0,0,0
28755,0,0,0
157327,0,0,0
336901,0,0,0
125435,0,0,0
276627,0,0,0
351352,0,0,0
37147,0,0,0
271309,0,0,0
64815,0,0,0
337357,0,0,0
363930,0,0,0
319568,0,0,0
132826,0,0,0
245796,0,0,0
362364,0,0,0
112834,0,0,0
137400,0,0,0
151607,0,0,0
273913,0,0,0
340608,0,0,0
311839,0,0,0
61235,0,0,0
135236,0,0,0
148495,0,0,0
22387,0,0,0
226566,0,0,0
144043,0,0,0
212303,0,0,0
214826,0,0,0
61567,0,0,0
260401,0,0,0
119737,0,0,0
80480,0,0,0
61254,0,0,0
294071,0,0,0
179021,0,0,0
101945,0,0,0
209180,0,0,0
397045,0,0,0
325645,0,0,0
65985,0,0,0
347881,0,0,0
58459,0,0,0
322160,0,0,0
299669,0,0,0
159227,0,0,0
409788,0,0,0
119974,0,0,0
140524,0,0,0
41429,0,0,0
246090,0,0,0
298525,0,0,0
1553,0,0,0
4313,0,0,0
7915,0,0,0
344462,0,0,0
116025,0,0,0
244403,0,0,0
148040,0,0,0
31368,0,0,0
84413,0,0,0
409868,0,0,0
250473,0,0,0
162831,0,0,0
350509,0,0,0
158423,0,0,0
352934,0,0,0
66424,0,0,0
308945,0,0,0
210926,0,0,0
330764,0,0,0
45823,0,0,0
395121,0,0,0
111429,0,0,0
262217,0,0,0
283068,0,0,0
396833,0,0,0
13750,0,0,0
194622,0,0,0
146577,0,0,0
113098,0,0,0
224920,0,0,0
272208,0,0,0
89239,0,0,0
226282,0,0,0
222392,0,0,0
330702,0,0,0
156760,0,0,0
26256,0,0,0
341558,0,0,0
75551,0,0,0
327320,0,0,0
213674,0,0,0
376465,0,0,0
227697,0,0,0
14500,0,0,0
9246,0,0,0
373122,0,0,0
311625,0,0,0
61105,0,0,0
193097,0,0,0
17893,0,0,0
6923,0,0,0
68010,0,0,0
224070,0,0,0
131533,0,0,0
139385,0,0,0
222850,0,0,0
300258,0,0,0
379634,0,0,0
270473,0,0,0
28242,0,0,0
36428,0,0,0
31377,0,0,0
249927,0,0,0
42205,0,0,0
342072,0,0,0
325543,0,0,0
226848,0,0,0
161746,0,0,0
108354,0,0,0
377746,0,0,0
128042,0,0,0
24232,0,0,0
132363,0,0,0
188339,0,0,0
278424,0,0,0
31091,0,0,0
261862,0,0,0
330603,0,0,0
101409,0,0,0
255318,0,0,0
305112,0,0,0
172464,0,0,0
297056,0,0,0
13027,0,0,0
293163,0,0,0
224276,0,0,0
168206,0,0,0
370458,0,0,0
64051,0,0,0
152058,0,0,0
174418,0,0,0
393946,0,0,0
385662,0,0,0
152499,0,0,0
327924,0,0,0
37870,0,0,0
176344,0,0,0
102319,0,0,0
233669,0,0,0
42401,0,0,0
399710,0,0,0
185013,0,0,0
133026,0,0,0
294997,0,0,0
165866,0,0,0
138640,0,0,0
173541,0,0,0
311387,0,0,0
337675,0,0,0
52520,0,0,0
56334,0,0,0
46046,0,0,0
243824,0,0,0
200910,0,0,0
282674,0,0,0
365607,0,0,0
274531,0,0,0
182303,0,0,0
75553,0,0,0
408920,0,0,0
194385,0,0,0
221654,0,0,0
45710,0,0,0
73760,0,0,0
270861,0,0,0
397979,0,0,0
305571,0,0,0
340345,0,0,0
344092,0,0,0
81656,0,0,0
139019,0,0,0
252538,0,0,0
90846,0,0,0
274923,0,0,0
101112,0,0,0
311346,0,0,0
144203,0,0,0
49149,0,0,0
394555,0,0,0
3652,0,0,0
192582,0,0,0
238306,0,0,0
213454,0,0,0
18377,0,0,0
194332,0,0,0
313954,0,0,0
191007,0,0,0
355304,0,0,0
328192,0,0,0
19178,0,0,0
232889,0,0,0
363338,0,0,0
114484,0,0,0
376288,0,0,0
291131,0,0,0
374767,0,0,0
285321,0,0,0
121993,0,0,0
402112,0,0,0
62111,0,0,0
178331,0,0,0
68787,0,0,0
237617,0,0,0
11322,0,0,0
19029,0,0,0
132963,0,0,0
317089,0,0,0
10657,0,0,0
145419,0,0,0
365703,0,0,0
33853,0,0,0
381830,0,0,0
14466,0,0,0
167758,0,0,0
188392,0,0,0
140695,0,0,0
279633,0,0,0
68341,0,0,0
3483,0,0,0
90759,0,0,0
60876,0,0,0
256380,0,0,0
91375,0,0,0
175595,0,0,0
16399,0,0,0
305835,0,0,0
201869,0,0,0
324882,0,0,0
223026,0,0,0
275150,0,0,0
330240,0,0,0
52378,0,0,0
183182,0,0,0
225483,0,0,0
77027,0,0,0
359120,0,0,0
199186,0,0,0
71760,0,0,0
3070,0,0,0
23081,0,0,0
400265,0,0,0
181135,0,0,0
338423,0,0,0
127598,0,0,0
45456,0,0,0
56309,0,0,0
395102,0,0,0
305110,0,0,0
331160,0,0,0
404395,0,0,0
219267,0,0,0
30249,0,0,0
6364,0,0,0
121512,0,0,0
69994,0,0,0
125125,0,0,0
173276,0,0,0
284038,0,0,0
178895,0,0,0
78207,0,0,0
217111,0,0,0
291773,0,0,0
146333,0,0,0
383410,0,0,0
207788,0,0,0
297878,0,0,0
22885,0,0,0
195910,0,0,0
169003,0,0,0
126187,0,0,0
254055,0,0,0
391724,0,0,0
234662,0,0,0
70447,0,0,0
256664,0,0,0
237173,0,0,0
157320,0,0,0
173953,0,0,0
363155,0,0,0
401233,0,0,0
74966,0,0,0
352647,0,0,0
24891,0,0,0
244169,0,0,0
85317,0,0,0
74218,0,0,0
17817,0,0,0
378358,0,0,0
207321,0,0,0
201081,0,0,0
216626,0,0,0
38889,0,0,0
270987,0,0,0
305108,0,0,0
145046,0,0,0
206583,0,0,0
405219,0,0,0
3439,0,0,0
370325,0,0,0
171525,0,0,0
87350,0,0,0
227537,0,0,0
304670,0,0,0
317189,0,0,0
285781,0,0,0
16025,0,0,0
118889,0,0,0
73300,0,0,0
154474,0,0,0
58175,0,0,0
328889,0,0,0
193919,0,0,0
118629,0,0,0
229727,0,0,0
65135,0,0,0
273839,0,0,0
239805,0,0,0
399904,0,0,0
390355,0,0,0
254041,0,0,0
350938,0,0,0
79969,0,0,0
139915,0,0,0
164194,0,0,0
280595,0,0,0
408171,0,0,0
90607,0,0,0
44627,0,0,0
101073,0,0,0
280707,0,0,0
254891,0,0,0
220421,0,0,0
198172,0,0,0
18162,0,0,0
77087,0,0,0
271708,0,0,0
35435,0,0,0
126367,0,0,0
318156,0,0,0
355054,0,0,0
167194,0,0,0
389062,0,0,0
366262,0,0,0
271349,0,0,0
172069,0,0,0
320813,0,0,0
407329,0,0,0
277556,0,0,0
194496,0,0,0
193827,0,0,0
21393,0,0,0
75886,0,0,0
379569,0,0,0
381683,0,0,0
291075,0,0,0
164776,0,0,0
173552,0,0,0
298575,0,0,0
275778,0,0,0
377449,0,0,0
245272,0,0,0
220836,0,0,0
198591,0,0,0
278993,0,0,0
51249,0,0,0
361357,0,0,0
374443,0,0,0
371527,0,0,0
283833,0,0,0
157407,0,0,0
116666,0,0,0
269222,0,0,0
120219,0,0,0
129912,0,0,0
395947,0,0,0
87454,0,0,0
173575,0,0,0
188122,0,0,0
195212,0,0,0
163975,0,0,0
20813,0,0,0
17897,0,0,0
308103,0,0,0
401744,0,0,0
189370,0,0,0
234121,0,0,0
180976,0,0,0
122900,0,0,0
284636,0,0,0
220534,0,0,0
295066,0,0,0
13460,0,0,0
213932,0,0,0
180089,0,0,0
278561,0,0,0
202147,0,0,0
330635,0,0,0
88154,0,0,0
20260,0,0,0
101354,0,0,0
401708,0,0,0
286515,0,0,0
357896,0,0,0
33934,0,0,0
311333,0,0,0
341088,0,0,0
111588,0,0,0
112507,0,0,0
202356,0,0,0
317589,0,0,0
58161,0,0,0
44821,0,0,0
285658,0,0,0
83698,0,0,0
374870,0,0,0
390206,0,0,0
358259,0,0,0
209960,0,0,0
353508,0,0,0
263007,0,0,0
135891,0,0,0
313389,0,0,0
382906,0,0,0
278447,0,0,0
325737,0,0,0
84366,0,0,0
108920,0,0,0
398063,0,0,0
23398,0,0,0
407700,0,0,0
344329,0,0,0
322580,0,0,0
107388,0,0,0
138666,0,0,0
392561,0,0,0
96161,0,0,0
363142,0,0,0
399438,0,0,0
155594,0,0,0
104701,0,0,0
191685,0,0,0
205507,0,0,0
202421,0,0,0
399796,0,0,0
283125,0,0,0
116045,0,0,0
139774,0,0,0
280908,0,0,0
410276,0,0,0
123666,0,0,0
262395,0,0,0
181410,0,0,0
97554,0,0,0
364373,0,0,0
227038,0,0,0
407433,0,0,0
66145,0,0,0
288708,0,0,0
339198,0,0,0
73379,0,0,0
191523,0,0,0
42157,0,0,0
382541,0,0,0
227055,0,0,0
284792,0,0,0
15887,0,0,0
362767,0,0,0
249916,0,0,0
41376,0,0,0
174739,0,0,0
103191,0,0,0
92200,0,0,0
224628,0,0,0
66375,0,0,0
356380,0,0,0
287119,0,0,0
385028,0,0,0
38481,0,0,0
328110,0,0,0
103436,0,0,0
377851,0,0,0
165988,0,0,0
344918,0,0,0
378849,0,0,0
328521,0,0,0
174605,0,0,0
268235,0,0,0
389715,0,0,0
373742,0,0,0
191772,0,0,0
182535,0,0,0
352308,0,0,0
262197,0,0,0
329289,0,0,0
77023,0,0,0
2416,0,0,0
153142,0,0,0
118572,0,0,0
149083,0,0,0
310424,0,0,0
94061,0,0,0
101782,0,0,0
273985,0,0,0
157021,0,0,0
110906,0,0,0
364400,0,0,0
302291,0,0,0
350159,0,0,0
143645,0,0,0
77872,0,0,0
389729,0,0,0
173305,0,0,0
113389,0,0,0
298621,0,0,0
44307,0,0,0
197721,0,0,0
229425,0,0,0
61550,0,0,0
141270,0,0,0
37141,0,0,0
27333,0,0,0
374440,0,0,0
64503,0,0,0
33692,0,0,0
38487,0,0,0
64909,0,0,0
145102,0,0,0
269150,0,0,0
283454,0,0,0
201565,0,0,0
33486,0,0,0
151892,0,0,0
132440,0,0,0
393563,0,0,0
146949,0,0,0
80827,0,0,0
355177,0,0,0
232899,0,0,0
375745,0,0,0
367721,0,0,0
136974,0,0,0
270604,0,0,0
39871,0,0,0
335689,0,0,0
206674,0,0,0
96261,0,0,0
347381,0,0,0
148734,0,0,0
205575,0,0,0
156706,0,0,0
227390,0,0,0
410886,0,0,0
29568,0,0,0
92313,0,0,0
221438,0,0,0
221990,0,0,0
356560,0,0,0
401886,0,0,0
187484,0,0,0
100187,0,0,0
309461,0,0,0
165245,0,0,0
137849,0,0,0
234120,0,0,0
45395,0,0,0
256188,0,0,0
322764,0,0,0
397382,0,0,0
75253,0,0,0
194635,0,0,0
234546,0,0,0
208544,0,0,0
255653,0,0,0
366610,0,0,0
70953,0,0,0
355820,0,0,0
387827,0,0,0
189345,0,0,0
116134,0,0,0
287936,0,0,0
272635,0,0,0
371505,0,0,0
170655,0,0,0
43567,0,0,0
175935,0,0,0
99990,0,0,0
397042,0,0,0
368996,0,0,0
112132,0,0,0
115242,0,0,0
326503,0,0,0
361979,0,0,0
284985,0,0,0
21512,0,0,0
282005,0,0,0
160509,0,0,0
137948,0,0,0
17978,0,0,0
238718,0,0,0
360468,0,0,0
195678,0,0,0
366568,0,0,0
19928,0,0,0
193820,0,0,0
75168,0,0,0
57130,0,0,0
300527,0,0,0
184198,0,0,0
267543,0,0,0
334784,0,0,0
106520,0,0,0
225240,0,0,0
377436,0,0,0
143417,0,0,0
296691,0,0,0
273822,0,0,0
38871,0,0,0
70457,0,0,0
332834,0,0,0
92759,0,0,0
398515,0,0,0
334160,0,0,0
148069,0,0,0
229977,0,0,0
88506,0,0,0
409456,0,0,0
272386,0,0,0
277545,0,0,0
284706,0,0,0
138720,0,0,0
256439,0,0,0
212807,0,0,0
363736,0,0,0
265469,0,0,0
28240,0,0,0
357479,0,0,0
61079,0,0,0
73242,0,0,0
170060,0,0,0
180325,0,0,0
12166,0,0,0
384720,0,0,0
13642,0,0,0
333373,0,0,0
71567,0,0,0
256584,0,0,0
243038,0,0,0
335356,0,0,0
298690,0,0,0
142628,0,0,0
82664,0,0,0
325230,0,0,0
242767,0,0,0
258076,0,0,0
95988,0,0,0
103068,0,0,0
365249,0,0,0
195267,0,0,0
209471,0,0,0
48975,0,0,0
213721,0,0,0
46421,0,0,0
242292,0,0,0
59237,0,0,0
127981,0,0,0
292306,0,0,0
324477,0,0,0
40932,0,0,0
242916,0,0,0
245963,0,0,0
241342,0,0,0
29494,0,0,0
6302,0,0,0
385918,0,0,0
79957,0,0,0
59038,0,0,0
24688,0,0,0
1063,0,0,0
230873,0,0,0
354435,0,0,0
255545,0,0,0
237271,0,0,0
263243,0,0,0
156489,0,0,0
237776,0,0,0
192531,0,0,0
385702,0,0,0
242924,0,0,0
365100,0,0,0
132756,0,0,0
214186,0,0,0
339880,0,0,0
179638,0,0,0
55149,0,0,0
65792,0,0,0
362989,0,0,0
193015,0,0,0
121348,0,0,0
143680,0,0,0
271166,0,0,0
275106,0,0,0
121960,0,0,0
255994,0,0,0
147310,0,0,0
204604,0,0,0
144007,0,0,0
96028,0,0,0
263498,0,0,0
141834,0,0,0
111388,0,0,0
151849,0,0,0
185847,0,0,0
300775,0,0,0
248,0,0,0
309299,0,0,0
350768,0,0,0
244963,0,0,0
223908,0,0,0
182823,0,0,0
56790,0,0,0
230594,0,0,0
136812,0,0,0
273106,0,0,0
243216,0,0,0
165843,0,0,0
410484,0,0,0
85147,0,0,0
338280,0,0,0
130041,0,0,0
54145,0,0,0
318744,0,0,0
234241,0,0,0
636,0,0,0
50704,0,0,0
76247,0,0,0
335138,0,0,0
205292,0,0,0
50694,0,0,0
5936,0,0,0
104864,0,0,0
252448,0,0,0
314642,0,0,0
278487,0,0,0
191552,0,0,0
69830,0,0,0
313532,0,0,0
383917,0,0,0
285550,0,0,0
269923,0,0,0
250318,0,0,0
164363,0,0,0
379466,0,0,0
330931,0,0,0
2420,0,0,0
314337,0,0,0
301090,0,0,0
58153,0,0,0
34679,0,0,0
158488,0,0,0
369295,0,0,0
299734,0,0,0
70296,0,0,0
393704,0,0,0
146163,0,0,0
28239,0,0,0
53896,0,0,0
144605,0,0,0
156494,0,0,0
243019,0,0,0
154521,0,0,0
69289,0,0,0
334235,0,0,0
322612,0,0,0
276461,0,0,0
237972,0,0,0
98245,0,0,0
59373,0,0,0
389549,0,0,0
136713,0,0,0
246933,0,0,0
356487,0,0,0
295922,0,0,0
280947,0,0,0
296821,0,0,0
306761,0,0,0
76471,0,0,0
123467,0,0,0
396488,0,0,0
49558,0,0,0
376917,0,0,0
209794,0,0,0
328745,0,0,0
298310,0,0,0
70924,0,0,0
236124,0,0,0
209670,0,0,0
136044,0,0,0
115144,0,0,0
38885,0,0,0
156120,0,0,0
242660,0,0,0
50859,0,0,0
213487,0,0,0
229022,0,0,0
59300,0,0,0
401388,0,0,0
360476,0,0,0
236838,0,0,0
352318,0,0,0
52063,0,0,0
374301,0,0,0
297364,0,0,0
312142,0,0,0
291274,0,0,0
400568,0,0,0
311295,0,0,0
15728,0,0,0
338338,0,0,0
279717,0,0,0
202436,0,0,0
114604,0,0,0
346498,0,0,0
276969,0,0,0
192475,0,0,0
28250,0,0,0
301951,0,0,0
19146,0,0,0
260685,0,0,0
276683,0,0,0
226951,0,0,0
183476,0,0,0
183014,0,0,0
320630,0,0,0
50882,0,0,0
170296,0,0,0
48688,0,0,0
12692,0,0,0
256411,0,0,0
293350,0,0,0
158519,0,0,0
367184,0,0,0
41316,0,0,0
60085,0,0,0
198366,0,0,0
286755,0,0,0
236131,0,0,0
3384,0,0,0
170633,0,0,0
101371,0,0,0
137923,0,0,0
283409,0,0,0
124285,0,0,0
263996,0,0,0
69796,0,0,0
407435,0,0,0
287649,0,0,0
48065,0,0,0
189506,0,0,0
35199,0,0,0
404184,0,0,0
337647,0,0,0
181081,0,0,0
178786,0,0,0
214662,0,0,0
199492,0,0,0
183043,0,0,0
274441,0,0,0
135718,0,0,0
217273,0,0,0
261277,0,0,0
341784,0,0,0
133128,0,0,0
31981,0,0,0
122116,0,0,0
401048,0,0,0
352941,0,0,0
59172,0,0,0
217465,0,0,0
256960,0,0,0
257170,0,0,0
98087,0,0,0
26197,0,0,0
342679,0,0,0
235386,0,0,0
177583,0,0,0
199659,0,0,0
387393,0,0,0
206623,0,0,0
267285,0,0,0
351180,0,0,0
94044,0,0,0
341247,0,0,0
411354,0,0,0
268240,0,0,0
131379,0,0,0
256821,0,0,0
207812,0,0,0
141154,0,0,0
315751,0,0,0
126056,0,0,0
83018,0,0,0
80746,0,0,0
93754,0,0,0
398840,0,0,0
277854,0,0,0
138344,0,0,0
203409,0,0,0
124174,0,0,0
278790,0,0,0
37484,0,0,0
171064,0,0,0
310259,0,0,0
239438,0,0,0
388596,0,0,0
225330,0,0,0
72078,0,0,0
370929,0,0,0
325729,0,0,0
7071,0,0,0
199706,0,0,0
41263,0,0,0
188627,0,0,0
312173,0,0,0
313338,0,0,0
179770,0,0,0
151726,0,0,0
140103,0,0,0
375511,0,0,0
30575,0,0,0
62729,0,0,0
336191,0,0,0
324677,0,0,0
106495,0,0,0
44742,0,0,0
203714,0,0,0
153214,0,0,0
205960,0,0,0
259872,0,0,0
272613,0,0,0
330943,0,0,0
325952,0,0,0
46193,0,0,0
116200,0,0,0
383759,0,0,0
92746,0,0,0
151403,0,0,0
398337,0,0,0
87092,0,0,0
287110,0,0,0
28447,0,0,0
248733,0,0,0
242476,0,0,0
121016,0,0,0
143141,0,0,0
83815,0,0,0
278386,0,0,0
343549,0,0,0
308537,0,0,0
335582,0,0,0
149792,0,0,0
341347,0,0,0
194747,0,0,0
245907,0,0,0
331322,0,0,0
349322,0,0,0
223160,0,0,0
70189,0,0,0
349704,0,0,0
259397,0,0,0
18279,0,0,0
31046,0,0,0
344066,0,0,0
279637,0,0,0
137857,0,0,0
157905,0,0,0
353412,0,0,0
285330,0,0,0
368223,0,0,0
49939,0,0,0
213990,0,0,0
34899,0,0,0
143042,0,0,0
335853,0,0,0
189970,0,0,0
222956,0,0,0
133315,0,0,0
209784,0,0,0
151150,0,0,0
281136,0,0,0
365137,0,0,0
337005,0,0,0
88567,0,0,0
67297,0,0,0
380318,0,0,0
97480,0,0,0
72801,0,0,0
230179,0,0,0
327628,0,0,0
96608,0,0,0
232279,0,0,0
215034,0,0,0
129605,0,0,0
291154,0,0,0
301537,0,0,0
115250,0,0,0
217243,0,0,0
253261,0,0,0
108153,0,0,0
205154,0,0,0
45853,0,0,0
87115,0,0,0
96548,0,0,0
144914,0,0,0
64259,0,0,0
62377,0,0,0
76870,0,0,0
254407,0,0,0
387642,0,0,0
306982,0,0,0
356842,0,0,0
393729,0,0,0
5041,0,0,0
351404,0,0,0
40163,0,0,0
169748,0,0,0
12849,0,0,0
132703,0,0,0
400015,0,0,0
114890,0,0,0
236509,0,0,0
247893,0,0,0
387030,0,0,0
289637,0,0,0
337227,0,0,0
138734,0,0,0
196823,0,0,0
118337,0,0,0
117948,0,0,0
185611,0,0,0
124495,0,0,0
358695,0,0,0
147789,0,0,0
401751,0,0,0
150851,0,0,0
33032,0,0,0
336647,0,0,0
381138,0,0,0
315052,0,0,0
261983,0,0,0
122044,0,0,0
115878,0,0,0
315308,0,0,0
263030,0,0,0
188788,0,0,0
259943,0,0,0
195507,0,0,0
65349,0,0,0
29405,0,0,0
377969,0,0,0
257061,0,0,0
131210,0,0,0
358671,0,0,0
52820,0,0,0
378973,0,0,0
365768,0,0,0
378090,0,0,0
51079,0,0,0
277159,0,0,0
47364,0,0,0
195412,0,0,0
36973,0,0,0
381578,0,0,0
250712,0,0,0
48910,0,0,0
346540,0,0,0
27413,0,0,0
273603,0,0,0
353920,0,0,0
256450,0,0,0
378489,0,0,0
401911,0,0,0
309598,0,0,0
14404,0,0,0
97343,0,0,0
340280,0,0,0
192367,0,0,0
210245,0,0,0
151448,0,0,0
351884,0,0,0
210583,0,0,0
194055,0,0,0
93756,0,0,0
271357,0,0,0
360740,0,0,0
201211,0,0,0
67223,0,0,0
320949,0,0,0
123286,0,0,0
13403,0,0,0
259790,0,0,0
263918,0,0,0
208136,0,0,0
396510,0,0,0
387265,0,0,0
278825,0,0,0
44753,0,0,0
159496,0,0,0
36373,0,0,0
65638,0,0,0
389857,0,0,0
243230,0,0,0
122617,0,0,0
112000,0,0,0
357732,0,0,0
305764,0,0,0
232242,0,0,0
226677,0,0,0
174186,0,0,0
220604,0,0,0
185526,0,0,0
87314,0,0,0
316877,0,0,0
272580,0,0,0
197457,0,0,0
330423,0,0,0
367131,0,0,0
48139,0,0,0
357309,0,0,0
120918,0,0,0
399954,0,0,0
403474,0,0,0
154788,0,0,0
397629,0,0,0
209406,0,0,0
106056,0,0,0
375742,0,0,0
142652,0,0,0
367262,0,0,0
35562,0,0,0
87625,0,0,0
411387,0,0,0
142715,0,0,0
83145,0,0,0
54909,0,0,0
131307,0,0,0
11769,0,0,0
227679,0,0,0
355160,0,0,0
349052,0,0,0
283123,0,0,0
56412,0,0,0
326057,0,0,0
113077,0,0,0
76775,0,0,0
226128,0,0,0
157019,0,0,0
103283,0,0,0
17504,0,0,0
373347,0,0,0
64538,0,0,0
355383,0,0,0
49585,0,0,0
189679,0,0,0
210694,0,0,0
226597,0,0,0
47928,0,0,0
378292,0,0,0
222079,0,0,0
125973,0,0,0
215620,0,0,0
140295,0,0,0
134988,0,0,0
322619,0,0,0
306964,0,0,0
103199,0,0,0
322253,0,0,0
143171,0,0,0
331145,0,0,0
382527,0,0,0
102844,0,0,0
157789,0,0,0
109820,0,0,0
90716,0,0,0
333959,0,0,0
55459,0,0,0
295626,0,0,0
178582,0,0,0
18144,0,0,0
299719,0,0,0
300529,0,0,0
397012,0,0,0
31334,0,0,0
214312,0,0,0
289190,0,0,0
366348,0,0,0
2678,0,0,0
311972,0,0,0
302713,0,0,0
92755,0,0,0
110021,0,0,0
111086,0,0,0
98907,0,0,0
27936,0,0,0
382701,0,0,0
279973,0,0,0
52128,0,0,0
200561,0,0,0
186413,0,0,0
202967,0,0,0
129585,0,0,0
275849,0,0,0
212087,0,0,0
332761,0,0,0
298416,0,0,0
67764,0,0,0
81260,0,0,0
35129,0,0,0
344728,0,0,0
204449,0,0,0
372773,0,0,0
240926,0,0,0
206333,0,0,0
106621,0,0,0
188434,0,0,0
289471,0,0,0
252337,0,0,0
111583,0,0,0
353501,0,0,0
383106,0,0,0
159028,0,0,0
13435,0,0,0
16245,0,0,0
281710,0,0,0
123089,0,0,0
226075,0,0,0
247280,0,0,0
136408,0,0,0
69801,0,0,0
247743,0,0,0
144337,0,0,0
188916,0,0,0
402568,0,0,0
117195,0,0,0
322754,0,0,0
216610,0,0,0
169636,0,0,0
231563,0,0,0
311307,0,0,0
344170,0,0,0
220936,0,0,0
233068,0,0,0
15458,0,0,0
189609,0,0,0
261859,0,0,0
391816,0,0,0
43141,0,0,0
330560,0,0,0
222957,0,0,0
314616,0,0,0
39656,0,0,0
136432,0,0,0
104466,0,0,0
118654,0,0,0
289614,0,0,0
410453,0,0,0
60654,0,0,0
310343,0,0,0
12149,0,0,0
260433,0,0,0
385296,0,0,0
352760,0,0,0
315491,0,0,0
290758,0,0,0
206925,0,0,0
400096,0,0,0
96942,0,0,0
335758,0,0,0
109110,0,0,0
353056,0,0,0
33242,0,0,0
233689,0,0,0
171722,0,0,0
167266,0,0,0
241391,0,0,0
171514,0,0,0
353227,0,0,0
396937,0,0,0
115324,0,0,0
25344,0,0,0
175212,0,0,0
125285,0,0,0
387503,0,0,0
280521,0,0,0
350814,0,0,0
291493,0,0,0
367217,0,0,0
147344,0,0,0
66199,0,0,0
331315,0,0,0
58885,0,0,0
309045,0,0,0
49160,0,0,0
364108,0,0,0
401487,0,0,0
156357,0,0,0
217918,0,0,0
128491,0,0,0
154240,0,0,0
19246,0,0,0
263476,0,0,0
686,0,0,0
104296,0,0,0
365921,0,0,0
287312,0,0,0
45402,0,0,0
328239,0,0,0
136398,0,0,0
133164,0,0,0
202911,0,0,0
129443,0,0,0
351456,0,0,0
51915,0,0,0
121681,0,0,0
396229,0,0,0
71998,0,0,0
71781,0,0,0
81356,0,0,0
99782,0,0,0
356586,0,0,0
353338,0,0,0
388242,0,0,0
40325,0,0,0
334292,0,0,0
321588,0,0,0
80443,0,0,0
195501,0,0,0
229197,0,0,0
155963,0,0,0
77889,0,0,0
229691,0,0,0
158808,0,0,0
234476,0,0,0
105166,0,0,0
300891,0,0,0
15940,0,0,0
188596,0,0,0
36979,0,0,0
243480,0,0,0
133105,0,0,0
255838,0,0,0
50162,0,0,0
122432,0,0,0
123775,0,0,0
411430,0,0,0
407113,0,0,0
111814,0,0,0
372259,0,0,0
339638,0,0,0
132308,0,0,0
204593,0,0,0
352829,0,0,0
228754,0,0,0
33311,0,0,0
320615,0,0,0
221961,0,0,0
52426,0,0,0
236063,0,0,0
263863,0,0,0
49992,0,0,0
56080,0,0,0
212981,0,0,0
396085,0,0,0
365756,0,0,0
137990,0,0,0
85088,0,0,0
95834,0,0,0
310616,0,0,0
46576,0,0,0
249249,0,0,0
18729,0,0,0
389079,0,0,0
310976,0,0,0
142356,0,0,0
24449,0,0,0
3205,0,0,0
197181,0,0,0
372359,0,0,0
77340,0,0,0
93677,0,0,0
36177,0,0,0
394271,0,0,0
292227,0,0,0
131194,0,0,0
374873,0,0,0
392630,0,0,0
291649,0,0,0
206505,0,0,0
21053,0,0,0
364542,0,0,0
5049,0,0,0
31383,0,0,0
265687,0,0,0
397582,0,0,0
292530,0,0,0
143840,0,0,0
229145,0,0,0
239357,0,0,0
49940,0,0,0
60419,0,0,0
383224,0,0,0
78551,0,0,0
105105,0,0,0
341604,0,0,0
407644,0,0,0
172957,0,0,0
47290,0,0,0
140586,0,0,0
202493,0,0,0
242982,0,0,0
366946,0,0,0
386040,0,0,0
39278,0,0,0
211469,0,0,0
281831,0,0,0
87204,0,0,0
176137,0,0,0
267305,0,0,0
403291,0,0,0
136882,0,0,0
281374,0,0,0
391223,0,0,0
99119,0,0,0
387637,0,0,0
3520,0,0,0
115760,0,0,0
342942,0,0,0
202986,0,0,0
160513,0,0,0
298825,0,0,0
73518,0,0,0
362866,0,0,0
131150,0,0,0
98565,0,0,0
337866,0,0,0
262568,0,0,0
33940,0,0,0
59275,0,0,0
135516,0,0,0
360861,0,0,0
60142,0,0,0
111089,0,0,0
397290,0,0,0
269204,0,0,0
72854,0,0,0
147284,0,0,0
325402,0,0,0
173499,0,0,0
107503,0,0,0
140156,0,0,0
99036,0,0,0
155489,0,0,0
227775,0,0,0
274285,0,0,0
257333,0,0,0
267154,0,0,0
397967,0,0,0
120144,0,0,0
133561,0,0,0
316875,0,0,0
325790,0,0,0
330272,0,0,0
375419,0,0,0
296051,0,0,0
168482,0,0,0
253771,0,0,0
170552,0,0,0
374857,0,0,0
308088,0,0,0
16290,0,0,0
153100,0,0,0
291761,0,0,0
10406,0,0,0
391460,0,0,0
328285,0,0,0
359638,0,0,0
173479,0,0,0
175751,0,0,0
164714,0,0,0
356478,0,0,0
90393,0,0,0
349475,0,0,0
181722,0,0,0
164294,0,0,0
98702,0,0,0
165964,0,0,0
208605,0,0,0
312888,0,0,0
332880,0,0,0
263867,0,0,0
161215,0,0,0
136110,0,0,0
96662,0,0,0
112906,0,0,0
27638,0,0,0
275901,0,0,0
233807,0,0,0
146744,0,0,0
183821,0,0,0
60170,0,0,0
219106,0,0,0
178688,0,0,0
237658,0,0,0
220518,0,0,0
8999,0,0,0
14120,0,0,0
67008,0,0,0
109092,0,0,0
203735,0,0,0
69766,0,0,0
265650,0,0,0
299396,0,0,0
70343,0,0,0
194640,0,0,0
104977,0,0,0
325554,0,0,0
184963,0,0,0
31701,0,0,0
7846,0,0,0
266545,0,0,0
142231,0,0,0
158878,0,0,0
114556,0,0,0
84934,0,0,0
284404,0,0,0
32828,0,0,0
354703,0,0,0
364957,0,0,0
286786,0,0,0
177343,0,0,0
290730,0,0,0
334299,0,0,0
407550,0,0,0
311824,0,0,0
104042,0,0,0
208006,0,0,0
4703,0,0,0
324795,0,0,0
319047,0,0,0
53701,0,0,0
123791,0,0,0
192375,0,0,0
346194,0,0,0
22816,0,0,0
361225,0,0,0
108406,0,0,0
53587,0,0,0
269614,0,0,0
55810,0,0,0
65605,0,0,0
393977,0,0,0
107303,0,0,0
176765,0,0,0
101594,0,0,0
330664,0,0,0
74365,0,0,0
10707,0,0,0
193732,0,0,0
79801,0,0,0
100292,0,0,0
15423,0,0,0
303592,0,0,0
338355,0,0,0
292574,0,0,0
58860,0,0,0
99321,0,0,0
175186,0,0,0
73338,0,0,0
90929,0,0,0
202355,0,0,0
274298,0,0,0
302959,0,0,0
324215,0,0,0
315375,0,0,0
26625,0,0,0
108684,0,0,0
127451,0,0,0
124078,0,0,0
39548,0,0,0
192733,0,0,0
293958,0,0,0
311785,0,0,0
394564,0,0,0
347140,0,0,0
123088,0,0,0
330691,0,0,0
290132,0,0,0
320232,0,0,0
386236,0,0,0
367903,0,0,0
330295,0,0,0
61608,0,0,0
280205,0,0,0
219225,0,0,0
35214,0,0,0
207011,0,0,0
377894,0,0,0
374224,0,0,0
131335,0,0,0
75472,0,0,0
349615,0,0,0
44474,0,0,0
20883,0,0,0
147005,0,0,0
112158,0,0,0
975,0,0,0
145313,0,0,0
351727,0,0,0
3566,0,0,0
47566,0,0,0
231441,0,0,0
310304,0,0,0
96134,0,0,0
278652,0,0,0
50471,0,0,0
337247,0,0,0
115537,0,0,0
107622,0,0,0
31751,0,0,0
41299,0,0,0
82012,0,0,0
178364,0,0,0
57279,0,0,0
151357,0,0,0
112920,0,0,0
208252,0,0,0
285834,0,0,0
40234,0,0,0
335373,0,0,0
12447,0,0,0
201388,0,0,0
168156,0,0,0
279839,0,0,0
299104,0,0,0
379742,0,0,0
174291,0,0,0
146512,0,0,0
357150,0,0,0
112538,0,0,0
251662,0,0,0
219430,0,0,0
113736,0,0,0
81547,0,0,0
7231,0,0,0
227350,0,0,0
55167,0,0,0
170021,0,0,0
282367,0,0,0
270463,0,0,0
224036,0,0,0
85956,0,0,0
20329,0,0,0
345884,0,0,0
325512,0,0,0
155929,0,0,0
22969,0,0,0
186840,0,0,0
334802,0,0,0
169645,0,0,0
384944,0,0,0
257476,0,0,0
216888,0,0,0
140199,0,0,0
116513,0,0,0
139620,0,0,0
116153,0,0,0
410205,0,0,0
276507,0,0,0
47480,0,0,0
89207,0,0,0
65109,0,0,0
35277,0,0,0
272565,0,0,0
192928,0,0,0
28606,0,0,0
267814,0,0,0
394392,0,0,0
68515,0,0,0
309442,0,0,0
251562,0,0,0
105126,0,0,0
132994,0,0,0
46842,0,0,0
332045,0,0,0
399915,0,0,0
23154,0,0,0
206044,0,0,0
219799,0,0,0
105446,0,0,0
26298,0,0,0
176178,0,0,0
322398,0,0,0
104915,0,0,0
211162,0,0,0
80427,0,0,0
43522,0,0,0
70556,0,0,0
20035,0,0,0
181879,0,0,0
103446,0,0,0
251519,0,0,0
2112,0,0,0
106826,0,0,0
116826,0,0,0
204234,0,0,0
55581,0,0,0
115217,0,0,0
158087,0,0,0
39394,0,0,0
212298,0,0,0
238065,0,0,0
103545,0,0,0
238631,0,0,0
165127,0,0,0
233856,0,0,0
202264,0,0,0
43938,0,0,0
67265,0,0,0
102407,0,0,0
385628,0,0,0
84037,0,0,0
301236,0,0,0
346365,0,0,0
358299,0,0,0
297301,0,0,0
41611,0,0,0
153851,0,0,0
248829,0,0,0
203606,0,0,0
236927,0,0,0
221138,0,0,0
7935,0,0,0
196937,0,0,0
197725,0,0,0
98585,0,0,0
204561,0,0,0
252951,0,0,0
190036,0,0,0
170990,0,0,0
126099,0,0,0
38317,0,0,0
80372,0,0,0
3592,0,0,0
75145,0,0,0
188412,0,0,0
251490,0,0,0
173330,0,0,0
333611,0,0,0
381598,0,0,0
30117,0,0,0
303119,0,0,0
188483,0,0,0
153774,0,0,0
29630,0,0,0
400585,0,0,0
155115,0,0,0
163368,0,0,0
241812,0,0,0
249958,0,0,0
347680,0,0,0
290630,0,0,0
300163,0,0,0
102743,0,0,0
193185,0,0,0
228450,0,0,0
179353,0,0,0
234368,0,0,0
352784,0,0,0
35919,0,0,0
275044,0,0,0
93229,0,0,0
101353,0,0,0
208550,0,0,0
399737,0,0,0
190026,0,0,0
348996,0,0,0
97015,0,0,0
206799,0,0,0
277712,0,0,0
112811,0,0,0
405400,0,0,0
79565,0,0,0
367741,0,0,0
37746,0,0,0
318175,0,0,0
365419,0,0,0
113783,0,0,0
113143,0,0,0
391187,0,0,0
160017,0,0,0
185140,0,0,0
314023,0,0,0
46741,0,0,0
387550,0,0,0
244193,0,0,0
259973,0,0,0
6402,0,0,0
406975,0,0,0
406836,0,0,0
7710,0,0,0
107757,0,0,0
289872,0,0,0
272934,0,0,0
329023,0,0,0
356385,0,0,0
127057,0,0,0
356785,0,0,0
296302,0,0,0
352475,0,0,0
381633,0,0,0
84017,0,0,0
328061,0,0,0
313490,0,0,0
120662,0,0,0
23498,0,0,0
85146,0,0,0
304337,0,0,0
352819,0,0,0
272146,0,0,0
264686,0,0,0
394822,0,0,0
161810,0,0,0
158660,0,0,0
402956,0,0,0
14575,0,0,0
145610,0,0,0
210798,0,0,0
282564,0,0,0
218476,0,0,0
262794,0,0,0
132869,0,0,0
108296,0,0,0
48319,0,0,0
77002,0,0,0
72352,0,0,0
150989,0,0,0
224766,0,0,0
296537,0,0,0
173423,0,0,0
379313,0,0,0
93030,0,0,0
34497,0,0,0
83870,0,0,0
330688,0,0,0
22659,0,0,0
383234,0,0,0
356898,0,0,0
391444,0,0,0
92409,0,0,0
208791,0,0,0
406513,0,0,0
298878,0,0,0
187798,0,0,0
396974,0,0,0
68238,0,0,0
378121,0,0,0
342859,0,0,0
31248,0,0,0
314019,0,0,0
12996,0,0,0
12601,0,0,0
197389,0,0,0
135115,0,0,0
377841,0,0,0
361244,0,0,0
233336,0,0,0
187119,0,0,0
220881,0,0,0
299635,0,0,0
158409,0,0,0
246538,0,0,0
42905,0,0,0
546,0,0,0
280649,0,0,0
50501,0,0,0
195517,0,0,0
1827,0,0,0
330082,0,0,0
43842,0,0,0
68732,0,0,0
99766,0,0,0
231376,0,0,0
135517,0,0,0
271018,0,0,0
195407,0,0,0
277358,0,0,0
320292,0,0,0
129571,0,0,0
326595,0,0,0
113517,0,0,0
386615,0,0,0
60611,0,0,0
309201,0,0,0
58765,0,0,0
352459,0,0,0
406224,0,0,0
183926,0,0,0
142299,0,0,0
109712,0,0,0
153785,0,0,0
245402,0,0,0
228451,0,0,0
70267,0,0,0
28594,0,0,0
205488,0,0,0
318044,0,0,0
118699,0,0,0
24003,0,0,0
155179,0,0,0
197361,0,0,0
165751,0,0,0
140059,0,0,0
190645,0,0,0
170360,0,0,0
280633,0,0,0
198489,0,0,0
336589,0,0,0
188217,0,0,0
343783,0,0,0
353627,0,0,0
289151,0,0,0
238154,0,0,0
99140,0,0,0
129872,0,0,0
214138,0,0,0
398494,0,0,0
289531,0,0,0
145949,0,0,0
14116,0,0,0
257131,0,0,0
386268,0,0,0
192148,0,0,0
242485,0,0,0
363908,0,0,0
391396,0,0,0
238715,0,0,0
326013,0,0,0
16630,0,0,0
259059,0,0,0
219932,0,0,0
277870,0,0,0
84436,0,0,0
286421,0,0,0
181741,0,0,0
170300,0,0,0
282235,0,0,0
300827,0,0,0
51418,0,0,0
143850,0,0,0
39142,0,0,0
408054,0,0,0
200771,0,0,0
364779,0,0,0
78932,0,0,0
307666,0,0,0
291475,0,0,0
43666,0,0,0
195799,0,0,0
353674,0,0,0
7098,0,0,0
98090,0,0,0
120426,0,0,0
379100,0,0,0
68051,0,0,0
286878,0,0,0
145650,0,0,0
224697,0,0,0
243815,0,0,0
111267,0,0,0
367788,0,0,0
325278,0,0,0
288464,0,0,0
180815,0,0,0
268098,0,0,0
109691,0,0,0
402253,0,0,0
220720,0,0,0
107312,0,0,0
376538,0,0,0
20594,0,0,0
226684,0,0,0
274392,0,0,0
296589,0,0,0
328471,0,0,0
326450,0,0,0
409649,0,0,0
213088,0,0,0
122220,0,0,0
54500,0,0,0
183621,0,0,0
226715,0,0,0
392613,0,0,0
326596,0,0,0
186554,0,0,0
156229,0,0,0
166888,0,0,0
12406,0,0,0
22586,0,0,0
170622,0,0,0
283112,0,0,0
278095,0,0,0
270515,0,0,0
181586,0,0,0
398251,0,0,0
57532,0,0,0
394943,0,0,0
308113,0,0,0
30803,0,0,0
23463,0,0,0
334761,0,0,0
149825,0,0,0
175893,0,0,0
211870,0,0,0
304148,0,0,0
145188,0,0,0
104199,0,0,0
176430,0,0,0
200747,0,0,0
45485,0,0,0
250887,0,0,0
404916,0,0,0
264781,0,0,0
337412,0,0,0
285235,0,0,0
345882,0,0,0
323110,0,0,0
253433,0,0,0
359020,0,0,0
142083,0,0,0
223145,0,0,0
295730,0,0,0
189821,0,0,0
155221,0,0,0
254363,0,0,0
26120,0,0,0
131894,0,0,0
409730,0,0,0
103219,0,0,0
349961,0,0,0
112240,0,0,0
212641,0,0,0
131093,0,0,0
284609,0,0,0
51285,0,0,0
48878,0,0,0
383221,0,0,0
365579,0,0,0
190560,0,0,0
357068,0,0,0
169873,0,0,0
18928,0,0,0
249684,0,0,0
254704,0,0,0
273213,0,0,0
139196,0,0,0
254753,0,0,0
273968,0,0,0
352676,0,0,0
167059,0,0,0
36098,0,0,0
335350,0,0,0
369277,0,0,0
78169,0,0,0
27470,0,0,0
296513,0,0,0
66403,0,0,0
199118,0,0,0
62950,0,0,0
53066,0,0,0
20713,0,0,0
89913,0,0,0
324765,0,0,0
337137,0,0,0
409476,0,0,0
256959,0,0,0
347272,0,0,0
348373,0,0,0
127426,0,0,0
185612,0,0,0
386183,0,0,0
272029,0,0,0
122578,0,0,0
149782,0,0,0
204876,0,0,0
401638,0,0,0
388402,0,0,0
256904,0,0,0
112978,0,0,0
235212,0,0,0
59885,0,0,0
829,0,0,0
240426,0,0,0
200854,0,0,0
226603,0,0,0
38148,0,0,0
32178,0,0,0
121682,0,0,0
66365,0,0,0
196180,0,0,0
49059,0,0,0
156173,0,0,0
315231,0,0,0
396910,0,0,0
236810,0,0,0
405296,0,0,0
266633,0,0,0
94737,0,0,0
353463,0,0,0
30275,0,0,0
378366,0,0,0
198055,0,0,0
342712,0,0,0
92321,0,0,0
98388,0,0,0
188885,0,0,0
57522,0,0,0
32286,0,0,0
234499,0,0,0
8617,0,0,0
327749,0,0,0
315035,0,0,0
23829,0,0,0
208655,0,0,0
154321,0,0,0
292616,0,0,0
271562,0,0,0
380321,0,0,0
368688,0,0,0
279617,0,0,0
53295,0,0,0
243389,0,0,0
102029,0,0,0
237991,0,0,0
221038,0,0,0
52608,0,0,0
240335,0,0,0
373237,0,0,0
357297,0,0,0
392362,0,0,0
172277,0,0,0
52033,0,0,0
199591,0,0,0
282884,0,0,0
242076,0,0,0
194131,0,0,0
399052,0,0,0
126026,0,0,0
77327,0,0,0
270305,0,0,0
206791,0,0,0
326825,0,0,0
145891,0,0,0
41881,0,0,0
341267,0,0,0
181635,0,0,0
173689,0,0,0
364929,0,0,0
101885,0,0,0
338301,0,0,0
380070,0,0,0
263179,0,0,0
266888,0,0,0
405921,0,0,0
192135,0,0,0
125162,0,0,0
187567,0,0,0
362528,0,0,0
373424,0,0,0
209828,0,0,0
314641,0,0,0
169661,0,0,0
156618,0,0,0
16184,0,0,0
41954,0,0,0
45198,0,0,0
350098,0,0,0
63502,0,0,0
291625,0,0,0
338467,0,0,0
160497,0,0,0
9496,0,0,0
196767,0,0,0
183595,0,0,0
333391,0,0,0
74254,0,0,0
300608,0,0,0
114248,0,0,0
380956,0,0,0
265530,0,0,0
273221,0,0,0
214467,0,0,0
280970,0,0,0
10429,0,0,0
391949,0,0,0
155319,0,0,0
319307,0,0,0
177624,0,0,0
373258,0,0,0
149305,0,0,0
56834,0,0,0
253226,0,0,0
236789,0,0,0
71491,0,0,0
277386,0,0,0
389851,0,0,0
214532,0,0,0
248543,0,0,0
64970,0,0,0
77320,0,0,0
37450,0,0,0
237743,0,0,0
311081,0,0,0
15933,0,0,0
411216,0,0,0
81972,0,0,0
97025,0,0,0
95681,0,0,0
134535,0,0,0
306500,0,0,0
294127,0,0,0
241458,0,0,0
244490,0,0,0
252595,0,0,0
121212,0,0,0
3352,0,0,0
194608,0,0,0
240993,0,0,0
48305,0,0,0
134009,0,0,0
4331,0,0,0
210689,0,0,0
14109,0,0,0
197288,0,0,0
56571,0,0,0
205808,0,0,0
343753,0,0,0
275467,0,0,0
48864,0,0,0
321388,0,0,0
64223,0,0,0
200617,0,0,0
89033,0,0,0
123332,0,0,0
179753,0,0,0
132561,0,0,0
59098,0,0,0
15738,0,0,0
354932,0,0,0
326561,0,0,0
231943,0,0,0
112980,0,0,0
97389,0,0,0
337650,0,0,0
257822,0,0,0
318070,0,0,0
380809,0,0,0
292522,0,0,0
28411,0,0,0
105478,0,0,0
360831,0,0,0
309094,0,0,0
75858,0,0,0
368374,0,0,0
174353,0,0,0
130418,0,0,0
50042,0,0,0
392689,0,0,0
408549,0,0,0
362909,0,0,0
191134,0,0,0
57297,0,0,0
119023,0,0,0
111102,0,0,0
375975,0,0,0
72959,0,0,0
397734,0,0,0
264749,0,0,0
157057,0,0,0
314665,0,0,0
32284,0,0,0
10945,0,0,0
151919,0,0,0
59165,0,0,0
315514,0,0,0
105968,0,0,0
219557,0,0,0
69840,0,0,0
17795,0,0,0
245699,0,0,0
202441,0,0,0
297202,0,0,0
137817,0,0,0
275636,0,0,0
256613,0,0,0
195222,0,0,0
208940,0,0,0
207561,0,0,0
101573,0,0,0
60004,0,0,0
72642,0,0,0
247299,0,0,0
20049,0,0,0
234506,0,0,0
7978,0,0,0
202190,0,0,0
242284,0,0,0
183194,0,0,0
368634,0,0,0
313409,0,0,0
380175,0,0,0
330456,0,0,0
150850,0,0,0
142274,0,0,0
364357,0,0,0
201258,0,0,0
162495,0,0,0
312963,0,0,0
327688,0,0,0
391306,0,0,0
379385,0,0,0
123632,0,0,0
9895,0,0,0
270967,0,0,0
391532,0,0,0
61302,0,0,0
272265,0,0,0
380744,0,0,0
57212,0,0,0
215835,0,0,0
263075,0,0,0
76625,0,0,0
15967,0,0,0
354967,0,0,0
366711,0,0,0
1793,0,0,0
297067,0,0,0
266927,0,0,0
231979,0,0,0
350171,0,0,0
405616,0,0,0
394860,0,0,0
31382,0,0,0
194147,0,0,0
63472,0,0,0
326092,0,0,0
50592,0,0,0
111075,0,0,0
81283,0,0,0
156896,0,0,0
381032,0,0,0
120978,0,0,0
335956,0,0,0
311375,0,0,0
120403,0,0,0
309726,0,0,0
374211,0,0,0
71376,0,0,0
187652,0,0,0
385574,0,0,0
197266,0,0,0
161968,0,0,0
379433,0,0,0
349435,0,0,0
407876,0,0,0
263998,0,0,0
377646,0,0,0
28537,0,0,0
73027,0,0,0
36936,0,0,0
409223,0,0,0
402979,0,0,0
84494,0,0,0
140090,0,0,0
23640,0,0,0
177858,0,0,0
228038,0,0,0
226671,0,0,0
130314,0,0,0
226266,0,0,0
156790,0,0,0
338860,0,0,0
305926,0,0,0
303501,0,0,0
313589,0,0,0
279492,0,0,0
35628,0,0,0
323957,0,0,0
288000,0,0,0
14950,0,0,0
285899,0,0,0
301249,0,0,0
350089,0,0,0
143783,0,0,0
329587,0,0,0
304931,0,0,0
265206,0,0,0
94827,0,0,0
147824,0,0,0
130914,0,0,0
247432,0,0,0
377363,0,0,0
111100,0,0,0
219714,0,0,0
107042,0,0,0
326207,0,0,0
139615,0,0,0
127322,0,0,0
13468,0,0,0
6908,0,0,0
21562,0,0,0
401681,0,0,0
309331,0,0,0
49422,0,0,0
321516,0,0,0
228112,0,0,0
229403,0,0,0
262772,0,0,0
361413,0,0,0
387292,0,0,0
67901,0,0,0
320227,0,0,0
90061,0,0,0
182063,0,0,0
375592,0,0,0
155898,0,0,0
379069,0,0,0
21399,0,0,0
245337,0,0,0
225239,0,0,0
33819,0,0,0
177299,0,0,0
83800,0,0,0
131361,0,0,0
139700,0,0,0
7708,0,0,0
354948,0,0,0
294098,0,0,0
71811,0,0,0
48165,0,0,0
173452,0,0,0
341484,0,0,0
121643,0,0,0
385257,0,0,0
198098,0,0,0
266001,0,0,0
153395,0,0,0
32066,0,0,0
279480,0,0,0
66914,0,0,0
88665,0,0,0
151521,0,0,0
267222,0,0,0
266987,0,0,0
382824,0,0,0
39397,0,0,0
264729,0,0,0
255092,0,0,0
219392,0,0,0
7970,0,0,0
181313,0,0,0
327502,0,0,0
92784,0,0,0
332839,0,0,0
235041,0,0,0
96025,0,0,0
212531,0,0,0
24795,0,0,0
196577,0,0,0
83785,0,0,0
123820,0,0,0
16583,0,0,0
12209,0,0,0
44973,0,0,0
297448,0,0,0
155775,0,0,0
206696,0,0,0
111458,0,0,0
182354,0,0,0
153430,0,0,0
110985,0,0,0
372538,0,0,0
188192,0,0,0
83385,0,0,0
358548,0,0,0
238961,0,0,0
358930,0,0,0
49717,0,0,0
156154,0,0,0
116325,0,0,0
342069,0,0,0
63902,0,0,0
248291,0,0,0
226079,0,0,0
404617,0,0,0
30245,0,0,0
404498,0,0,0
16231,0,0,0
301423,0,0,0
257561,0,0,0
237191,0,0,0
321881,0,0,0
343744,0,0,0
1992,0,0,0
204491,0,0,0
375255,0,0,0
132384,0,0,0
43557,0,0,0
309478,0,0,0
397033,0,0,0
5718,0,0,0
138480,0,0,0
263747,0,0,0
62495,0,0,0
228414,0,0,0
89530,0,0,0
119864,0,0,0
267727,0,0,0
303608,0,0,0
69473,0,0,0
355374,0,0,0
165641,0,0,0
219174,0,0,0
272814,0,0,0
403035,0,0,0
199269,0,0,0
104127,0,0,0
314022,0,0,0
177527,0,0,0
379491,0,0,0
16901,0,0,0
111743,0,0,0
275679,0,0,0
232524,0,0,0
193273,0,0,0
228947,0,0,0
129566,0,0,0
112214,0,0,0
132822,0,0,0
166564,0,0,0
178343,0,0,0
183514,0,0,0
350365,0,0,0
297531,0,0,0
168306,0,0,0
71955,0,0,0
144485,0,0,0
203266,0,0,0
209767,0,0,0
130887,0,0,0
334034,0,0,0
178662,0,0,0
168704,0,0,0
6122,0,0,0
76176,0,0,0
229647,0,0,0
57578,0,0,0
196052,0,0,0
286876,0,0,0
271300,0,0,0
404287,0,0,0
243079,0,0,0
233633,0,0,0
155975,0,0,0
7401,0,0,0
62971,0,0,0
133216,0,0,0
256213,0,0,0
57444,0,0,0
136242,0,0,0
80458,0,0,0
239812,0,0,0
337972,0,0,0
108898,0,0,0
144614,0,0,0
107308,0,0,0
345070,0,0,0
59969,0,0,0
257784,0,0,0
223818,0,0,0
80666,0,0,0
347254,0,0,0
101714,0,0,0
195422,0,0,0
176632,0,0,0
33504,0,0,0
106570,0,0,0
26061,0,0,0
8146,0,0,0
122307,0,0,0
136573,0,0,0
408402,0,0,0
369071,0,0,0
309631,0,0,0
244068,0,0,0
84159,0,0,0
95343,0,0,0
353946,0,0,0
209142,0,0,0
163815,0,0,0
310311,0,0,0
127350,0,0,0
246201,0,0,0
308278,0,0,0
41852,0,0,0
25592,0,0,0
23359,0,0,0
341797,0,0,0
171042,0,0,0
180170,0,0,0
43339,0,0,0
151169,0,0,0
318824,0,0,0
202920,0,0,0
356296,0,0,0
61243,0,0,0
97098,0,0,0
269080,0,0,0
227484,0,0,0
232115,0,0,0
206699,0,0,0
1974,0,0,0
8915,0,0,0
110264,0,0,0
408742,0,0,0
191693,0,0,0
229882,0,0,0
49079,0,0,0
259590,0,0,0
247021,0,0,0
392092,0,0,0
43296,0,0,0
298282,0,0,0
360349,0,0,0
13743,0,0,0
404297,0,0,0
190811,0,0,0
257206,0,0,0
101653,0,0,0
407968,0,0,0
66085,0,0,0
278831,0,0,0
205327,0,0,0
172257,0,0,0
283027,0,0,0
246892,0,0,0
209078,0,0,0
372749,0,0,0
157491,0,0,0
346448,0,0,0
215460,0,0,0
208683,0,0,0
212400,0,0,0
192429,0,0,0
180961,0,0,0
202367,0,0,0
75100,0,0,0
57937,0,0,0
109951,0,0,0
142055,0,0,0
80554,0,0,0
235732,0,0,0
349847,0,0,0
407638,0,0,0
157701,0,0,0
302520,0,0,0
342250,0,0,0
310529,0,0,0
188419,0,0,0
338841,0,0,0
163566,0,0,0
112413,0,0,0
245661,0,0,0
144438,0,0,0
291979,0,0,0
29763,0,0,0
130133,0,0,0
122075,0,0,0
11960,0,0,0
84719,0,0,0
335294,0,0,0
62785,0,0,0
71350,0,0,0
351475,0,0,0
72161,0,0,0
46810,0,0,0
335768,0,0,0
272440,0,0,0
356702,0,0,0
226926,0,0,0
55126,0,0,0
268132,0,0,0
170339,0,0,0
267695,0,0,0
406632,0,0,0
397523,0,0,0
407492,0,0,0
41565,0,0,0
24842,0,0,0
78678,0,0,0
310591,0,0,0
382671,0,0,0
178241,0,0,0
172828,0,0,0
276057,0,0,0
108736,0,0,0
393568,0,0,0
399894,0,0,0
4812,0,0,0
299936,0,0,0
11579,0,0,0
119907,0,0,0
376604,0,0,0
280868,0,0,0
168222,0,0,0
54834,0,0,0
254090,0,0,0
293472,0,0,0
84733,0,0,0
233884,0,0,0
14863,0,0,0
347401,0,0,0
330833,0,0,0
314206,0,0,0
339149,0,0,0
124135,0,0,0
25147,0,0,0
59010,0,0,0
242050,0,0,0
108102,0,0,0
374406,0,0,0
112644,0,0,0
101533,0,0,0
360085,0,0,0
70324,0,0,0
18604,0,0,0
38991,0,0,0
261507,0,0,0
35918,0,0,0
186786,0,0,0
78814,0,0,0
323364,0,0,0
148548,0,0,0
78855,0,0,0
80117,0,0,0
239587,0,0,0
146786,0,0,0
377940,0,0,0
376495,0,0,0
89619,0,0,0
233128,0,0,0
70666,0,0,0
150247,0,0,0
367793,0,0,0
227161,0,0,0
247572,0,0,0
159856,0,0,0
226914,0,0,0
273471,0,0,0
105671,0,0,0
57549,0,0,0
401200,0,0,0
398549,0,0,0
373505,0,0,0
179976,0,0,0
15163,0,0,0
196466,0,0,0
335657,0,0,0
186147,0,0,0
299013,0,0,0
9659,0,0,0
188950,0,0,0
80887,0,0,0
77965,0,0,0
213606,0,0,0
295023,0,0,0
150033,0,0,0
77885,0,0,0
55929,0,0,0
350540,0,0,0
296148,0,0,0
397943,0,0,0
55047,0,0,0
394220,0,0,0
287518,0,0,0
85305,0,0,0
138968,0,0,0
171217,0,0,0
397467,0,0,0
400950,0,0,0
217397,0,0,0
19142,0,0,0
314816,0,0,0
329846,0,0,0
121336,0,0,0
278815,0,0,0
38238,0,0,0
257620,0,0,0
243939,0,0,0
108273,0,0,0
328132,0,0,0
291837,0,0,0
244715,0,0,0
180803,0,0,0
88269,0,0,0
189296,0,0,0
302503,0,0,0
54915,0,0,0
136433,0,0,0
33542,0,0,0
103563,0,0,0
222237,0,0,0
295131,0,0,0
213456,0,0,0
44522,0,0,0
213106,0,0,0
265303,0,0,0
159201,0,0,0
118864,0,0,0
369786,0,0,0
90365,0,0,0
351709,0,0,0
274649,0,0,0
209764,0,0,0
30195,0,0,0
341316,0,0,0
71411,0,0,0
321278,0,0,0
261278,0,0,0
62604,0,0,0
347664,0,0,0
380049,0,0,0
64028,0,0,0
156897,0,0,0
344336,0,0,0
116052,0,0,0
273332,0,0,0
44159,0,0,0
352962,0,0,0
30934,0,0,0
348755,0,0,0
87523,0,0,0
205053,0,0,0
197438,0,0,0
359268,0,0,0
309625,0,0,0
127655,0,0,0
26194,0,0,0
110104,0,0,0
398796,0,0,0
267694,0,0,0
318128,0,0,0
166457,0,0,0
242975,0,0,0
286665,0,0,0
116481,0,0,0
135832,0,0,0
224373,0,0,0
378383,0,0,0
33207,0,0,0
16628,0,0,0
321559,0,0,0
223115,0,0,0
254582,0,0,0
79518,0,0,0
298911,0,0,0
96841,0,0,0
279366,0,0,0
190001,0,0,0
230480,0,0,0
81067,0,0,0
379815,0,0,0
359426,0,0,0
176542,0,0,0
338553,0,0,0
344919,0,0,0
297504,0,0,0
206973,0,0,0
368985,0,0,0
411280,0,0,0
297426,0,0,0
98278,0,0,0
127169,0,0,0
368277,0,0,0
200600,0,0,0
205419,0,0,0
370296,0,0,0
25822,0,0,0
33721,0,0,0
302349,0,0,0
65439,0,0,0
341196,0,0,0
398062,0,0,0
37591,0,0,0
357473,0,0,0
179926,0,0,0
232758,0,0,0
312718,0,0,0
355799,0,0,0
197398,0,0,0
214487,0,0,0
334552,0,0,0
391017,0,0,0
176623,0,0,0
182105,0,0,0
289439,0,0,0
300588,0,0,0
357138,0,0,0
323037,0,0,0
141891,0,0,0
349934,0,0,0
15135,0,0,0
227063,0,0,0
36222,0,0,0
24002,0,0,0
162115,0,0,0
290999,0,0,0
233483,0,0,0
109143,0,0,0
411177,0,0,0
174992,0,0,0
24107,0,0,0
168735,0,0,0
114702,0,0,0
286970,0,0,0
33529,0,0,0
250410,0,0,0
135157,0,0,0
47182,0,0,0
356388,0,0,0
127455,0,0,0
184776,0,0,0
233568,0,0,0
47790,0,0,0
389774,0,0,0
83118,0,0,0
52396,0,0,0
75299,0,0,0
287655,0,0,0
123662,0,0,0
95716,0,0,0
135124,0,0,0
43301,0,0,0
10301,0,0,0
281983,0,0,0
352722,0,0,0
330234,0,0,0
7120,0,0,0
334870,0,0,0
131003,0,0,0
87097,0,0,0
274208,0,0,0
1378,0,0,0
222629,0,0,0
331125,0,0,0
159052,0,0,0
67513,0,0,0
239389,0,0,0
45625,0,0,0
298432,0,0,0
254230,0,0,0
279719,0,0,0
142653,0,0,0
66537,0,0,0
29599,0,0,0
399621,0,0,0
30092,0,0,0
147578,0,0,0
36243,0,0,0
65284,0,0,0
304706,0,0,0
365037,0,0,0
299165,0,0,0
275869,0,0,0
18507,0,0,0
139208,0,0,0
152671,0,0,0
322000,0,0,0
72627,0,0,0
235027,0,0,0
191121,0,0,0
116688,0,0,0
188310,0,0,0
103381,0,0,0
95038,0,0,0
217814,0,0,0
32459,0,0,0
407815,0,0,0
234026,0,0,0
168904,0,0,0
48404,0,0,0
332129,0,0,0
290044,0,0,0
110178,0,0,0
221833,0,0,0
288429,0,0,0
93031,0,0,0
245217,0,0,0
313869,0,0,0
299784,0,0,0
159706,0,0,0
112591,0,0,0
153097,0,0,0
27036,0,0,0
83672,0,0,0
42487,0,0,0
991,0,0,0
314325,0,0,0
233207,0,0,0
199146,0,0,0
229344,0,0,0
92776,0,0,0
299538,0,0,0
364892,0,0,0
61900,0,0,0
275243,0,0,0
230132,0,0,0
112759,0,0,0
273365,0,0,0
401458,0,0,0
298260,0,0,0
147053,0,0,0
49954,0,0,0
372306,0,0,0
366614,0,0,0
169551,0,0,0
241945,0,0,0
232173,0,0,0
129533,0,0,0
292354,0,0,0
300476,0,0,0
312607,0,0,0
315289,0,0,0
11151,0,0,0
244798,0,0,0
1684,0,0,0
317350,0,0,0
335376,0,0,0
251508,0,0,0
354604,0,0,0
89254,0,0,0
291796,0,0,0
22310,0,0,0
197891,0,0,0
399909,0,0,0
259715,0,0,0
373232,0,0,0
9594,0,0,0
150014,0,0,0
339766,0,0,0
249933,0,0,0
92708,0,0,0
164361,0,0,0
155137,0,0,0
8049,0,0,0
115082,0,0,0
77409,0,0,0
115080,0,0,0
187080,0,0,0
116657,0,0,0
79522,0,0,0
216376,0,0,0
273675,0,0,0
190789,0,0,0
166366,0,0,0
174236,0,0,0
149719,0,0,0
178792,0,0,0
153166,0,0,0
68314,0,0,0
45882,0,0,0
176722,0,0,0
107504,0,0,0
295952,0,0,0
138190,0,0,0
251972,0,0,0
21293,0,0,0
22376,0,0,0
108202,0,0,0
302,0,0,0
290719,0,0,0
2624,0,0,0
325312,0,0,0
115683,0,0,0
359534,0,0,0
14913,0,0,0
10394,0,0,0
266956,0,0,0
337051,0,0,0
21022,0,0,0
231984,0,0,0
187437,0,0,0
45443,0,0,0
363852,0,0,0
101792,0,0,0
306241,0,0,0
74861,0,0,0
248697,0,0,0
78747,0,0,0
275591,0,0,0
14993,0,0,0
114300,0,0,0
361192,0,0,0
333834,0,0,0
201479,0,0,0
56726,0,0,0
232529,0,0,0
109500,0,0,0
407850,0,0,0
142721,0,0,0
333062,0,0,0
182928,0,0,0
12185,0,0,0
119862,0,0,0
64676,0,0,0
152394,0,0,0
36133,0,0,0
21164,0,0,0
257751,0,0,0
277207,0,0,0
378314,0,0,0
57990,0,0,0
162716,0,0,0
117912,0,0,0
325317,0,0,0
116444,0,0,0
68247,0,0,0
370334,0,0,0
308139,0,0,0
128252,0,0,0
211961,0,0,0
295488,0,0,0
410318,0,0,0
166714,0,0,0
389310,0,0,0
142814,0,0,0
138993,0,0,0
266615,0,0,0
378333,0,0,0
189230,0,0,0
241096,0,0,0
300383,0,0,0
181291,0,0,0
335937,0,0,0
27459,0,0,0
65144,0,0,0
145241,0,0,0
140372,0,0,0
281837,0,0,0
251809,0,0,0
22185,0,0,0
286764,0,0,0
391400,0,0,0
335095,0,0,0
195914,0,0,0
390059,0,0,0
230889,0,0,0
248106,0,0,0
149440,0,0,0
351575,0,0,0
390350,0,0,0
264930,0,0,0
337673,0,0,0
252945,0,0,0
403360,0,0,0
231896,0,0,0
99041,0,0,0
194171,0,0,0
166807,0,0,0
140901,0,0,0
25920,0,0,0
87618,0,0,0
191220,0,0,0
2968,0,0,0
21854,0,0,0
30066,0,0,0
133727,0,0,0
154797,0,0,0
317162,0,0,0
131253,0,0,0
278747,0,0,0
264439,0,0,0
309128,0,0,0
51271,0,0,0
164333,0,0,0
178830,0,0,0
104647,0,0,0
247535,0,0,0
269046,0,0,0
383289,0,0,0
98551,0,0,0
51011,0,0,0
139867,0,0,0
69339,0,0,0
352396,0,0,0
251052,0,0,0
403468,0,0,0
214088,0,0,0
268675,0,0,0
93925,0,0,0
133262,0,0,0
285411,0,0,0
134706,0,0,0
137063,0,0,0
219690,0,0,0
357429,0,0,0
391872,0,0,0
113330,0,0,0
245617,0,0,0
1991,0,0,0
268933,0,0,0
391599,0,0,0
68312,0,0,0
194452,0,0,0
237414,0,0,0
25788,0,0,0
377661,0,0,0
278698,0,0,0
242252,0,0,0
349091,0,0,0
385984,0,0,0
284319,0,0,0
268011,0,0,0
51336,0,0,0
406772,0,0,0
335266,0,0,0
386119,0,0,0
3947,0,0,0
182207,0,0,0
357886,0,0,0
20874,0,0,0
231334,0,0,0
153365,0,0,0
250197,0,0,0
400172,0,0,0
204813,0,0,0
154557,0,0,0
181858,0,0,0
336684,0,0,0
355319,0,0,0
253013,0,0,0
112844,0,0,0
258114,0,0,0
240151,0,0,0
142323,0,0,0
363195,0,0,0
300693,0,0,0
365531,0,0,0
117681,0,0,0
182994,0,0,0
163875,0,0,0
143497,0,0,0
398839,0,0,0
161606,0,0,0
192725,0,0,0
198378,0,0,0
235887,0,0,0
309046,0,0,0
29968,0,0,0
58397,0,0,0
148084,0,0,0
390520,0,0,0
218363,0,0,0
26178,0,0,0
72964,0,0,0
177975,0,0,0
14538,0,0,0
97018,0,0,0
236990,0,0,0
300749,0,0,0
190076,0,0,0
194707,0,0,0
298545,0,0,0
128931,0,0,0
284356,0,0,0
167863,0,0,0
11079,0,0,0
63932,0,0,0
173826,0,0,0
370392,0,0,0
315039,0,0,0
31687,0,0,0
339040,0,0,0
117415,0,0,0
335877,0,0,0
408758,0,0,0
267069,0,0,0
148836,0,0,0
217624,0,0,0
50994,0,0,0
6947,0,0,0
331816,0,0,0
302935,0,0,0
176072,0,0,0
28485,0,0,0
257388,0,0,0
237417,0,0,0
308398,0,0,0
8170,0,0,0
254650,0,0,0
245787,0,0,0
12746,0,0,0
295777,0,0,0
302387,0,0,0
375293,0,0,0
73037,0,0,0
147764,0,0,0
248955,0,0,0
160561,0,0,0
165686,0,0,0
287127,0,0,0
93821,0,0,0
305775,0,0,0
118249,0,0,0
152535,0,0,0
242845,0,0,0
292291,0,0,0
44768,0,0,0
188294,0,0,0
298608,0,0,0
267941,0,0,0
404169,0,0,0
321975,0,0,0
289554,0,0,0
248469,0,0,0
6036,0,0,0
302018,0,0,0
168967,0,0,0
9523,0,0,0
86802,0,0,0
13167,0,0,0
122522,0,0,0
29255,0,0,0
58426,0,0,0
49555,0,0,0
170069,0,0,0
162365,0,0,0
106583,0,0,0
323233,0,0,0
406000,0,0,0
241206,0,0,0
181141,0,0,0
353193,0,0,0
101949,0,0,0
104413,0,0,0
140699,0,0,0
391466,0,0,0
70928,0,0,0
260210,0,0,0
381167,0,0,0
175934,0,0,0
342281,0,0,0
202672,0,0,0
279553,0,0,0
310930,0,0,0
251058,0,0,0
196863,0,0,0
73129,0,0,0
7304,0,0,0
11820,0,0,0
287060,0,0,0
387882,0,0,0
160117,0,0,0
18976,0,0,0
50812,0,0,0
392183,0,0,0
148455,0,0,0
388202,0,0,0
152920,0,0,0
83324,0,0,0
12935,0,0,0
177863,0,0,0
195433,0,0,0
181123,0,0,0
20031,0,0,0
54779,0,0,0
330971,0,0,0
128505,0,0,0
319123,0,0,0
256258,0,0,0
224622,0,0,0
323270,0,0,0
262726,0,0,0
235007,0,0,0
193603,0,0,0
354224,0,0,0
270571,0,0,0
340598,0,0,0
194751,0,0,0
299132,0,0,0
246012,0,0,0
376390,0,0,0
174611,0,0,0
171497,0,0,0
396106,0,0,0
111411,0,0,0
373885,0,0,0
20360,0,0,0
48267,0,0,0
152356,0,0,0
255590,0,0,0
190507,0,0,0
67001,0,0,0
379169,0,0,0
187448,0,0,0
91301,0,0,0
205017,0,0,0
268413,0,0,0
382929,0,0,0
256260,0,0,0
342230,0,0,0
21603,0,0,0
337857,0,0,0
6798,0,0,0
27719,0,0,0
320287,0,0,0
256178,0,0,0
50789,0,0,0
378128,0,0,0
354705,0,0,0
60631,0,0,0
262921,0,0,0
35148,0,0,0
234329,0,0,0
84369,0,0,0
357948,0,0,0
204376,0,0,0
40659,0,0,0
39432,0,0,0
340332,0,0,0
396107,0,0,0
187979,0,0,0
331672,0,0,0
350485,0,0,0
89712,0,0,0
122757,0,0,0
282111,0,0,0
186393,0,0,0
31892,0,0,0
268357,0,0,0
210795,0,0,0
16372,0,0,0
48510,0,0,0
69440,0,0,0
185187,0,0,0
322791,0,0,0
394499,0,0,0
205084,0,0,0
359192,0,0,0
103627,0,0,0
347678,0,0,0
318469,0,0,0
300641,0,0,0
68387,0,0,0
101407,0,0,0
333379,0,0,0
325201,0,0,0
124736,0,0,0
235154,0,0,0
115620,0,0,0
279584,0,0,0
33636,0,0,0
138054,0,0,0
141340,0,0,0
29127,0,0,0
14978,0,0,0
401736,0,0,0
211728,0,0,0
130211,0,0,0
161151,0,0,0
387549,0,0,0
93564,0,0,0
65385,0,0,0
179148,0,0,0
402089,0,0,0
241749,0,0,0
191237,0,0,0
311820,0,0,0
72792,0,0,0
214041,0,0,0
151564,0,0,0
262297,0,0,0
142212,0,0,0
375930,0,0,0
143479,0,0,0
347721,0,0,0
255619,0,0,0
362635,0,0,0
227649,0,0,0
24285,0,0,0
359795,0,0,0
128973,0,0,0
244346,0,0,0
212527,0,0,0
145194,0,0,0
143382,0,0,0
227208,0,0,0
103536,0,0,0
281440,0,0,0
45269,0,0,0
354038,0,0,0
158663,0,0,0
335470,0,0,0
191624,0,0,0
6749,0,0,0
356988,0,0,0
64152,0,0,0
343334,0,0,0
45293,0,0,0
89704,0,0,0
34025,0,0,0
223006,0,0,0
330840,0,0,0
47787,0,0,0
142254,0,0,0
213284,0,0,0
49920,0,0,0
254465,0,0,0
177268,0,0,0
211077,0,0,0
155915,0,0,0
275036,0,0,0
386304,0,0,0
177372,0,0,0
331089,0,0,0
68276,0,0,0
276433,0,0,0
10200,0,0,0
91942,0,0,0
321173,0,0,0
171047,0,0,0
373461,0,0,0
192487,0,0,0
149391,0,0,0
387675,0,0,0
304644,0,0,0
252198,0,0,0
24336,0,0,0
79315,0,0,0
137794,0,0,0
339295,0,0,0
177537,0,0,0
111417,0,0,0
324206,0,0,0
292111,0,0,0
369117,0,0,0
280684,0,0,0
390606,0,0,0
381695,0,0,0
311514,0,0,0
152598,0,0,0
62448,0,0,0
274831,0,0,0
108316,0,0,0
85425,0,0,0
166005,0,0,0
88772,0,0,0
363433,0,0,0
201418,0,0,0
108998,0,0,0
43368,0,0,0
48784,0,0,0
122385,0,0,0
303284,0,0,0
174218,0,0,0
68988,0,0,0
224285,0,0,0
335496,0,0,0
14954,0,0,0
59744,0,0,0
333578,0,0,0
154561,0,0,0
218859,0,0,0
302512,0,0,0
333404,0,0,0
402592,0,0,0
269037,0,0,0
335609,0,0,0
230870,0,0,0
257125,0,0,0
20100,0,0,0
285080,0,0,0
143003,0,0,0
359973,0,0,0
87328,0,0,0
122410,0,0,0
105371,0,0,0
142667,0,0,0
78265,0,0,0
217561,0,0,0
223277,0,0,0
250484,0,0,0
326181,0,0,0
254418,0,0,0
217022,0,0,0
326887,0,0,0
199126,0,0,0
384690,0,0,0
345036,0,0,0
349584,0,0,0
296290,0,0,0
212507,0,0,0
359871,0,0,0
122308,0,0,0
161981,0,0,0
77738,0,0,0
40225,0,0,0
246304,0,0,0
292964,0,0,0
404774,0,0,0
104472,0,0,0
14119,0,0,0
187738,0,0,0
117435,0,0,0
381485,0,0,0
223926,0,0,0
400292,0,0,0
102171,0,0,0
215741,0,0,0
308221,0,0,0
159389,0,0,0
65415,0,0,0
38773,0,0,0
379626,0,0,0
106656,0,0,0
156401,0,0,0
154303,0,0,0
362104,0,0,0
235150,0,0,0
364670,0,0,0
101965,0,0,0
134608,0,0,0
63060,0,0,0
267821,0,0,0
263768,0,0,0
165776,0,0,0
46279,0,0,0
194329,0,0,0
85068,0,0,0
136934,0,0,0
294882,0,0,0
256393,0,0,0
51892,0,0,0
217775,0,0,0
382672,0,0,0
12432,0,0,0
177628,0,0,0
300055,0,0,0
122790,0,0,0
146474,0,0,0
164632,0,0,0
123859,0,0,0
183227,0,0,0
83947,0,0,0
151657,0,0,0
223554,0,0,0
123018,0,0,0
320368,0,0,0
289616,0,0,0
266736,0,0,0
229810,0,0,0
82888,0,0,0
288289,0,0,0
118447,0,0,0
106201,0,0,0
73073,0,0,0
205336,0,0,0
334478,0,0,0
225582,0,0,0
369415,0,0,0
37700,0,0,0
364201,0,0,0
376818,0,0,0
42738,0,0,0
48673,0,0,0
299627,0,0,0
263983,0,0,0
376675,0,0,0
138188,0,0,0
357781,0,0,0
185131,0,0,0
221279,0,0,0
387098,0,0,0
223012,0,0,0
212133,0,0,0
368171,0,0,0
286438,0,0,0
251412,0,0,0
49579,0,0,0
184186,0,0,0
186841,0,0,0
258329,0,0,0
205693,0,0,0
281146,0,0,0
336694,0,0,0
289167,0,0,0
72047,0,0,0
329946,0,0,0
312547,0,0,0
8662,0,0,0
260501,0,0,0
6603,0,0,0
42410,0,0,0
257060,0,0,0
27872,0,0,0
49277,0,0,0
81456,0,0,0
47649,0,0,0
204522,0,0,0
36992,0,0,0
396074,0,0,0
334016,0,0,0
327098,0,0,0
3929,0,0,0
313450,0,0,0
211934,0,0,0
72315,0,0,0
220709,0,0,0
154659,0,0,0
30036,0,0,0
337527,0,0,0
329220,0,0,0
355526,0,0,0
120271,0,0,0
90454,0,0,0
162143,0,0,0
5218,0,0,0
145025,0,0,0
3629,0,0,0
399898,0,0,0
194061,0,0,0
332235,0,0,0
27987,0,0,0
180472,0,0,0
63814,0,0,0
282860,0,0,0
384601,0,0,0
366564,0,0,0
145859,0,0,0
116151,0,0,0
394232,0,0,0
14457,0,0,0
36288,0,0,0
38111,0,0,0
60639,0,0,0
219343,0,0,0
14005,0,0,0
51026,0,0,0
281329,0,0,0
121580,0,0,0
370852,0,0,0
362120,0,0,0
42564,0,0,0
329186,0,0,0
302175,0,0,0
96450,0,0,0
383623,0,0,0
277040,0,0,0
365354,0,0,0
349677,0,0,0
388901,0,0,0
390718,0,0,0
184303,0,0,0
152278,0,0,0
17318,0,0,0
235439,0,0,0
249898,0,0,0
348102,0,0,0
148730,0,0,0
268651,0,0,0
284755,0,0,0
331766,0,0,0
98691,0,0,0
64566,0,0,0
141699,0,0,0
128685,0,0,0
202598,0,0,0
289420,0,0,0
406844,0,0,0
158661,0,0,0
408875,0,0,0
380549,0,0,0
406263,0,0,0
37187,0,0,0
101333,0,0,0
173512,0,0,0
1545,0,0,0
6748,0,0,0
310612,0,0,0
200816,0,0,0
27662,0,0,0
246139,0,0,0
178205,0,0,0
344988,0,0,0
364139,0,0,0
4552,0,0,0
11556,0,0,0
289232,0,0,0
55839,0,0,0
35832,0,0,0
168042,0,0,0
322748,0,0,0
178084,0,0,0
172535,0,0,0
39706,0,0,0
2823,0,0,0
369006,0,0,0
139577,0,0,0
121463,0,0,0
357776,0,0,0
228632,0,0,0
165963,0,0,0
236028,0,0,0
331146,0,0,0
49310,0,0,0
63982,0,0,0
223318,0,0,0
348071,0,0,0
274434,0,0,0
188839,0,0,0
397098,0,0,0
34690,0,0,0
221174,0,0,0
332455,0,0,0
238678,0,0,0
367953,0,0,0
217876,0,0,0
151036,0,0,0
93484,0,0,0
183225,0,0,0
299217,0,0,0
134370,0,0,0
166618,0,0,0
261038,0,0,0
384466,0,0,0
347941,0,0,0
280692,0,0,0
289150,0,0,0
177614,0,0,0
140635,0,0,0
213904,0,0,0
361488,0,0,0
63849,0,0,0
222470,0,0,0
147861,0,0,0
167557,0,0,0
308821,0,0,0
370654,0,0,0
72830,0,0,0
123947,0,0,0
153606,0,0,0
410584,0,0,0
358181,0,0,0
139693,0,0,0
12473,0,0,0
350559,0,0,0
216343,0,0,0
361576,0,0,0
347554,0,0,0
103336,0,0,0
337411,0,0,0
51724,0,0,0
393165,0,0,0
20266,0,0,0
80090,0,0,0
121907,0,0,0
332222,0,0,0
253295,0,0,0
388078,0,0,0
214320,0,0,0
133204,0,0,0
61893,0,0,0
65056,0,0,0
236410,0,0,0
332673,0,0,0
211891,0,0,0
399105,0,0,0
275298,0,0,0
263170,0,0,0
233947,0,0,0
316371,0,0,0
11358,0,0,0
337124,0,0,0
78312,0,0,0
282729,0,0,0
294103,0,0,0
185372,0,0,0
220952,0,0,0
398583,0,0,0
42786,0,0,0
344186,0,0,0
170368,0,0,0
33236,0,0,0
403099,0,0,0
83772,0,0,0
237626,0,0,0
402532,0,0,0
141716,0,0,0
358614,0,0,0
203362,0,0,0
277822,0,0,0
388800,0,0,0
222007,0,0,0
46206,0,0,0
155476,0,0,0
164842,0,0,0
50448,0,0,0
37794,0,0,0
385534,0,0,0
346395,0,0,0
222298,0,0,0
404682,0,0,0
75662,0,0,0
42596,0,0,0
124166,0,0,0
410746,0,0,0
90987,0,0,0
210894,0,0,0
117336,0,0,0
310176,0,0,0
230739,0,0,0
58194,0,0,0
152191,0,0,0
112434,0,0,0
368178,0,0,0
230791,0,0,0
343660,0,0,0
316009,0,0,0
277459,0,0,0
265011,0,0,0
263635,0,0,0
161138,0,0,0
118060,0,0,0
47463,0,0,0
377455,0,0,0
369681,0,0,0
288806,0,0,0
359222,0,0,0
22503,0,0,0
270704,0,0,0
271001,0,0,0
69916,0,0,0
300368,0,0,0
328913,0,0,0
381880,0,0,0
144630,0,0,0
375062,0,0,0
201276,0,0,0
410046,0,0,0
160748,0,0,0
200073,0,0,0
391828,0,0,0
136976,0,0,0
230005,0,0,0
278564,0,0,0
384700,0,0,0
107815,0,0,0
193146,0,0,0
57346,0,0,0
65622,0,0,0
65581,0,0,0
170141,0,0,0
326747,0,0,0
330685,0,0,0
23826,0,0,0
248546,0,0,0
8683,0,0,0
295186,0,0,0
322587,0,0,0
128492,0,0,0
10565,0,0,0
129557,0,0,0
290042,0,0,0
28552,0,0,0
360440,0,0,0
397233,0,0,0
307140,0,0,0
196367,0,0,0
133924,0,0,0
112376,0,0,0
78802,0,0,0
218315,0,0,0
19353,0,0,0
8628,0,0,0
345167,0,0,0
177704,0,0,0
322722,0,0,0
382814,0,0,0
251453,0,0,0
76327,0,0,0
211403,0,0,0
275735,0,0,0
119072,0,0,0
261736,0,0,0
324426,0,0,0
147717,0,0,0
292352,0,0,0
273187,0,0,0
406347,0,0,0
401955,0,0,0
244067,0,0,0
276048,0,0,0
53243,0,0,0
62912,0,0,0
143075,0,0,0
107278,0,0,0
244657,0,0,0
410157,0,0,0
376934,0,0,0
58451,0,0,0
91119,0,0,0
290912,0,0,0
196858,0,0,0
226995,0,0,0
236593,0,0,0
8524,0,0,0
16564,0,0,0
303482,0,0,0
320346,0,0,0
160602,0,0,0
96524,0,0,0
8737,0,0,0
350052,0,0,0
170115,0,0,0
273684,0,0,0
385384,0,0,0
102282,0,0,0
376855,0,0,0
410025,0,0,0
225800,0,0,0
380972,0,0,0
323378,0,0,0
146415,0,0,0
309116,0,0,0
54726,0,0,0
370849,0,0,0
30888,0,0,0
112839,0,0,0
239597,0,0,0
395088,0,0,0
340917,0,0,0
310350,0,0,0
179467,0,0,0
194056,0,0,0
338390,0,0,0
357466,0,0,0
133266,0,0,0
184101,0,0,0
369633,0,0,0
84833,0,0,0
135948,0,0,0
41745,0,0,0
313680,0,0,0
209926,0,0,0
287399,0,0,0
337404,0,0,0
256908,0,0,0
368298,0,0,0
278282,0,0,0
230069,0,0,0
42143,0,0,0
11267,0,0,0
176191,0,0,0
142951,0,0,0
282195,0,0,0
282021,0,0,0
122521,0,0,0
297349,0,0,0
55336,0,0,0
387707,0,0,0
329139,0,0,0
366465,0,0,0
21452,0,0,0
93545,0,0,0
324423,0,0,0
164566,0,0,0
13178,0,0,0
299406,0,0,0
71843,0,0,0
24737,0,0,0
285913,0,0,0
135297,0,0,0
336705,0,0,0
310671,0,0,0
202196,0,0,0
248947,0,0,0
372503,0,0,0
284530,0,0,0
373576,0,0,0
20095,0,0,0
405623,0,0,0
316791,0,0,0
183418,0,0,0
32620,0,0,0
406121,0,0,0
58622,0,0,0
142354,0,0,0
391776,0,0,0
384150,0,0,0
234405,0,0,0
149793,0,0,0
305132,0,0,0
405007,0,0,0
95651,0,0,0
85048,0,0,0
58035,0,0,0
32148,0,0,0
94354,0,0,0
315312,0,0,0
207665,0,0,0
410789,0,0,0
403250,0,0,0
205927,0,0,0
120873,0,0,0
159329,0,0,0
317304,0,0,0
231960,0,0,0
371135,0,0,0
217309,0,0,0
92007,0,0,0
125799,0,0,0
240629,0,0,0
157411,0,0,0
37562,0,0,0
83648,0,0,0
19313,0,0,0
62252,0,0,0
26851,0,0,0
241446,0,0,0
372885,0,0,0
150522,0,0,0
18253,0,0,0
369107,0,0,0
168691,0,0,0
406140,0,0,0
285204,0,0,0
333245,0,0,0
193876,0,0,0
296103,0,0,0
289373,0,0,0
181500,0,0,0
5163,0,0,0
126854,0,0,0
231801,0,0,0
353787,0,0,0
156997,0,0,0
389448,0,0,0
356291,0,0,0
391714,0,0,0
120268,0,0,0
58349,0,0,0
406725,0,0,0
367744,0,0,0
221663,0,0,0
408282,0,0,0
175681,0,0,0
48378,0,0,0
200806,0,0,0
147915,0,0,0
318625,0,0,0
369857,0,0,0
257816,0,0,0
195494,0,0,0
344875,0,0,0
55347,0,0,0
59519,0,0,0
321151,0,0,0
165071,0,0,0
411034,0,0,0
28444,0,0,0
60289,0,0,0
372327,0,0,0
206827,0,0,0
144444,0,0,0
257119,0,0,0
129338,0,0,0
278406,0,0,0
190521,0,0,0
224129,0,0,0
113759,0,0,0
48995,0,0,0
226210,0,0,0
188919,0,0,0
320622,0,0,0
108868,0,0,0
332545,0,0,0
32734,0,0,0
297951,0,0,0
327280,0,0,0
274673,0,0,0
61667,0,0,0
316175,0,0,0
287075,0,0,0
333029,0,0,0
5045,0,0,0
116981,0,0,0
191228,0,0,0
118802,0,0,0
314938,0,0,0
15398,0,0,0
18678,0,0,0
230835,0,0,0
399140,0,0,0
287571,0,0,0
157719,0,0,0
384234,0,0,0
76813,0,0,0
401207,0,0,0
386893,0,0,0
267730,0,0,0
325421,0,0,0
1910,0,0,0
344585,0,0,0
108904,0,0,0
289965,0,0,0
372139,0,0,0
242863,0,0,0
197145,0,0,0
177951,0,0,0
383114,0,0,0
91143,0,0,0
243972,0,0,0
346929,0,0,0
319260,0,0,0
243228,0,0,0
407913,0,0,0
394856,0,0,0
99781,0,0,0
18184,0,0,0
181912,0,0,0
191544,0,0,0
240148,0,0,0
166124,0,0,0
106841,0,0,0
320360,0,0,0
35745,0,0,0
355427,0,0,0
388936,0,0,0
68076,0,0,0
178423,0,0,0
392550,0,0,0
214423,0,0,0
319210,0,0,0
23435,0,0,0
301210,0,0,0
349463,0,0,0
152283,0,0,0
24561,0,0,0
279165,0,0,0
243571,0,0,0
150629,0,0,0
375288,0,0,0
223723,0,0,0
332979,0,0,0
81720,0,0,0
333966,0,0,0
358066,0,0,0
405626,0,0,0
194576,0,0,0
394121,0,0,0
305792,0,0,0
307046,0,0,0
84827,0,0,0
138970,0,0,0
66790,0,0,0
136627,0,0,0
180000,0,0,0
331082,0,0,0
89067,0,0,0
409176,0,0,0
388668,0,0,0
160124,0,0,0
21202,0,0,0
101723,0,0,0
252638,0,0,0
146982,0,0,0
45741,0,0,0
142751,0,0,0
401427,0,0,0
19488,0,0,0
233414,0,0,0
297026,0,0,0
196723,0,0,0
243093,0,0,0
176028,0,0,0
110016,0,0,0
32436,0,0,0
162434,0,0,0
236138,0,0,0
343945,0,0,0
169087,0,0,0
322029,0,0,0
100491,0,0,0
230065,0,0,0
137434,0,0,0
307991,0,0,0
45506,0,0,0
148635,0,0,0
101686,0,0,0
332522,0,0,0
305540,0,0,0
260470,0,0,0
193443,0,0,0
91887,0,0,0
340626,0,0,0
391061,0,0,0
8935,0,0,0
370550,0,0,0
91248,0,0,0
365659,0,0,0
214235,0,0,0
99097,0,0,0
79905,0,0,0
231141,0,0,0
254405,0,0,0
362391,0,0,0
21290,0,0,0
328370,0,0,0
31552,0,0,0
229565,0,0,0
231819,0,0,0
93267,0,0,0
218146,0,0,0
102949,0,0,0
163627,0,0,0
161163,0,0,0
13138,0,0,0
142172,0,0,0
343810,0,0,0
106106,0,0,0
290654,0,0,0
339547,0,0,0
343908,0,0,0
90325,0,0,0
263826,0,0,0
343325,0,0,0
382989,0,0,0
125916,0,0,0
381119,0,0,0
299034,0,0,0
268111,0,0,0
313569,0,0,0
223070,0,0,0
222961,0,0,0
385599,0,0,0
118762,0,0,0
90683,0,0,0
142762,0,0,0
49427,0,0,0
93719,0,0,0
289030,0,0,0
188748,0,0,0
356631,0,0,0
178238,0,0,0
186925,0,0,0
252229,0,0,0
365027,0,0,0
154381,0,0,0
313098,0,0,0
326545,0,0,0
50509,0,0,0
325894,0,0,0
100237,0,0,0
48107,0,0,0
48757,0,0,0
63203,0,0,0
362835,0,0,0
265498,0,0,0
395129,0,0,0
327367,0,0,0
322773,0,0,0
112203,0,0,0
673,0,0,0
181647,0,0,0
138081,0,0,0
285778,0,0,0
353548,0,0,0
86205,0,0,0
316434,0,0,0
281765,0,0,0
303076,0,0,0
237885,0,0,0
118424,0,0,0
411162,0,0,0
55187,0,0,0
271182,0,0,0
31733,0,0,0
143671,0,0,0
208839,0,0,0
12030,0,0,0
150540,0,0,0
243182,0,0,0
192410,0,0,0
232804,0,0,0
2455,0,0,0
85853,0,0,0
293434,0,0,0
262773,0,0,0
153872,0,0,0
150040,0,0,0
279551,0,0,0
228381,0,0,0
368581,0,0,0
186420,0,0,0
194532,0,0,0
251823,0,0,0
411171,0,0,0
365321,0,0,0
110313,0,0,0
402756,0,0,0
154990,0,0,0
363442,0,0,0
170800,0,0,0
318193,0,0,0
27069,0,0,0
289663,0,0,0
220271,0,0,0
24246,0,0,0
401222,0,0,0
200384,0,0,0
20475,0,0,0
128546,0,0,0
156333,0,0,0
328709,0,0,0
387709,0,0,0
150780,0,0,0
408281,0,0,0
132093,0,0,0
122225,0,0,0
67606,0,0,0
289319,0,0,0
196112,0,0,0
67524,0,0,0
392067,0,0,0
398346,0,0,0
159599,0,0,0
160316,0,0,0
107363,0,0,0
132128,0,0,0
361607,0,0,0
244009,0,0,0
182315,0,0,0
199519,0,0,0
356591,0,0,0
287556,0,0,0
235585,0,0,0
272097,0,0,0
114816,0,0,0
70652,0,0,0
236466,0,0,0
1174,0,0,0
253509,0,0,0
304800,0,0,0
136481,0,0,0
283972,0,0,0
364153,0,0,0
101007,0,0,0
2789,0,0,0
199062,0,0,0
150812,0,0,0
359688,0,0,0
230419,0,0,0
303889,0,0,0
91777,0,0,0
280574,0,0,0
141502,0,0,0
319333,0,0,0
266340,0,0,0
368378,0,0,0
293452,0,0,0
153101,0,0,0
273796,0,0,0
39897,0,0,0
402426,0,0,0
329485,0,0,0
348814,0,0,0
329703,0,0,0
77641,0,0,0
217027,0,0,0
374535,0,0,0
1018,0,0,0
327178,0,0,0
262238,0,0,0
4002,0,0,0
235308,0,0,0
257009,0,0,0
16645,0,0,0
30205,0,0,0
321763,0,0,0
196255,0,0,0
344480,0,0,0
329329,0,0,0
187970,0,0,0
252564,0,0,0
226136,0,0,0
16015,0,0,0
93715,0,0,0
274482,0,0,0
333409,0,0,0
389958,0,0,0
395631,0,0,0
196000,0,0,0
93787,0,0,0
221597,0,0,0
289454,0,0,0
92479,0,0,0
395706,0,0,0
116870,0,0,0
22058,0,0,0
113059,0,0,0
82912,0,0,0
394228,0,0,0
295646,0,0,0
135672,0,0,0
117952,0,0,0
177204,0,0,0
169481,0,0,0
207050,0,0,0
293696,0,0,0
29729,0,0,0
59341,0,0,0
150859,0,0,0
53980,0,0,0
379207,0,0,0
172457,0,0,0
210431,0,0,0
15365,0,0,0
50803,0,0,0
349432,0,0,0
258582,0,0,0
245649,0,0,0
64381,0,0,0
395139,0,0,0
403118,0,0,0
242622,0,0,0
338943,0,0,0
327110,0,0,0
236535,0,0,0
80298,0,0,0
45730,0,0,0
40082,0,0,0
336623,0,0,0
9648,0,0,0
291730,0,0,0
237575,0,0,0
259739,0,0,0
223067,0,0,0
80284,0,0,0
191145,0,0,0
105124,0,0,0
407554,0,0,0
332324,0,0,0
226891,0,0,0
187354,0,0,0
270417,0,0,0
123050,0,0,0
221547,0,0,0
388186,0,0,0
137358,0,0,0
56302,0,0,0
179508,0,0,0
50061,0,0,0
107423,0,0,0
43957,0,0,0
168402,0,0,0
388623,0,0,0
251625,0,0,0
54342,0,0,0
102113,0,0,0
165310,0,0,0
336335,0,0,0
120745,0,0,0
139742,0,0,0
335982,0,0,0
78973,0,0,0
289351,0,0,0
141618,0,0,0
197185,0,0,0
379629,0,0,0
86815,0,0,0
344202,0,0,0
151259,0,0,0
111094,0,0,0
242332,0,0,0
152848,0,0,0
45518,0,0,0
193034,0,0,0
293961,0,0,0
26421,0,0,0
388261,0,0,0
333388,0,0,0
105828,0,0,0
305407,0,0,0
244130,0,0,0
123927,0,0,0
81670,0,0,0
346791,0,0,0
15688,0,0,0
133015,0,0,0
349877,0,0,0
202829,0,0,0
34666,0,0,0
141953,0,0,0
198181,0,0,0
367151,0,0,0
309684,0,0,0
282472,0,0,0
201307,0,0,0
10274,0,0,0
312361,0,0,0
393083,0,0,0
151571,0,0,0
340632,0,0,0
23550,0,0,0
253293,0,0,0
204945,0,0,0
375557,0,0,0
184950,0,0,0
3866,0,0,0
156011,0,0,0
27744,0,0,0
113295,0,0,0
229183,0,0,0
347898,0,0,0
213602,0,0,0
212640,0,0,0
90918,0,0,0
331314,0,0,0
178903,0,0,0
309286,0,0,0
12867,0,0,0
339311,0,0,0
64424,0,0,0
317895,0,0,0
357218,0,0,0
48270,0,0,0
201372,0,0,0
9502,0,0,0
91886,0,0,0
318561,0,0,0
124396,0,0,0
311466,0,0,0
253631,0,0,0
137770,0,0,0
88841,0,0,0
70532,0,0,0
99004,0,0,0
330632,0,0,0
328669,0,0,0
244497,0,0,0
202781,0,0,0
47343,0,0,0
127006,0,0,0
100092,0,0,0
151171,0,0,0
367311,0,0,0
219075,0,0,0
315809,0,0,0
252881,0,0,0
81835,0,0,0
51666,0,0,0
129875,0,0,0
196500,0,0,0
97168,0,0,0
153182,0,0,0
387556,0,0,0
231843,0,0,0
355014,0,0,0
121806,0,0,0
85761,0,0,0
225335,0,0,0
128012,0,0,0
115998,0,0,0
20490,0,0,0
172996,0,0,0
300500,0,0,0
79431,0,0,0
146788,0,0,0
306094,0,0,0
364498,0,0,0
340564,0,0,0
220498,0,0,0
374558,0,0,0
403357,0,0,0
199903,0,0,0
140527,0,0,0
126900,0,0,0
380103,0,0,0
202449,0,0,0
393257,0,0,0
128091,0,0,0
189533,0,0,0
44039,0,0,0
313946,0,0,0
156013,0,0,0
126071,0,0,0
139112,0,0,0
257750,0,0,0
131745,0,0,0
365764,0,0,0
222605,0,0,0
120690,0,0,0
34217,0,0,0
47526,0,0,0
271365,0,0,0
292651,0,0,0
83088,0,0,0
401281,0,0,0
42006,0,0,0
181627,0,0,0
187410,0,0,0
38476,0,0,0
159635,0,0,0
125632,0,0,0
92554,0,0,0
208457,0,0,0
364528,0,0,0
128604,0,0,0
199656,0,0,0
333938,0,0,0
349560,0,0,0
39349,0,0,0
203905,0,0,0
258555,0,0,0
99670,0,0,0
121072,0,0,0
82777,0,0,0
69852,0,0,0
99868,0,0,0
329715,0,0,0
168616,0,0,0
189450,0,0,0
321609,0,0,0
106212,0,0,0
272289,0,0,0
284355,0,0,0
1560,0,0,0
283494,0,0,0
369640,0,0,0
241763,0,0,0
355456,0,0,0
396429,0,0,0
68478,0,0,0
375577,0,0,0
344957,0,0,0
7567,0,0,0
54969,0,0,0
310454,0,0,0
217938,0,0,0
301639,0,0,0
269803,0,0,0
378911,0,0,0
133867,0,0,0
276593,0,0,0
182385,0,0,0
178978,0,0,0
124850,0,0,0
361037,0,0,0
100557,0,0,0
406839,0,0,0
16888,0,0,0
23253,0,0,0
122251,0,0,0
354354,0,0,0
339374,0,0,0
46006,0,0,0
212145,0,0,0
47937,0,0,0
242968,0,0,0
378484,0,0,0
51534,0,0,0
316475,0,0,0
98610,0,0,0
74117,0,0,0
27383,0,0,0
245836,0,0,0
341050,0,0,0
307558,0,0,0
21953,0,0,0
139539,0,0,0
32784,0,0,0
14177,0,0,0
38957,0,0,0
250023,0,0,0
74018,0,0,0
92034,0,0,0
57643,0,0,0
56392,0,0,0
12607,0,0,0
5488,0,0,0
301451,0,0,0
74346,0,0,0
27705,0,0,0
259252,0,0,0
161230,0,0,0
97610,0,0,0
211897,0,0,0
169775,0,0,0
147393,0,0,0
289073,0,0,0
288160,0,0,0
260420,0,0,0
330640,0,0,0
375735,0,0,0
144204,0,0,0
216734,0,0,0
399259,0,0,0
255848,0,0,0
396523,0,0,0
273707,0,0,0
221083,0,0,0
33359,0,0,0
89437,0,0,0
21700,0,0,0
9367,0,0,0
319006,0,0,0
270006,0,0,0
103157,0,0,0
329475,0,0,0
410402,0,0,0
212487,0,0,0
102014,0,0,0
7371,0,0,0
300214,0,0,0
345453,0,0,0
183145,0,0,0
378799,0,0,0
251250,0,0,0
305647,0,0,0
88474,0,0,0
206,0,0,0
322701,0,0,0
183830,0,0,0
119652,0,0,0
18506,0,0,0
328534,0,0,0
256112,0,0,0
335402,0,0,0
184295,0,0,0
400270,0,0,0
180516,0,0,0
377492,0,0,0
181303,0,0,0
44272,0,0,0
137828,0,0,0
85333,0,0,0
239710,0,0,0
290885,0,0,0
271950,0,0,0
259265,0,0,0
142936,0,0,0
328322,0,0,0
97383,0,0,0
277486,0,0,0
314485,0,0,0
308850,0,0,0
298291,0,0,0
108435,0,0,0
128551,0,0,0
119113,0,0,0
111218,0,0,0
285487,0,0,0
231067,0,0,0
395441,0,0,0
390394,0,0,0
229631,0,0,0
153483,0,0,0
74326,0,0,0
141645,0,0,0
197408,0,0,0
373824,0,0,0
45742,0,0,0
58211,0,0,0
116564,0,0,0
373328,0,0,0
310306,0,0,0
56259,0,0,0
203278,0,0,0
316000,0,0,0
406212,0,0,0
175446,0,0,0
152646,0,0,0
274276,0,0,0
336997,0,0,0
199606,0,0,0
246155,0,0,0
53121,0,0,0
269472,0,0,0
44345,0,0,0
304041,0,0,0
295291,0,0,0
115465,0,0,0
75889,0,0,0
171374,0,0,0
1093,0,0,0
61681,0,0,0
225057,0,0,0
43983,0,0,0
247696,0,0,0
12864,0,0,0
107699,0,0,0
342372,0,0,0
49413,0,0,0
73248,0,0,0
81111,0,0,0
16395,0,0,0
355605,0,0,0
192173,0,0,0
209617,0,0,0
389080,0,0,0
273224,0,0,0
10258,0,0,0
222981,0,0,0
185281,0,0,0
216827,0,0,0
86737,0,0,0
18149,0,0,0
53941,0,0,0
168955,0,0,0
215802,0,0,0
187778,0,0,0
127423,0,0,0
121832,0,0,0
19701,0,0,0
338492,0,0,0
316890,0,0,0
148205,0,0,0
48641,0,0,0
395635,0,0,0
141485,0,0,0
254103,0,0,0
315588,0,0,0
24159,0,0,0
403109,0,0,0
213474,0,0,0
63685,0,0,0
78660,0,0,0
194699,0,0,0
291406,0,0,0
390202,0,0,0
272108,0,0,0
86009,0,0,0
70122,0,0,0
298709,0,0,0
330742,0,0,0
242744,0,0,0
304925,0,0,0
188203,0,0,0
145803,0,0,0
158106,0,0,0
305961,0,0,0
321572,0,0,0
228823,0,0,0
243466,0,0,0
318374,0,0,0
327326,0,0,0
314831,0,0,0
273101,0,0,0
125554,0,0,0
330584,0,0,0
77009,0,0,0
13066,0,0,0
340072,0,0,0
224309,0,0,0
276589,0,0,0
76133,0,0,0
335091,0,0,0
307223,0,0,0
357950,0,0,0
150152,0,0,0
44508,0,0,0
296129,0,0,0
276360,0,0,0
83623,0,0,0
245766,0,0,0
76407,0,0,0
131590,0,0,0
238695,0,0,0
278161,0,0,0
138290,0,0,0
209545,0,0,0
211374,0,0,0
112616,0,0,0
290404,0,0,0
403350,0,0,0
31991,0,0,0
331548,0,0,0
272437,0,0,0
402342,0,0,0
376228,0,0,0
217832,0,0,0
303381,0,0,0
29937,0,0,0
244118,0,0,0
148179,0,0,0
91780,0,0,0
255067,0,0,0
245660,0,0,0
347575,0,0,0
14417,0,0,0
93240,0,0,0
48745,0,0,0
301285,0,0,0
388552,0,0,0
390758,0,0,0
265135,0,0,0
164199,0,0,0
346179,0,0,0
389562,0,0,0
362756,0,0,0
298858,0,0,0
34251,0,0,0
337639,0,0,0
215477,0,0,0
188388,0,0,0
386984,0,0,0
141104,0,0,0
347914,0,0,0
355846,0,0,0
17869,0,0,0
142401,0,0,0
220366,0,0,0
385548,0,0,0
191407,0,0,0
87518,0,0,0
158028,0,0,0
311754,0,0,0
197554,0,0,0
397349,0,0,0
98676,0,0,0
57749,0,0,0
289247,0,0,0
206375,0,0,0
364123,0,0,0
186589,0,0,0
104546,0,0,0
329763,0,0,0
377539,0,0,0
8457,0,0,0
261011,0,0,0
381335,0,0,0
32357,0,0,0
139967,0,0,0
168232,0,0,0
141684,0,0,0
194275,0,0,0
59934,0,0,0
68148,0,0,0
230350,0,0,0
410847,0,0,0
219333,0,0,0
42015,0,0,0
28916,0,0,0
99859,0,0,0
219668,0,0,0
217132,0,0,0
257924,0,0,0
178509,0,0,0
203596,0,0,0
90003,0,0,0
259709,0,0,0
369828,0,0,0
15396,0,0,0
258060,0,0,0
321708,0,0,0
86870,0,0,0
181769,0,0,0
201579,0,0,0
352369,0,0,0
383524,0,0,0
99076,0,0,0
120159,0,0,0
393949,0,0,0
113267,0,0,0
227590,0,0,0
16993,0,0,0
319071,0,0,0
249095,0,0,0
210059,0,0,0
9706,0,0,0
81693,0,0,0
152485,0,0,0
378180,0,0,0
299507,0,0,0
140900,0,0,0
19104,0,0,0
329591,0,0,0
411446,0,0,0
84627,0,0,0
107090,0,0,0
194159,0,0,0
10055,0,0,0
381381,0,0,0
96517,0,0,0
293440,0,0,0
321903,0,0,0
107156,0,0,0
8857,0,0,0
36999,0,0,0
400046,0,0,0
313267,0,0,0
77202,0,0,0
115782,0,0,0
38382,0,0,0
264567,0,0,0
18876,0,0,0
323062,0,0,0
399831,0,0,0
87602,0,0,0
407788,0,0,0
27174,0,0,0
194229,0,0,0
3746,0,0,0
319010,0,0,0
184939,0,0,0
333985,0,0,0
147478,0,0,0
50321,0,0,0
200742,0,0,0
331910,0,0,0
162802,0,0,0
74025,0,0,0
336021,0,0,0
56388,0,0,0
316463,0,0,0
173857,0,0,0
265170,0,0,0
203625,0,0,0
252424,0,0,0
26083,0,0,0
141828,0,0,0
57231,0,0,0
222393,0,0,0
68132,0,0,0
92322,0,0,0
297629,0,0,0
408462,0,0,0
298312,0,0,0
38691,0,0,0
319696,0,0,0
353744,0,0,0
242893,0,0,0
55814,0,0,0
129822,0,0,0
326650,0,0,0
89145,0,0,0
188544,0,0,0
234839,0,0,0
64453,0,0,0
44629,0,0,0
342379,0,0,0
230191,0,0,0
376867,0,0,0
369898,0,0,0
234270,0,0,0
75570,0,0,0
392767,0,0,0
263853,0,0,0
338829,0,0,0
22546,0,0,0
254890,0,0,0
298385,0,0,0
160762,0,0,0
83922,0,0,0
89931,0,0,0
402000,0,0,0
317403,0,0,0
346308,0,0,0
355742,0,0,0
163382,0,0,0
369180,0,0,0
398971,0,0,0
309342,0,0,0
126218,0,0,0
156724,0,0,0
71569,0,0,0
180666,0,0,0
184041,0,0,0
294034,0,0,0
399128,0,0,0
95168,0,0,0
45219,0,0,0
77231,0,0,0
310794,0,0,0
338545,0,0,0
307588,0,0,0
320832,0,0,0
24871,0,0,0
319985,0,0,0
237308,0,0,0
148501,0,0,0
74489,0,0,0
271287,0,0,0
132497,0,0,0
135864,0,0,0
288130,0,0,0
267916,0,0,0
56295,0,0,0
354419,0,0,0
373077,0,0,0
85855,0,0,0
237095,0,0,0
53934,0,0,0
400055,0,0,0
244358,0,0,0
263208,0,0,0
214853,0,0,0
311397,0,0,0
372709,0,0,0
313304,0,0,0
269280,0,0,0
364568,0,0,0
93115,0,0,0
192781,0,0,0
97056,0,0,0
49022,0,0,0
393661,0,0,0
348184,0,0,0
71607,0,0,0
139080,0,0,0
390902,0,0,0
24720,0,0,0
180622,0,0,0
401683,0,0,0
93310,0,0,0
287865,0,0,0
215497,0,0,0
85273,0,0,0
285610,0,0,0
10455,0,0,0
142956,0,0,0
52516,0,0,0
16039,0,0,0
211531,0,0,0
213549,0,0,0
75766,0,0,0
228688,0,0,0
36195,0,0,0
301823,0,0,0
285186,0,0,0
216656,0,0,0
185169,0,0,0
305511,0,0,0
285135,0,0,0
321338,0,0,0
321342,0,0,0
169381,0,0,0
160656,0,0,0
267140,0,0,0
88782,0,0,0
176222,0,0,0
288718,0,0,0
192910,0,0,0
284205,0,0,0
171492,0,0,0
276200,0,0,0
264186,0,0,0
382690,0,0,0
61602,0,0,0
173748,0,0,0
130720,0,0,0
299813,0,0,0
287811,0,0,0
345564,0,0,0
130600,0,0,0
253418,0,0,0
281518,0,0,0
216043,0,0,0
100709,0,0,0
327599,0,0,0
133491,0,0,0
199471,0,0,0
167561,0,0,0
151315,0,0,0
232839,0,0,0
122620,0,0,0
299678,0,0,0
360053,0,0,0
16117,0,0,0
245292,0,0,0
6198,0,0,0
140761,0,0,0
381346,0,0,0
182469,0,0,0
145490,0,0,0
153515,0,0,0
261567,0,0,0
9064,0,0,0
12086,0,0,0
304520,0,0,0
271914,0,0,0
334546,0,0,0
152647,0,0,0
253587,0,0,0
109332,0,0,0
276116,0,0,0
26527,0,0,0
35519,0,0,0
242813,0,0,0
234424,0,0,0
319875,0,0,0
147396,0,0,0
311440,0,0,0
142994,0,0,0
406864,0,0,0
158148,0,0,0
75963,0,0,0
196468,0,0,0
10563,0,0,0
322301,0,0,0
409291,0,0,0
270387,0,0,0
183508,0,0,0
1788,0,0,0
2628,0,0,0
241563,0,0,0
256639,0,0,0
116971,0,0,0
115053,0,0,0
323387,0,0,0
239847,0,0,0
185356,0,0,0
74980,0,0,0
47707,0,0,0
342430,0,0,0
261233,0,0,0
331058,0,0,0
253037,0,0,0
196284,0,0,0
352684,0,0,0
106867,0,0,0
258235,0,0,0
49082,0,0,0
366350,0,0,0
266778,0,0,0
379217,0,0,0
55113,0,0,0
310284,0,0,0
399592,0,0,0
299708,0,0,0
359129,0,0,0
34579,0,0,0
294280,0,0,0
93351,0,0,0
302774,0,0,0
75260,0,0,0
322521,0,0,0
94658,0,0,0
45664,0,0,0
378536,0,0,0
384346,0,0,0
319664,0,0,0
310323,0,0,0
365268,0,0,0
156718,0,0,0
92590,0,0,0
280728,0,0,0
313024,0,0,0
7232,0,0,0
407490,0,0,0
126313,0,0,0
156625,0,0,0
258286,0,0,0
47846,0,0,0
95687,0,0,0
10383,0,0,0
410492,0,0,0
64413,0,0,0
289183,0,0,0
325025,0,0,0
279051,0,0,0
200269,0,0,0
282636,0,0,0
195457,0,0,0
119818,0,0,0
8568,0,0,0
101539,0,0,0
264016,0,0,0
133035,0,0,0
293981,0,0,0
283527,0,0,0
390867,0,0,0
342400,0,0,0
330225,0,0,0
385431,0,0,0
22869,0,0,0
109711,0,0,0
377332,0,0,0
123052,0,0,0
371313,0,0,0
299639,0,0,0
390132,0,0,0
223674,0,0,0
312366,0,0,0
401675,0,0,0
12368,0,0,0
349241,0,0,0
79585,0,0,0
189797,0,0,0
319273,0,0,0
233795,0,0,0
217382,0,0,0
67770,0,0,0
120901,0,0,0
357441,0,0,0
339894,0,0,0
31876,0,0,0
204558,0,0,0
122711,0,0,0
86799,0,0,0
136650,0,0,0
402522,0,0,0
243748,0,0,0
263175,0,0,0
78752,0,0,0
290634,0,0,0
275163,0,0,0
366942,0,0,0
289094,0,0,0
226892,0,0,0
249551,0,0,0
71384,0,0,0
282160,0,0,0
6254,0,0,0
24562,0,0,0
192621,0,0,0
56401,0,0,0
393224,0,0,0
261010,0,0,0
98342,0,0,0
102246,0,0,0
322081,0,0,0
389673,0,0,0
316302,0,0,0
232919,0,0,0
143551,0,0,0
38720,0,0,0
55478,0,0,0
189105,0,0,0
9131,0,0,0
171469,0,0,0
40846,0,0,0
134365,0,0,0
151388,0,0,0
127365,0,0,0
313058,0,0,0
141893,0,0,0
338632,0,0,0
33099,0,0,0
316349,0,0,0
132422,0,0,0
258308,0,0,0
41956,0,0,0
88553,0,0,0
191126,0,0,0
316398,0,0,0
206213,0,0,0
29378,0,0,0
208760,0,0,0
366323,0,0,0
336072,0,0,0
123602,0,0,0
269977,0,0,0
103488,0,0,0
374850,0,0,0
79500,0,0,0
97698,0,0,0
105373,0,0,0
305272,0,0,0
110863,0,0,0
322808,0,0,0
271954,0,0,0
312771,0,0,0
111425,0,0,0
270656,0,0,0
76859,0,0,0
406230,0,0,0
399320,0,0,0
159910,0,0,0
214960,0,0,0
243540,0,0,0
399216,0,0,0
350291,0,0,0
271200,0,0,0
132748,0,0,0
78172,0,0,0
262897,0,0,0
217140,0,0,0
33987,0,0,0
181191,0,0,0
93955,0,0,0
367888,0,0,0
270439,0,0,0
393294,0,0,0
245299,0,0,0
269570,0,0,0
350592,0,0,0
153718,0,0,0
218173,0,0,0
72028,0,0,0
189571,0,0,0
80440,0,0,0
259001,0,0,0
285704,0,0,0
97155,0,0,0
248466,0,0,0
40034,0,0,0
46890,0,0,0
153154,0,0,0
305894,0,0,0
302574,0,0,0
135357,0,0,0
323106,0,0,0
330942,0,0,0
168143,0,0,0
363801,0,0,0
276854,0,0,0
286951,0,0,0
337278,0,0,0
69077,0,0,0
11199,0,0,0
30900,0,0,0
51775,0,0,0
302384,0,0,0
16954,0,0,0
67011,0,0,0
140963,0,0,0
155538,0,0,0
57367,0,0,0
106373,0,0,0
162242,0,0,0
341746,0,0,0
282576,0,0,0
60958,0,0,0
391269,0,0,0
215097,0,0,0
68638,0,0,0
226640,0,0,0
62626,0,0,0
7172,0,0,0
55755,0,0,0
129070,0,0,0
250924,0,0,0
15440,0,0,0
275948,0,0,0
325351,0,0,0
255551,0,0,0
155841,0,0,0
348308,0,0,0
60183,0,0,0
150729,0,0,0
388741,0,0,0
127181,0,0,0
275063,0,0,0
246401,0,0,0
374337,0,0,0
209737,0,0,0
242479,0,0,0
247463,0,0,0
317737,0,0,0
318967,0,0,0
269473,0,0,0
379231,0,0,0
149308,0,0,0
44979,0,0,0
396546,0,0,0
179545,0,0,0
197435,0,0,0
363974,0,0,0
100992,0,0,0
119753,0,0,0
411408,0,0,0
353337,0,0,0
222353,0,0,0
189008,0,0,0
174426,0,0,0
410636,0,0,0
191195,0,0,0
180471,0,0,0
389841,0,0,0
343525,0,0,0
119005,0,0,0
220561,0,0,0
366482,0,0,0
55792,0,0,0
213157,0,0,0
224867,0,0,0
92638,0,0,0
215747,0,0,0
373507,0,0,0
140406,0,0,0
331755,0,0,0
119429,0,0,0
234807,0,0,0
194334,0,0,0
286702,0,0,0
135978,0,0,0
271290,0,0,0
362135,0,0,0
395883,0,0,0
69117,0,0,0
105132,0,0,0
303439,0,0,0
193339,0,0,0
398923,0,0,0
370967,0,0,0
94003,0,0,0
265834,0,0,0
335080,0,0,0
78929,0,0,0
404246,0,0,0
307905,0,0,0
66198,0,0,0
162641,0,0,0
86491,0,0,0
199995,0,0,0
342616,0,0,0
224546,0,0,0
387837,0,0,0
70853,0,0,0
204057,0,0,0
227463,0,0,0
268266,0,0,0
36367,0,0,0
154120,0,0,0
182328,0,0,0
265639,0,0,0
193448,0,0,0
291185,0,0,0
318122,0,0,0
52189,0,0,0
403081,0,0,0
389420,0,0,0
60619,0,0,0
316547,0,0,0
292879,0,0,0
169694,0,0,0
132621,0,0,0
257121,0,0,0
5265,0,0,0
315833,0,0,0
238920,0,0,0
184469,0,0,0
311817,0,0,0
28980,0,0,0
281093,0,0,0
58413,0,0,0
335487,0,0,0
408810,0,0,0
46467,0,0,0
359272,0,0,0
313143,0,0,0
12128,0,0,0
187069,0,0,0
48671,0,0,0
14180,0,0,0
139472,0,0,0
119621,0,0,0
152760,0,0,0
127846,0,0,0
78780,0,0,0
202303,0,0,0
32847,0,0,0
8157,0,0,0
266090,0,0,0
100287,0,0,0
158038,0,0,0
328195,0,0,0
322649,0,0,0
79818,0,0,0
173237,0,0,0
323334,0,0,0
223969,0,0,0
379963,0,0,0
177428,0,0,0
147164,0,0,0
174254,0,0,0
137995,0,0,0
201679,0,0,0
338616,0,0,0
379237,0,0,0
102484,0,0,0
339473,0,0,0
377292,0,0,0
221231,0,0,0
93047,0,0,0
365132,0,0,0
113715,0,0,0
353767,0,0,0
208645,0,0,0
398842,0,0,0
313929,0,0,0
40077,0,0,0
216363,0,0,0
288465,0,0,0
304981,0,0,0
363185,0,0,0
388443,0,0,0
195327,0,0,0
402273,0,0,0
188157,0,0,0
349097,0,0,0
153088,0,0,0
109984,0,0,0
202245,0,0,0
48018,0,0,0
124204,0,0,0
375048,0,0,0
138749,0,0,0
296307,0,0,0
219151,0,0,0
97361,0,0,0
77648,0,0,0
225939,0,0,0
378395,0,0,0
152088,0,0,0
403197,0,0,0
375134,0,0,0
376364,0,0,0
385584,0,0,0
297262,0,0,0
249523,0,0,0
310619,0,0,0
88464,0,0,0
168409,0,0,0
410110,0,0,0
63851,0,0,0
330113,0,0,0
88641,0,0,0
211017,0,0,0
129784,0,0,0
111208,0,0,0
366913,0,0,0
341639,0,0,0
336257,0,0,0
184659,0,0,0
243373,0,0,0
393481,0,0,0
405451,0,0,0
186605,0,0,0
222696,0,0,0
131427,0,0,0
326862,0,0,0
62664,0,0,0
240235,0,0,0
282933,0,0,0
273367,0,0,0
104539,0,0,0
245134,0,0,0
278179,0,0,0
226109,0,0,0
130770,0,0,0
69600,0,0,0
133227,0,0,0
101220,0,0,0
98070,0,0,0
98420,0,0,0
266057,0,0,0
225201,0,0,0
89154,0,0,0
69812,0,0,0
218749,0,0,0
106481,0,0,0
325084,0,0,0
291472,0,0,0
315722,0,0,0
233531,0,0,0
292659,0,0,0
9722,0,0,0
159726,0,0,0
281696,0,0,0
345640,0,0,0
370706,0,0,0
394193,0,0,0
213334,0,0,0
140299,0,0,0
225374,0,0,0
347257,0,0,0
116779,0,0,0
401830,0,0,0
225002,0,0,0
331209,0,0,0
375052,0,0,0
269386,0,0,0
79244,0,0,0
132366,0,0,0
46940,0,0,0
79225,0,0,0
347688,0,0,0
175885,0,0,0
375060,0,0,0
169752,0,0,0
13849,0,0,0
333709,0,0,0
114857,0,0,0
71709,0,0,0
308559,0,0,0
204223,0,0,0
330868,0,0,0
46981,0,0,0
201190,0,0,0
409747,0,0,0
211744,0,0,0
351903,0,0,0
246715,0,0,0
150410,0,0,0
332444,0,0,0
286564,0,0,0
137199,0,0,0
371756,0,0,0
74578,0,0,0
284752,0,0,0
44740,0,0,0
281869,0,0,0
195557,0,0,0
224852,0,0,0
346005,0,0,0
62122,0,0,0
186056,0,0,0
167150,0,0,0
229642,0,0,0
313401,0,0,0
125219,0,0,0
384776,0,0,0
272687,0,0,0
103948,0,0,0
178906,0,0,0
211797,0,0,0
388820,0,0,0
238509,0,0,0
222251,0,0,0
202554,0,0,0
316352,0,0,0
60182,0,0,0
134281,0,0,0
298224,0,0,0
299435,0,0,0
212855,0,0,0
199835,0,0,0
38279,0,0,0
280564,0,0,0
91743,0,0,0
200810,0,0,0
203451,0,0,0
38711,0,0,0
253972,0,0,0
384980,0,0,0
169819,0,0,0
236742,0,0,0
256427,0,0,0
294054,0,0,0
343522,0,0,0
175605,0,0,0
190228,0,0,0
141010,0,0,0
134678,0,0,0
280140,0,0,0
253483,0,0,0
124395,0,0,0
191271,0,0,0
304599,0,0,0
225140,0,0,0
312528,0,0,0
258221,0,0,0
209135,0,0,0
28513,0,0,0
363667,0,0,0
7068,0,0,0
317519,0,0,0
229044,0,0,0
331645,0,0,0
141318,0,0,0
177947,0,0,0
363242,0,0,0
178166,0,0,0
220962,0,0,0
206090,0,0,0
43877,0,0,0
208086,0,0,0
135691,0,0,0
296580,0,0,0
363754,0,0,0
314082,0,0,0
176412,0,0,0
207976,0,0,0
69872,0,0,0
251466,0,0,0
194361,0,0,0
29750,0,0,0
132859,0,0,0
227618,0,0,0
37824,0,0,0
332831,0,0,0
383445,0,0,0
48592,0,0,0
74558,0,0,0
258830,0,0,0
194591,0,0,0
184083,0,0,0
36418,0,0,0
133354,0,0,0
16771,0,0,0
343561,0,0,0
27138,0,0,0
163845,0,0,0
359474,0,0,0
152846,0,0,0
227480,0,0,0
204391,0,0,0
216850,0,0,0
312244,0,0,0
330686,0,0,0
166015,0,0,0
208352,0,0,0
100227,0,0,0
49110,0,0,0
304045,0,0,0
26263,0,0,0
73124,0,0,0
48976,0,0,0
394463,0,0,0
12801,0,0,0
283071,0,0,0
310838,0,0,0
5888,0,0,0
13769,0,0,0
322179,0,0,0
121972,0,0,0
38063,0,0,0
187235,0,0,0
358531,0,0,0
228290,0,0,0
407851,0,0,0
36792,0,0,0
406051,0,0,0
246742,0,0,0
410212,0,0,0
283998,0,0,0
226783,0,0,0
299743,0,0,0
146348,0,0,0
127460,0,0,0
131767,0,0,0
78397,0,0,0
191542,0,0,0
240005,0,0,0
13559,0,0,0
275347,0,0,0
296414,0,0,0
349870,0,0,0
349837,0,0,0
179857,0,0,0
401750,0,0,0
345213,0,0,0
183493,0,0,0
107489,0,0,0
41467,0,0,0
172138,0,0,0
26443,0,0,0
104986,0,0,0
93617,0,0,0
106497,0,0,0
243715,0,0,0
176025,0,0,0
194105,0,0,0
300640,0,0,0
127940,0,0,0
388453,0,0,0
287458,0,0,0
90666,0,0,0
244993,0,0,0
227316,0,0,0
325588,0,0,0
4667,0,0,0
157314,0,0,0
105052,0,0,0
392880,0,0,0
90079,0,0,0
212819,0,0,0
363410,0,0,0
213027,0,0,0
56073,0,0,0
262594,0,0,0
174482,0,0,0
5453,0,0,0
83914,0,0,0
150110,0,0,0
22647,0,0,0
360894,0,0,0
247802,0,0,0
105076,0,0,0
241405,0,0,0
83657,0,0,0
385266,0,0,0
39202,0,0,0
41331,0,0,0
122948,0,0,0
119359,0,0,0
91773,0,0,0
226944,0,0,0
232089,0,0,0
95576,0,0,0
297962,0,0,0
307736,0,0,0
332304,0,0,0
398835,0,0,0
257777,0,0,0
161985,0,0,0
408597,0,0,0
296431,0,0,0
148741,0,0,0
119251,0,0,0
84893,0,0,0
360372,0,0,0
10060,0,0,0
316609,0,0,0
155758,0,0,0
247631,0,0,0
13234,0,0,0
339378,0,0,0
21304,0,0,0
287754,0,0,0
292331,0,0,0
242928,0,0,0
338537,0,0,0
32775,0,0,0
398955,0,0,0
333986,0,0,0
137423,0,0,0
340058,0,0,0
90321,0,0,0
126799,0,0,0
30320,0,0,0
20224,0,0,0
40856,0,0,0
334308,0,0,0
252405,0,0,0
282448,0,0,0
78633,0,0,0
361533,0,0,0
25796,0,0,0
361745,0,0,0
242844,0,0,0
69483,0,0,0
173438,0,0,0
160537,0,0,0
215961,0,0,0
309497,0,0,0
257437,0,0,0
102040,0,0,0
127202,0,0,0
11218,0,0,0
289924,0,0,0
4288,0,0,0
27932,0,0,0
380807,0,0,0
249847,0,0,0
140506,0,0,0
214701,0,0,0
394111,0,0,0
115866,0,0,0
105077,0,0,0
47885,0,0,0
148319,0,0,0
278000,0,0,0
185030,0,0,0
152951,0,0,0
94625,0,0,0
257014,0,0,0
67931,0,0,0
29586,0,0,0
35276,0,0,0
56290,0,0,0
39790,0,0,0
389391,0,0,0
311399,0,0,0
262368,0,0,0
351794,0,0,0
146884,0,0,0
139119,0,0,0
359232,0,0,0
110616,0,0,0
119296,0,0,0
308679,0,0,0
408279,0,0,0
342025,0,0,0
62864,0,0,0
84417,0,0,0
332414,0,0,0
124462,0,0,0
72979,0,0,0
331066,0,0,0
236386,0,0,0
110969,0,0,0
317729,0,0,0
10072,0,0,0
193004,0,0,0
159267,0,0,0
343641,0,0,0
279695,0,0,0
218676,0,0,0
314431,0,0,0
209715,0,0,0
217594,0,0,0
78523,0,0,0
373084,0,0,0
106006,0,0,0
389740,0,0,0
70013,0,0,0
147105,0,0,0
407074,0,0,0
401844,0,0,0
172615,0,0,0
198319,0,0,0
278080,0,0,0
347895,0,0,0
87949,0,0,0
362051,0,0,0
404615,0,0,0
290186,0,0,0
23281,0,0,0
383521,0,0,0
156919,0,0,0
369380,0,0,0
390566,0,0,0
393804,0,0,0
279783,0,0,0
369115,0,0,0
226872,0,0,0
378495,0,0,0
218902,0,0,0
123019,0,0,0
38726,0,0,0
271321,0,0,0
88854,0,0,0
315964,0,0,0
5808,0,0,0
113353,0,0,0
43978,0,0,0
276597,0,0,0
53882,0,0,0
185500,0,0,0
102601,0,0,0
344698,0,0,0
305295,0,0,0
55561,0,0,0
330693,0,0,0
222917,0,0,0
33969,0,0,0
369710,0,0,0
105223,0,0,0
167153,0,0,0
90966,0,0,0
280530,0,0,0
71855,0,0,0
275972,0,0,0
79215,0,0,0
341560,0,0,0
209242,0,0,0
391418,0,0,0
231715,0,0,0
124233,0,0,0
345443,0,0,0
197594,0,0,0
102943,0,0,0
257520,0,0,0
239274,0,0,0
301338,0,0,0
196447,0,0,0
4003,0,0,0
138090,0,0,0
49762,0,0,0
135209,0,0,0
391199,0,0,0
342663,0,0,0
301774,0,0,0
151510,0,0,0
245648,0,0,0
30491,0,0,0
145128,0,0,0
113355,0,0,0
85734,0,0,0
306003,0,0,0
181180,0,0,0
299324,0,0,0
399409,0,0,0
287808,0,0,0
346302,0,0,0
345919,0,0,0
80831,0,0,0
329983,0,0,0
4640,0,0,0
375468,0,0,0
408727,0,0,0
139073,0,0,0
387380,0,0,0
128108,0,0,0
346032,0,0,0
218261,0,0,0
93088,0,0,0
265430,0,0,0
73166,0,0,0
160864,0,0,0
236366,0,0,0
316699,0,0,0
106824,0,0,0
739,0,0,0
360467,0,0,0
19724,0,0,0
405521,0,0,0
108147,0,0,0
341780,0,0,0
188360,0,0,0
392305,0,0,0
259795,0,0,0
196308,0,0,0
10727,0,0,0
202209,0,0,0
184091,0,0,0
343188,0,0,0
17323,0,0,0
22839,0,0,0
140584,0,0,0
196312,0,0,0
264459,0,0,0
30674,0,0,0
264208,0,0,0
23418,0,0,0
281001,0,0,0
186687,0,0,0
330722,0,0,0
53358,0,0,0
223086,0,0,0
222721,0,0,0
387222,0,0,0
350197,0,0,0
111518,0,0,0
332478,0,0,0
1874,0,0,0
105935,0,0,0
355464,0,0,0
372654,0,0,0
346597,0,0,0
383230,0,0,0
134082,0,0,0
1275,0,0,0
62145,0,0,0
7134,0,0,0
43039,0,0,0
123021,0,0,0
30531,0,0,0
323157,0,0,0
374345,0,0,0
149482,0,0,0
206867,0,0,0
357175,0,0,0
64479,0,0,0
254908,0,0,0
241613,0,0,0
239950,0,0,0
235177,0,0,0
185955,0,0,0
115820,0,0,0
308248,0,0,0
87731,0,0,0
159828,0,0,0
321001,0,0,0
370094,0,0,0
62798,0,0,0
398269,0,0,0
68302,0,0,0
272555,0,0,0
165771,0,0,0
261563,0,0,0
388089,0,0,0
304755,0,0,0
282826,0,0,0
162245,0,0,0
373108,0,0,0
18079,0,0,0
319882,0,0,0
340225,0,0,0
294937,0,0,0
176235,0,0,0
84286,0,0,0
305621,0,0,0
371839,0,0,0
63792,0,0,0
116405,0,0,0
197595,0,0,0
393919,0,0,0
402505,0,0,0
323333,0,0,0
326470,0,0,0
20070,0,0,0
29063,0,0,0
244245,0,0,0
153721,0,0,0
118039,0,0,0
72003,0,0,0
173318,0,0,0
311442,0,0,0
200336,0,0,0
91462,0,0,0
161486,0,0,0
125232,0,0,0
213355,0,0,0
358125,0,0,0
58669,0,0,0
37100,0,0,0
182595,0,0,0
192780,0,0,0
125944,0,0,0
220727,0,0,0
208185,0,0,0
57134,0,0,0
310953,0,0,0
362076,0,0,0
203255,0,0,0
359890,0,0,0
340583,0,0,0
409596,0,0,0
124552,0,0,0
231755,0,0,0
75055,0,0,0
299641,0,0,0
19420,0,0,0
184671,0,0,0
113658,0,0,0
335049,0,0,0
331002,0,0,0
61726,0,0,0
385225,0,0,0
273124,0,0,0
371852,0,0,0
11458,0,0,0
75075,0,0,0
395918,0,0,0
290340,0,0,0
260698,0,0,0
242698,0,0,0
108221,0,0,0
156643,0,0,0
227694,0,0,0
114948,0,0,0
205324,0,0,0
96935,0,0,0
325271,0,0,0
370983,0,0,0
66813,0,0,0
403429,0,0,0
11657,0,0,0
245110,0,0,0
200969,0,0,0
80937,0,0,0
52739,0,0,0
241511,0,0,0
231552,0,0,0
372045,0,0,0
197125,0,0,0
44937,0,0,0
28669,0,0,0
276287,0,0,0
257244,0,0,0
152900,0,0,0
227445,0,0,0
76925,0,0,0
378425,0,0,0
162526,0,0,0
140979,0,0,0
404126,0,0,0
368941,0,0,0
72007,0,0,0
390461,0,0,0
64764,0,0,0
253247,0,0,0
142446,0,0,0
18315,0,0,0
362290,0,0,0
226960,0,0,0
45128,0,0,0
140413,0,0,0
392471,0,0,0
369672,0,0,0
45467,0,0,0
275493,0,0,0
82400,0,0,0
107841,0,0,0
301344,0,0,0
204639,0,0,0
386921,0,0,0
120143,0,0,0
155168,0,0,0
214934,0,0,0
293764,0,0,0
222876,0,0,0
297696,0,0,0
409483,0,0,0
212599,0,0,0
114986,0,0,0
322380,0,0,0
16374,0,0,0
269097,0,0,0
396659,0,0,0
387590,0,0,0
403867,0,0,0
79536,0,0,0
173905,0,0,0
25445,0,0,0
222204,0,0,0
49355,0,0,0
137700,0,0,0
86892,0,0,0
40877,0,0,0
171415,0,0,0
399042,0,0,0
138351,0,0,0
129995,0,0,0
337711,0,0,0
375556,0,0,0
90465,0,0,0
31494,0,0,0
298158,0,0,0
87114,0,0,0
172963,0,0,0
253050,0,0,0
232670,0,0,0
73551,0,0,0
211706,0,0,0
188988,0,0,0
65878,0,0,0
250518,0,0,0
223246,0,0,0
81855,0,0,0
327769,0,0,0
279710,0,0,0
379668,0,0,0
263028,0,0,0
112445,0,0,0
265595,0,0,0
385086,0,0,0
25645,0,0,0
295000,0,0,0
164966,0,0,0
340538,0,0,0
392165,0,0,0
168694,0,0,0
219640,0,0,0
386595,0,0,0
294284,0,0,0
182516,0,0,0
301422,0,0,0
118782,0,0,0
167488,0,0,0
300316,0,0,0
379661,0,0,0
195151,0,0,0
335962,0,0,0
394762,0,0,0
242152,0,0,0
406546,0,0,0
199863,0,0,0
115072,0,0,0
232567,0,0,0
13337,0,0,0
8580,0,0,0
60929,0,0,0
31823,0,0,0
27079,0,0,0
253497,0,0,0
348693,0,0,0
187356,0,0,0
135528,0,0,0
157769,0,0,0
122498,0,0,0
111459,0,0,0
386877,0,0,0
308424,0,0,0
406042,0,0,0
105863,0,0,0
332909,0,0,0
391569,0,0,0
206480,0,0,0
211198,0,0,0
125710,0,0,0
317566,0,0,0
384475,0,0,0
269546,0,0,0
93673,0,0,0
913,0,0,0
406079,0,0,0
238331,0,0,0
327339,0,0,0
346797,0,0,0
164053,0,0,0
48796,0,0,0
112321,0,0,0
108877,0,0,0
336205,0,0,0
336193,0,0,0
279840,0,0,0
117166,0,0,0
15103,0,0,0
26753,0,0,0
336421,0,0,0
401378,0,0,0
132659,0,0,0
401848,0,0,0
255450,0,0,0
34045,0,0,0
300471,0,0,0
137534,0,0,0
376366,0,0,0
253713,0,0,0
144117,0,0,0
177629,0,0,0
389468,0,0,0
221938,0,0,0
357335,0,0,0
240034,0,0,0
41066,0,0,0
381691,0,0,0
175183,0,0,0
115958,0,0,0
215489,0,0,0
283504,0,0,0
3913,0,0,0
347980,0,0,0
233115,0,0,0
212726,0,0,0
271512,0,0,0
409512,0,0,0
353560,0,0,0
372786,0,0,0
335273,0,0,0
154220,0,0,0
391297,0,0,0
62051,0,0,0
27531,0,0,0
380994,0,0,0
334966,0,0,0
108792,0,0,0
207130,0,0,0
320101,0,0,0
78496,0,0,0
364290,0,0,0
280702,0,0,0
153716,0,0,0
136933,0,0,0
7693,0,0,0
380107,0,0,0
202063,0,0,0
275430,0,0,0
371298,0,0,0
120166,0,0,0
252034,0,0,0
365681,0,0,0
341805,0,0,0
211045,0,0,0
289900,0,0,0
112659,0,0,0
318878,0,0,0
147525,0,0,0
11497,0,0,0
74496,0,0,0
137404,0,0,0
119815,0,0,0
203029,0,0,0
295503,0,0,0
170628,0,0,0
116622,0,0,0
121115,0,0,0
203428,0,0,0
367395,0,0,0
30469,0,0,0
26279,0,0,0
348282,0,0,0
99851,0,0,0
261541,0,0,0
179067,0,0,0
29076,0,0,0
39959,0,0,0
50322,0,0,0
259843,0,0,0
11716,0,0,0
178097,0,0,0
163608,0,0,0
263726,0,0,0
31356,0,0,0
246431,0,0,0
173148,0,0,0
319296,0,0,0
317330,0,0,0
322320,0,0,0
326437,0,0,0
351295,0,0,0
117676,0,0,0
407337,0,0,0
397994,0,0,0
409544,0,0,0
118948,0,0,0
128242,0,0,0
336333,0,0,0
256307,0,0,0
324740,0,0,0
268064,0,0,0
381614,0,0,0
258540,0,0,0
79118,0,0,0
399656,0,0,0
71311,0,0,0
247090,0,0,0
27245,0,0,0
138873,0,0,0
177140,0,0,0
196077,0,0,0
394705,0,0,0
103487,0,0,0
404335,0,0,0
236853,0,0,0
340987,0,0,0
148856,0,0,0
350483,0,0,0
397741,0,0,0
9584,0,0,0
219889,0,0,0
212915,0,0,0
347129,0,0,0
270503,0,0,0
212061,0,0,0
301712,0,0,0
82262,0,0,0
265933,0,0,0
373612,0,0,0
370572,0,0,0
320295,0,0,0
217415,0,0,0
214022,0,0,0
147236,0,0,0
144058,0,0,0
71121,0,0,0
35830,0,0,0
340092,0,0,0
41688,0,0,0
330241,0,0,0
286645,0,0,0
139192,0,0,0
377844,0,0,0
267162,0,0,0
69233,0,0,0
35638,0,0,0
107557,0,0,0
9179,0,0,0
267839,0,0,0
256633,0,0,0
130412,0,0,0
231962,0,0,0
96594,0,0,0
207435,0,0,0
289536,0,0,0
77704,0,0,0
221770,0,0,0
243254,0,0,0
204017,0,0,0
2510,0,0,0
11274,0,0,0
260958,0,0,0
155316,0,0,0
324118,0,0,0
188066,0,0,0
334414,0,0,0
313466,0,0,0
242582,0,0,0
318492,0,0,0
29481,0,0,0
355588,0,0,0
96749,0,0,0
237615,0,0,0
347802,0,0,0
189642,0,0,0
77332,0,0,0
204271,0,0,0
183780,0,0,0
306715,0,0,0
333951,0,0,0
223942,0,0,0
327849,0,0,0
56405,0,0,0
153112,0,0,0
103884,0,0,0
1637,0,0,0
81742,0,0,0
411214,0,0,0
391484,0,0,0
370857,0,0,0
359746,0,0,0
94015,0,0,0
109193,0,0,0
387977,0,0,0
20552,0,0,0
52420,0,0,0
109980,0,0,0
119625,0,0,0
310416,0,0,0
141399,0,0,0
232100,0,0,0
246374,0,0,0
143450,0,0,0
300160,0,0,0
383568,0,0,0
3039,0,0,0
267521,0,0,0
114644,0,0,0
231385,0,0,0
316906,0,0,0
349675,0,0,0
51523,0,0,0
29884,0,0,0
59783,0,0,0
31450,0,0,0
366723,0,0,0
340916,0,0,0
358669,0,0,0
222036,0,0,0
263395,0,0,0
349951,0,0,0
18053,0,0,0
70979,0,0,0
50737,0,0,0
260496,0,0,0
373202,0,0,0
163934,0,0,0
207248,0,0,0
138525,0,0,0
292397,0,0,0
331822,0,0,0
180966,0,0,0
17077,0,0,0
313003,0,0,0
81650,0,0,0
286459,0,0,0
7732,0,0,0
131187,0,0,0
61430,0,0,0
182135,0,0,0
211738,0,0,0
72387,0,0,0
351260,0,0,0
335281,0,0,0
89947,0,0,0
263970,0,0,0
337317,0,0,0
184748,0,0,0
214151,0,0,0
61743,0,0,0
277636,0,0,0
374320,0,0,0
73385,0,0,0
280901,0,0,0
347197,0,0,0
103496,0,0,0
50479,0,0,0
300961,0,0,0
247346,0,0,0
407407,0,0,0
295045,0,0,0
163373,0,0,0
79063,0,0,0
85497,0,0,0
362870,0,0,0
382569,0,0,0
367036,0,0,0
332229,0,0,0
407697,0,0,0
262973,0,0,0
34082,0,0,0
314191,0,0,0
220897,0,0,0
138983,0,0,0
41004,0,0,0
8922,0,0,0
182262,0,0,0
372582,0,0,0
317969,0,0,0
120301,0,0,0
323214,0,0,0
106516,0,0,0
367709,0,0,0
10393,0,0,0
329151,0,0,0
59656,0,0,0
381411,0,0,0
251528,0,0,0
369168,0,0,0
104888,0,0,0
406132,0,0,0
217519,0,0,0
234364,0,0,0
82402,0,0,0
169652,0,0,0
105688,0,0,0
17764,0,0,0
51094,0,0,0
37378,0,0,0
393184,0,0,0
332618,0,0,0
400318,0,0,0
219655,0,0,0
120021,0,0,0
68308,0,0,0
121096,0,0,0
96481,0,0,0
188147,0,0,0
338836,0,0,0
385834,0,0,0
224769,0,0,0
51699,0,0,0
336963,0,0,0
138280,0,0,0
155125,0,0,0
203799,0,0,0
289457,0,0,0
212806,0,0,0
151239,0,0,0
319074,0,0,0
20465,0,0,0
225947,0,0,0
169900,0,0,0
306552,0,0,0
353846,0,0,0
235676,0,0,0
64589,0,0,0
123908,0,0,0
138404,0,0,0
288998,0,0,0
353330,0,0,0
21357,0,0,0
402535,0,0,0
96459,0,0,0
324370,0,0,0
400140,0,0,0
363871,0,0,0
283064,0,0,0
3550,0,0,0
401947,0,0,0
106955,0,0,0
284629,0,0,0
66090,0,0,0
69523,0,0,0
357643,0,0,0
57709,0,0,0
364251,0,0,0
311368,0,0,0
317494,0,0,0
404427,0,0,0
164038,0,0,0
342961,0,0,0
82028,0,0,0
127726,0,0,0
404896,0,0,0
87842,0,0,0
11617,0,0,0
226003,0,0,0
23318,0,0,0
186911,0,0,0
89394,0,0,0
161413,0,0,0
348068,0,0,0
86626,0,0,0
31166,0,0,0
194226,0,0,0
248107,0,0,0
378130,0,0,0
372570,0,0,0
72297,0,0,0
388002,0,0,0
373374,0,0,0
160581,0,0,0
344064,0,0,0
46058,0,0,0
113650,0,0,0
253737,0,0,0
168830,0,0,0
39757,0,0,0
217750,0,0,0
112146,0,0,0
85470,0,0,0
170773,0,0,0
234081,0,0,0
229887,0,0,0
346012,0,0,0
376402,0,0,0
182318,0,0,0
404994,0,0,0
244351,0,0,0
168764,0,0,0
310996,0,0,0
321107,0,0,0
146747,0,0,0
133601,0,0,0
31004,0,0,0
47323,0,0,0
27622,0,0,0
179704,0,0,0
131072,0,0,0
4224,0,0,0
79834,0,0,0
390994,0,0,0
403203,0,0,0
175398,0,0,0
190035,0,0,0
53688,0,0,0
81481,0,0,0
51191,0,0,0
343222,0,0,0
247271,0,0,0
71436,0,0,0
183228,0,0,0
264984,0,0,0
229161,0,0,0
185498,0,0,0
91628,0,0,0
102760,0,0,0
35549,0,0,0
165232,0,0,0
278668,0,0,0
138800,0,0,0
58298,0,0,0
187734,0,0,0
134776,0,0,0
286402,0,0,0
97518,0,0,0
366099,0,0,0
232447,0,0,0
3613,0,0,0
26347,0,0,0
108193,0,0,0
411286,0,0,0
192674,0,0,0
323152,0,0,0
149012,0,0,0
390474,0,0,0
229522,0,0,0
161725,0,0,0
72933,0,0,0
271857,0,0,0
123385,0,0,0
255123,0,0,0
253108,0,0,0
162405,0,0,0
6890,0,0,0
147387,0,0,0
281159,0,0,0
175430,0,0,0
84589,0,0,0
387169,0,0,0
1558,0,0,0
378645,0,0,0
378510,0,0,0
1383,0,0,0
109971,0,0,0
151538,0,0,0
173996,0,0,0
362726,0,0,0
188604,0,0,0
121642,0,0,0
239282,0,0,0
27001,0,0,0
112091,0,0,0
273771,0,0,0
89180,0,0,0
41213,0,0,0
49416,0,0,0
25365,0,0,0
164449,0,0,0
9820,0,0,0
10226,0,0,0
364036,0,0,0
110217,0,0,0
339785,0,0,0
59309,0,0,0
358474,0,0,0
137160,0,0,0
54666,0,0,0
200779,0,0,0
284455,0,0,0
6627,0,0,0
207930,0,0,0
396420,0,0,0
268089,0,0,0
177019,0,0,0
95479,0,0,0
309867,0,0,0
91469,0,0,0
201221,0,0,0
368416,0,0,0
152384,0,0,0
183506,0,0,0
152164,0,0,0
407710,0,0,0
390896,0,0,0
61682,0,0,0
357362,0,0,0
245027,0,0,0
52929,0,0,0
381652,0,0,0
35255,0,0,0
6330,0,0,0
358715,0,0,0
250889,0,0,0
340479,0,0,0
145476,0,0,0
3706,0,0,0
27999,0,0,0
123610,0,0,0
358018,0,0,0
136678,0,0,0
126910,0,0,0
271037,0,0,0
78120,0,0,0
63736,0,0,0
88879,0,0,0
343713,0,0,0
25805,0,0,0
342609,0,0,0
360190,0,0,0
181557,0,0,0
33025,0,0,0
361501,0,0,0
33870,0,0,0
256755,0,0,0
370219,0,0,0
381605,0,0,0
274751,0,0,0
73812,0,0,0
315967,0,0,0
210016,0,0,0
96041,0,0,0
183446,0,0,0
208532,0,0,0
175854,0,0,0
328662,0,0,0
307689,0,0,0
150122,0,0,0
358488,0,0,0
178691,0,0,0
232361,0,0,0
371141,0,0,0
103237,0,0,0
196561,0,0,0
300581,0,0,0
13551,0,0,0
78714,0,0,0
167684,0,0,0
271671,0,0,0
9372,0,0,0
223501,0,0,0
138455,0,0,0
21612,0,0,0
341128,0,0,0
262693,0,0,0
8982,0,0,0
255302,0,0,0
386981,0,0,0
156473,0,0,0
65859,0,0,0
97133,0,0,0
201720,0,0,0
225248,0,0,0
383901,0,0,0
386665,0,0,0
70428,0,0,0
224490,0,0,0
24974,0,0,0
184757,0,0,0
318689,0,0,0
39554,0,0,0
223636,0,0,0
120645,0,0,0
314821,0,0,0
156063,0,0,0
356157,0,0,0
330394,0,0,0
240489,0,0,0
204168,0,0,0
169013,0,0,0
107812,0,0,0
162158,0,0,0
239989,0,0,0
365781,0,0,0
146544,0,0,0
139484,0,0,0
96243,0,0,0
135323,0,0,0
217147,0,0,0
293574,0,0,0
193248,0,0,0
47326,0,0,0
394447,0,0,0
357798,0,0,0
77121,0,0,0
110618,0,0,0
111666,0,0,0
283585,0,0,0
364622,0,0,0
104121,0,0,0
300058,0,0,0
390583,0,0,0
218822,0,0,0
301160,0,0,0
338430,0,0,0
114621,0,0,0
362540,0,0,0
48677,0,0,0
18443,0,0,0
394599,0,0,0
313464,0,0,0
223264,0,0,0
289138,0,0,0
227881,0,0,0
73691,0,0,0
1149,0,0,0
67209,0,0,0
29714,0,0,0
229755,0,0,0
361056,0,0,0
147576,0,0,0
265994,0,0,0
357226,0,0,0
33342,0,0,0
382683,0,0,0
346113,0,0,0
144175,0,0,0
364732,0,0,0
21036,0,0,0
143531,0,0,0
368691,0,0,0
135153,0,0,0
288972,0,0,0
34247,0,0,0
390262,0,0,0
173594,0,0,0
169871,0,0,0
326584,0,0,0
10225,0,0,0
257669,0,0,0
391481,0,0,0
236381,0,0,0
93510,0,0,0
354148,0,0,0
129123,0,0,0
334273,0,0,0
239546,0,0,0
73400,0,0,0
147982,0,0,0
47445,0,0,0
17715,0,0,0
131028,0,0,0
251398,0,0,0
6241,0,0,0
206264,0,0,0
153880,0,0,0
112124,0,0,0
181409,0,0,0
85155,0,0,0
256574,0,0,0
294091,0,0,0
213089,0,0,0
331732,0,0,0
64416,0,0,0
175640,0,0,0
291,0,0,0
23040,0,0,0
16799,0,0,0
206413,0,0,0
404480,0,0,0
393363,0,0,0
293385,0,0,0
238942,0,0,0
77962,0,0,0
105065,0,0,0
282301,0,0,0
204315,0,0,0
231443,0,0,0
120598,0,0,0
178805,0,0,0
245085,0,0,0
69855,0,0,0
38168,0,0,0
40519,0,0,0
48698,0,0,0
408778,0,0,0
9013,0,0,0
84987,0,0,0
307674,0,0,0
198088,0,0,0
398041,0,0,0
83230,0,0,0
213442,0,0,0
293739,0,0,0
144230,0,0,0
57827,0,0,0
365851,0,0,0
193113,0,0,0
133903,0,0,0
114865,0,0,0
223577,0,0,0
178951,0,0,0
233266,0,0,0
291696,0,0,0
253371,0,0,0
305273,0,0,0
50926,0,0,0
120258,0,0,0
260084,0,0,0
165803,0,0,0
287366,0,0,0
239425,0,0,0
329444,0,0,0
204291,0,0,0
371941,0,0,0
301763,0,0,0
401302,0,0,0
351625,0,0,0
238874,0,0,0
345571,0,0,0
383526,0,0,0
175641,0,0,0
10287,0,0,0
146833,0,0,0
152393,0,0,0
256140,0,0,0
221391,0,0,0
307400,0,0,0
394240,0,0,0
271134,0,0,0
81552,0,0,0
12278,0,0,0
144012,0,0,0
228644,0,0,0
5668,0,0,0
131240,0,0,0
275958,0,0,0
271851,0,0,0
136789,0,0,0
332915,0,0,0
312603,0,0,0
338721,0,0,0
151035,0,0,0
137845,0,0,0
219817,0,0,0
55613,0,0,0
297167,0,0,0
402529,0,0,0
147008,0,0,0
60123,0,0,0
400560,0,0,0
29350,0,0,0
165685,0,0,0
177763,0,0,0
188959,0,0,0
284570,0,0,0
254743,0,0,0
184697,0,0,0
15253,0,0,0
36776,0,0,0
50973,0,0,0
193143,0,0,0
164422,0,0,0
88735,0,0,0
196313,0,0,0
335618,0,0,0
391807,0,0,0
302604,0,0,0
369462,0,0,0
291190,0,0,0
145909,0,0,0
162356,0,0,0
383831,0,0,0
278514,0,0,0
161986,0,0,0
169834,0,0,0
124768,0,0,0
356298,0,0,0
400125,0,0,0
136236,0,0,0
328562,0,0,0
39709,0,0,0
382916,0,0,0
202860,0,0,0
234138,0,0,0
37294,0,0,0
333115,0,0,0
193998,0,0,0
199099,0,0,0
14372,0,0,0
232962,0,0,0
164257,0,0,0
203630,0,0,0
123247,0,0,0
81256,0,0,0
171387,0,0,0
176869,0,0,0
202041,0,0,0
93854,0,0,0
232188,0,0,0
209287,0,0,0
196026,0,0,0
79096,0,0,0
66838,0,0,0
138407,0,0,0
177717,0,0,0
295392,0,0,0
161325,0,0,0
142992,0,0,0
344519,0,0,0
117088,0,0,0
376226,0,0,0
174907,0,0,0
340542,0,0,0
25493,0,0,0
142541,0,0,0
392121,0,0,0
17054,0,0,0
357528,0,0,0
6232,0,0,0
72369,0,0,0
278992,0,0,0
282142,0,0,0
216315,0,0,0
181464,0,0,0
176764,0,0,0
32412,0,0,0
230956,0,0,0
132292,0,0,0
141017,0,0,0
314348,0,0,0
141917,0,0,0
96865,0,0,0
184038,0,0,0
280996,0,0,0
31397,0,0,0
338222,0,0,0
337286,0,0,0
42608,0,0,0
398712,0,0,0
349394,0,0,0
212756,0,0,0
374351,0,0,0
250739,0,0,0
335748,0,0,0
246757,0,0,0
114380,0,0,0
57088,0,0,0
254668,0,0,0
237268,0,0,0
143309,0,0,0
291040,0,0,0
195536,0,0,0
178281,0,0,0
46100,0,0,0
380243,0,0,0
93139,0,0,0
4487,0,0,0
308539,0,0,0
13757,0,0,0
139229,0,0,0
48821,0,0,0
19411,0,0,0
397194,0,0,0
218247,0,0,0
72864,0,0,0
352831,0,0,0
185537,0,0,0
192825,0,0,0
107583,0,0,0
56444,0,0,0
128756,0,0,0
10625,0,0,0
93373,0,0,0
101834,0,0,0
324238,0,0,0
203582,0,0,0
336151,0,0,0
234450,0,0,0
89499,0,0,0
151189,0,0,0
353108,0,0,0
188341,0,0,0
213831,0,0,0
343733,0,0,0
18463,0,0,0
8908,0,0,0
311575,0,0,0
173137,0,0,0
348592,0,0,0
230831,0,0,0
298380,0,0,0
58192,0,0,0
332011,0,0,0
392002,0,0,0
316379,0,0,0
215554,0,0,0
264451,0,0,0
200079,0,0,0
228864,0,0,0
381437,0,0,0
42615,0,0,0
250265,0,0,0
24885,0,0,0
308065,0,0,0
395221,0,0,0
41652,0,0,0
364527,0,0,0
14604,0,0,0
115473,0,0,0
154155,0,0,0
121578,0,0,0
74197,0,0,0
397989,0,0,0
286312,0,0,0
320963,0,0,0
113261,0,0,0
401014,0,0,0
332777,0,0,0
180476,0,0,0
278667,0,0,0
387463,0,0,0
185402,0,0,0
169374,0,0,0
389878,0,0,0
387263,0,0,0
286410,0,0,0
261308,0,0,0
183191,0,0,0
127302,0,0,0
410136,0,0,0
232086,0,0,0
83402,0,0,0
234869,0,0,0
255298,0,0,0
157664,0,0,0
194043,0,0,0
141253,0,0,0
9749,0,0,0
92307,0,0,0
33675,0,0,0
231982,0,0,0
265300,0,0,0
153562,0,0,0
182725,0,0,0
8210,0,0,0
375834,0,0,0
208587,0,0,0
20452,0,0,0
276897,0,0,0
104823,0,0,0
169064,0,0,0
269338,0,0,0
339480,0,0,0
21059,0,0,0
104395,0,0,0
339971,0,0,0
380337,0,0,0
388957,0,0,0
180139,0,0,0
196728,0,0,0
369669,0,0,0
186087,0,0,0
57177,0,0,0
18958,0,0,0
21386,0,0,0
212530,0,0,0
278237,0,0,0
274369,0,0,0
277878,0,0,0
314224,0,0,0
189009,0,0,0
217258,0,0,0
210688,0,0,0
125970,0,0,0
293460,0,0,0
334044,0,0,0
364121,0,0,0
408347,0,0,0
245090,0,0,0
396530,0,0,0
8644,0,0,0
68918,0,0,0
97850,0,0,0
267167,0,0,0
191225,0,0,0
127791,0,0,0
333259,0,0,0
185815,0,0,0
65169,0,0,0
193199,0,0,0
356652,0,0,0
367551,0,0,0
385499,0,0,0
22687,0,0,0
265332,0,0,0
87936,0,0,0
355426,0,0,0
271815,0,0,0
59453,0,0,0
369017,0,0,0
44205,0,0,0
249795,0,0,0
71483,0,0,0
136113,0,0,0
265936,0,0,0
21278,0,0,0
53463,0,0,0
297413,0,0,0
48717,0,0,0
1953,0,0,0
68368,0,0,0
228743,0,0,0
203240,0,0,0
280705,0,0,0
135292,0,0,0
397829,0,0,0
216480,0,0,0
215779,0,0,0
372157,0,0,0
214938,0,0,0
61334,0,0,0
115068,0,0,0
309000,0,0,0
135901,0,0,0
398801,0,0,0
214806,0,0,0
370451,0,0,0
94442,0,0,0
87292,0,0,0
63039,0,0,0
122910,0,0,0
196271,0,0,0
391628,0,0,0
100802,0,0,0
168833,0,0,0
73289,0,0,0
15884,0,0,0
372198,0,0,0
300719,0,0,0
48118,0,0,0
334663,0,0,0
298677,0,0,0
74085,0,0,0
202070,0,0,0
10326,0,0,0
327832,0,0,0
305952,0,0,0
302224,0,0,0
203393,0,0,0
1843,0,0,0
317823,0,0,0
74126,0,0,0
48175,0,0,0
230207,0,0,0
140508,0,0,0
84043,0,0,0
48593,0,0,0
159415,0,0,0
246152,0,0,0
253494,0,0,0
343256,0,0,0
155290,0,0,0
208743,0,0,0
26645,0,0,0
22451,0,0,0
365687,0,0,0
170147,0,0,0
347482,0,0,0
75849,0,0,0
122464,0,0,0
171284,0,0,0
342289,0,0,0
282026,0,0,0
68906,0,0,0
92319,0,0,0
77018,0,0,0
69264,0,0,0
263729,0,0,0
8900,0,0,0
209892,0,0,0
228121,0,0,0
30134,0,0,0
176581,0,0,0
243658,0,0,0
76455,0,0,0
316023,0,0,0
20284,0,0,0
243976,0,0,0
51163,0,0,0
363247,0,0,0
288696,0,0,0
197600,0,0,0
79186,0,0,0
36781,0,0,0
56019,0,0,0
252521,0,0,0
231065,0,0,0
411167,0,0,0
84450,0,0,0
170724,0,0,0
103478,0,0,0
103424,0,0,0
207666,0,0,0
407318,0,0,0
154060,0,0,0
384885,0,0,0
44684,0,0,0
308881,0,0,0
68799,0,0,0
60040,0,0,0
135847,0,0,0
15173,0,0,0
354185,0,0,0
322026,0,0,0
379003,0,0,0
84533,0,0,0
34335,0,0,0
165777,0,0,0
265612,0,0,0
333629,0,0,0
338479,0,0,0
405045,0,0,0
289036,0,0,0
88585,0,0,0
156459,0,0,0
211039,0,0,0
120464,0,0,0
161533,0,0,0
305473,0,0,0
68523,0,0,0
251502,0,0,0
209132,0,0,0
70011,0,0,0
3060,0,0,0
52003,0,0,0
162433,0,0,0
283931,0,0,0
117605,0,0,0
188016,0,0,0
77175,0,0,0
200453,0,0,0
363548,0,0,0
66503,0,0,0
173972,0,0,0
167503,0,0,0
311676,0,0,0
193229,0,0,0
243136,0,0,0
106982,0,0,0
323018,0,0,0
201444,0,0,0
124871,0,0,0
247446,0,0,0
350747,0,0,0
97418,0,0,0
240502,0,0,0
144465,0,0,0
314786,0,0,0
265072,0,0,0
345804,0,0,0
157025,0,0,0
30677,0,0,0
13150,0,0,0
244232,0,0,0
131931,0,0,0
110718,0,0,0
178024,0,0,0
255301,0,0,0
119903,0,0,0
97023,0,0,0
375450,0,0,0
218234,0,0,0
46097,0,0,0
396852,0,0,0
46934,0,0,0
178833,0,0,0
2258,0,0,0
126706,0,0,0
273466,0,0,0
240909,0,0,0
286882,0,0,0
131627,0,0,0
392714,0,0,0
383899,0,0,0
147422,0,0,0
270966,0,0,0
129949,0,0,0
155017,0,0,0
30185,0,0,0
154279,0,0,0
172748,0,0,0
26826,0,0,0
164780,0,0,0
336590,0,0,0
387373,0,0,0
137825,0,0,0
328631,0,0,0
140569,0,0,0
230935,0,0,0
154689,0,0,0
357055,0,0,0
287768,0,0,0
198407,0,0,0
79847,0,0,0
276026,0,0,0
1390,0,0,0
406672,0,0,0
388480,0,0,0
114321,0,0,0
346231,0,0,0
397836,0,0,0
396116,0,0,0
144583,0,0,0
377115,0,0,0
215507,0,0,0
94956,0,0,0
251372,0,0,0
314952,0,0,0
47808,0,0,0
32637,0,0,0
297298,0,0,0
89978,0,0,0
41449,0,0,0
388620,0,0,0
106772,0,0,0
205653,0,0,0
324698,0,0,0
257933,0,0,0
368241,0,0,0
254670,0,0,0
182900,0,0,0
212301,0,0,0
232723,0,0,0
403943,0,0,0
238120,0,0,0
15264,0,0,0
377477,0,0,0
342899,0,0,0
31027,0,0,0
66509,0,0,0
322726,0,0,0
77433,0,0,0
382460,0,0,0
229098,0,0,0
373,0,0,0
149950,0,0,0
184600,0,0,0
153438,0,0,0
383155,0,0,0
20164,0,0,0
274004,0,0,0
254457,0,0,0
247682,0,0,0
234528,0,0,0
75586,0,0,0
170117,0,0,0
14401,0,0,0
11772,0,0,0
368850,0,0,0
404347,0,0,0
302674,0,0,0
81739,0,0,0
314367,0,0,0
119689,0,0,0
144376,0,0,0
49681,0,0,0
337996,0,0,0
128164,0,0,0
116078,0,0,0
280740,0,0,0
382687,0,0,0
52843,0,0,0
84374,0,0,0
32172,0,0,0
315932,0,0,0
237487,0,0,0
58486,0,0,0
304210,0,0,0
295243,0,0,0
285380,0,0,0
208870,0,0,0
7107,0,0,0
89061,0,0,0
73244,0,0,0
275156,0,0,0
89899,0,0,0
240512,0,0,0
317369,0,0,0
99019,0,0,0
90019,0,0,0
88970,0,0,0
219874,0,0,0
315855,0,0,0
356452,0,0,0
262602,0,0,0
374056,0,0,0
405672,0,0,0
224992,0,0,0
106593,0,0,0
166344,0,0,0
100552,0,0,0
34090,0,0,0
139515,0,0,0
175472,0,0,0
268215,0,0,0
252656,0,0,0
12019,0,0,0
174584,0,0,0
341046,0,0,0
306701,0,0,0
304316,0,0,0
290173,0,0,0
157611,0,0,0
129638,0,0,0
119667,0,0,0
111495,0,0,0
71175,0,0,0
82998,0,0,0
29904,0,0,0
277730,0,0,0
312857,0,0,0
283614,0,0,0
364340,0,0,0
144652,0,0,0
380704,0,0,0
90256,0,0,0
352515,0,0,0
119341,0,0,0
33391,0,0,0
262950,0,0,0
245577,0,0,0
408657,0,0,0
368764,0,0,0
254311,0,0,0
265346,0,0,0
55415,0,0,0
196241,0,0,0
394434,0,0,0
10233,0,0,0
369804,0,0,0
196185,0,0,0
153959,0,0,0
411382,0,0,0
244844,0,0,0
72321,0,0,0
196964,0,0,0
77573,0,0,0
219612,0,0,0
405814,0,0,0
183083,0,0,0
145780,0,0,0
360002,0,0,0
179377,0,0,0
285786,0,0,0
170085,0,0,0
114475,0,0,0
277734,0,0,0
409825,0,0,0
248190,0,0,0
237314,0,0,0
295558,0,0,0
62679,0,0,0
72440,0,0,0
327208,0,0,0
339465,0,0,0
169470,0,0,0
373805,0,0,0
276380,0,0,0
268626,0,0,0
265701,0,0,0
57495,0,0,0
170859,0,0,0
183761,0,0,0
360198,0,0,0
20834,0,0,0
47716,0,0,0
222403,0,0,0
345,0,0,0
128837,0,0,0
367991,0,0,0
221891,0,0,0
25002,0,0,0
130541,0,0,0
303319,0,0,0
193649,0,0,0
274356,0,0,0
91523,0,0,0
122841,0,0,0
43203,0,0,0
356658,0,0,0
85022,0,0,0
349315,0,0,0
397729,0,0,0
54544,0,0,0
193480,0,0,0
331517,0,0,0
348312,0,0,0
250974,0,0,0
215457,0,0,0
103650,0,0,0
117925,0,0,0
181298,0,0,0
356336,0,0,0
290798,0,0,0
96966,0,0,0
188000,0,0,0
394057,0,0,0
311167,0,0,0
80124,0,0,0
270375,0,0,0
223179,0,0,0
165188,0,0,0
210286,0,0,0
51459,0,0,0
228758,0,0,0
188397,0,0,0
237481,0,0,0
100412,0,0,0
179146,0,0,0
229615,0,0,0
355241,0,0,0
78993,0,0,0
387250,0,0,0
19446,0,0,0
243450,0,0,0
265649,0,0,0
7366,0,0,0
287859,0,0,0
11020,0,0,0
339472,0,0,0
110752,0,0,0
369810,0,0,0
67855,0,0,0
3476,0,0,0
337884,0,0,0
388358,0,0,0
266556,0,0,0
282475,0,0,0
199563,0,0,0
346168,0,0,0
87700,0,0,0
42831,0,0,0
59200,0,0,0
13663,0,0,0
126252,0,0,0
323852,0,0,0
381118,0,0,0
150416,0,0,0
37602,0,0,0
302009,0,0,0
354342,0,0,0
111680,0,0,0
33657,0,0,0
352116,0,0,0
270168,0,0,0
199858,0,0,0
173675,0,0,0
80543,0,0,0
60570,0,0,0
269242,0,0,0
363056,0,0,0
309695,0,0,0
218361,0,0,0
24137,0,0,0
46227,0,0,0
42371,0,0,0
209977,0,0,0
312484,0,0,0
73190,0,0,0
292274,0,0,0
388955,0,0,0
91691,0,0,0
225994,0,0,0
187803,0,0,0
168597,0,0,0
209039,0,0,0
374005,0,0,0
376877,0,0,0
95239,0,0,0
77656,0,0,0
374559,0,0,0
367960,0,0,0
75351,0,0,0
366555,0,0,0
14790,0,0,0
235054,0,0,0
81160,0,0,0
238636,0,0,0
156592,0,0,0
103039,0,0,0
89787,0,0,0
112414,0,0,0
257645,0,0,0
246410,0,0,0
20673,0,0,0
395179,0,0,0
298009,0,0,0
321887,0,0,0
97904,0,0,0
288831,0,0,0
371130,0,0,0
208440,0,0,0
276275,0,0,0
169403,0,0,0
183200,0,0,0
120432,0,0,0
255087,0,0,0
249211,0,0,0
366224,0,0,0
363079,0,0,0
266782,0,0,0
183873,0,0,0
240630,0,0,0
304334,0,0,0
91846,0,0,0
365601,0,0,0
275076,0,0,0
346131,0,0,0
306379,0,0,0
395432,0,0,0
139485,0,0,0
257030,0,0,0
325223,0,0,0
317590,0,0,0
46505,0,0,0
288875,0,0,0
35477,0,0,0
271361,0,0,0
73754,0,0,0
25686,0,0,0
210135,0,0,0
212587,0,0,0
131386,0,0,0
135151,0,0,0
157597,0,0,0
275941,0,0,0
42170,0,0,0
170763,0,0,0
36753,0,0,0
315707,0,0,0
33090,0,0,0
190234,0,0,0
24824,0,0,0
122646,0,0,0
180148,0,0,0
155874,0,0,0
375348,0,0,0
152095,0,0,0
219723,0,0,0
276645,0,0,0
253506,0,0,0
222362,0,0,0
15900,0,0,0
344630,0,0,0
185284,0,0,0
144097,0,0,0
95050,0,0,0
367357,0,0,0
356848,0,0,0
54631,0,0,0
401820,0,0,0
45415,0,0,0
370440,0,0,0
18578,0,0,0
127120,0,0,0
135509,0,0,0
67424,0,0,0
47422,0,0,0
266204,0,0,0
144666,0,0,0
381066,0,0,0
160985,0,0,0
92286,0,0,0
259256,0,0,0
317802,0,0,0
134963,0,0,0
321857,0,0,0
63950,0,0,0
233035,0,0,0
384330,0,0,0
322727,0,0,0
19082,0,0,0
28495,0,0,0
355240,0,0,0
257671,0,0,0
104491,0,0,0
204363,0,0,0
359275,0,0,0
124518,0,0,0
21894,0,0,0
391204,0,0,0
152833,0,0,0
136890,0,0,0
58467,0,0,0
327437,0,0,0
364608,0,0,0
409934,0,0,0
259148,0,0,0
282118,0,0,0
11286,0,0,0
37829,0,0,0
314625,0,0,0
274676,0,0,0
11237,0,0,0
20448,0,0,0
151098,0,0,0
176793,0,0,0
31281,0,0,0
51632,0,0,0
192120,0,0,0
153861,0,0,0
185804,0,0,0
110641,0,0,0
372978,0,0,0
233888,0,0,0
47966,0,0,0
225490,0,0,0
330900,0,0,0
190554,0,0,0
274459,0,0,0
73135,0,0,0
18102,0,0,0
323492,0,0,0
147632,0,0,0
108512,0,0,0
123361,0,0,0
328645,0,0,0
6151,0,0,0
335572,0,0,0
304740,0,0,0
138307,0,0,0
216189,0,0,0
6774,0,0,0
191556,0,0,0
151346,0,0,0
163924,0,0,0
91991,0,0,0
141260,0,0,0
103126,0,0,0
57868,0,0,0
198496,0,0,0
157519,0,0,0
325938,0,0,0
276379,0,0,0
246555,0,0,0
361577,0,0,0
36943,0,0,0
291857,0,0,0
357614,0,0,0
155961,0,0,0
406782,0,0,0
301997,0,0,0
391607,0,0,0
411099,0,0,0
223076,0,0,0
218779,0,0,0
219431,0,0,0
239013,0,0,0
166554,0,0,0
196065,0,0,0
288541,0,0,0
226687,0,0,0
186950,0,0,0
255531,0,0,0
409387,0,0,0
197086,0,0,0
277713,0,0,0
241761,0,0,0
78723,0,0,0
126471,0,0,0
306376,0,0,0
34133,0,0,0
69978,0,0,0
303821,0,0,0
221790,0,0,0
279646,0,0,0
180311,0,0,0
337474,0,0,0
10396,0,0,0
195188,0,0,0
370751,0,0,0
240659,0,0,0
301724,0,0,0
79737,0,0,0
368809,0,0,0
123545,0,0,0
235015,0,0,0
395396,0,0,0
42433,0,0,0
218297,0,0,0
346278,0,0,0
155686,0,0,0
224849,0,0,0
2056,0,0,0
349993,0,0,0
115857,0,0,0
40182,0,0,0
401150,0,0,0
301762,0,0,0
318751,0,0,0
322616,0,0,0
32212,0,0,0
408596,0,0,0
207467,0,0,0
265542,0,0,0
136605,0,0,0
61529,0,0,0
216898,0,0,0
113432,0,0,0
299320,0,0,0
209320,0,0,0
350415,0,0,0
59736,0,0,0
183167,0,0,0
256136,0,0,0
332260,0,0,0
351485,0,0,0
79806,0,0,0
209690,0,0,0
334519,0,0,0
192536,0,0,0
127556,0,0,0
129332,0,0,0
130247,0,0,0
372441,0,0,0
37811,0,0,0
385147,0,0,0
204683,0,0,0
289970,0,0,0
282326,0,0,0
220865,0,0,0
40526,0,0,0
54561,0,0,0
225732,0,0,0
287657,0,0,0
23393,0,0,0
314502,0,0,0
253507,0,0,0
197694,0,0,0
244998,0,0,0
350955,0,0,0
198727,0,0,0
228825,0,0,0
145562,0,0,0
188973,0,0,0
12029,0,0,0
321389,0,0,0
256901,0,0,0
299063,0,0,0
274989,0,0,0
169904,0,0,0
230928,0,0,0
66136,0,0,0
123415,0,0,0
163708,0,0,0
202461,0,0,0
17448,0,0,0
18852,0,0,0
204837,0,0,0
148904,0,0,0
287414,0,0,0
68871,0,0,0
174107,0,0,0
382476,0,0,0
187151,0,0,0
326457,0,0,0
212222,0,0,0
378790,0,0,0
43897,0,0,0
12635,0,0,0
233420,0,0,0
84104,0,0,0
256617,0,0,0
371642,0,0,0
113448,0,0,0
160541,0,0,0
91861,0,0,0
358233,0,0,0
97195,0,0,0
397395,0,0,0
14029,0,0,0
175549,0,0,0
275620,0,0,0
117861,0,0,0
25710,0,0,0
296182,0,0,0
259019,0,0,0
187522,0,0,0
29355,0,0,0
60522,0,0,0
227220,0,0,0
385692,0,0,0
296014,0,0,0
110456,0,0,0
58203,0,0,0
213238,0,0,0
100469,0,0,0
207126,0,0,0
161568,0,0,0
45559,0,0,0
72825,0,0,0
361226,0,0,0
216674,0,0,0
1189,0,0,0
214027,0,0,0
396540,0,0,0
325548,0,0,0
379505,0,0,0
54443,0,0,0
260259,0,0,0
97966,0,0,0
127538,0,0,0
62861,0,0,0
396944,0,0,0
157163,0,0,0
387403,0,0,0
328973,0,0,0
143214,0,0,0
384110,0,0,0
308061,0,0,0
63729,0,0,0
116839,0,0,0
379956,0,0,0
184653,0,0,0
22976,0,0,0
279202,0,0,0
186148,0,0,0
39173,0,0,0
399116,0,0,0
138064,0,0,0
327716,0,0,0
142603,0,0,0
303940,0,0,0
249540,0,0,0
333941,0,0,0
269675,0,0,0
225399,0,0,0
316263,0,0,0
72853,0,0,0
192103,0,0,0
321770,0,0,0
28490,0,0,0
201080,0,0,0
387029,0,0,0
56663,0,0,0
67365,0,0,0
21542,0,0,0
17640,0,0,0
66166,0,0,0
234841,0,0,0
80855,0,0,0
148391,0,0,0
4401,0,0,0
233459,0,0,0
276971,0,0,0
111928,0,0,0
214845,0,0,0
174278,0,0,0
239297,0,0,0
276543,0,0,0
54811,0,0,0
3059,0,0,0
315775,0,0,0
127246,0,0,0
19593,0,0,0
49887,0,0,0
195775,0,0,0
395101,0,0,0
328710,0,0,0
114127,0,0,0
72178,0,0,0
148249,0,0,0
269261,0,0,0
267819,0,0,0
219256,0,0,0
255479,0,0,0
114695,0,0,0
83546,0,0,0
144823,0,0,0
162476,0,0,0
355373,0,0,0
196923,0,0,0
76864,0,0,0
143059,0,0,0
302734,0,0,0
259698,0,0,0
336632,0,0,0
247386,0,0,0
370690,0,0,0
263931,0,0,0
166475,0,0,0
128675,0,0,0
291986,0,0,0
192478,0,0,0
410443,0,0,0
174628,0,0,0
387566,0,0,0
360967,0,0,0
157967,0,0,0
138916,0,0,0
347195,0,0,0
180334,0,0,0
79946,0,0,0
104158,0,0,0
307858,0,0,0
20896,0,0,0
104462,0,0,0
199249,0,0,0
38638,0,0,0
246264,0,0,0
241883,0,0,0
226539,0,0,0
195437,0,0,0
246490,0,0,0
104065,0,0,0
100705,0,0,0
300870,0,0,0
344264,0,0,0
3342,0,0,0
141138,0,0,0
43774,0,0,0
274385,0,0,0
340979,0,0,0
167992,0,0,0
401992,0,0,0
254604,0,0,0
374079,0,0,0
190131,0,0,0
189235,0,0,0
243163,0,0,0
94620,0,0,0
99281,0,0,0
192754,0,0,0
385507,0,0,0
243577,0,0,0
273721,0,0,0
99037,0,0,0
160306,0,0,0
360606,0,0,0
159472,0,0,0
33031,0,0,0
338238,0,0,0
389038,0,0,0
35705,0,0,0
34662,0,0,0
52867,0,0,0
276734,0,0,0
383132,0,0,0
137754,0,0,0
172104,0,0,0
238771,0,0,0
14771,0,0,0
67916,0,0,0
309571,0,0,0
295035,0,0,0
136958,0,0,0
283306,0,0,0
252255,0,0,0
384214,0,0,0
127150,0,0,0
129180,0,0,0
211436,0,0,0
21405,0,0,0
232954,0,0,0
292018,0,0,0
407945,0,0,0
382324,0,0,0
112290,0,0,0
311202,0,0,0
195643,0,0,0
141374,0,0,0
120709,0,0,0
201730,0,0,0
64017,0,0,0
409754,0,0,0
244147,0,0,0
358944,0,0,0
265572,0,0,0
22425,0,0,0
149868,0,0,0
242926,0,0,0
362322,0,0,0
285094,0,0,0
360379,0,0,0
28459,0,0,0
266243,0,0,0
282685,0,0,0
179116,0,0,0
259402,0,0,0
82843,0,0,0
305561,0,0,0
224354,0,0,0
360401,0,0,0
215496,0,0,0
18598,0,0,0
143597,0,0,0
211011,0,0,0
123898,0,0,0
93469,0,0,0
161640,0,0,0
336066,0,0,0
3687,0,0,0
266652,0,0,0
18503,0,0,0
212965,0,0,0
156157,0,0,0
6585,0,0,0
104975,0,0,0
134922,0,0,0
120312,0,0,0
54375,0,0,0
313328,0,0,0
117784,0,0,0
366154,0,0,0
5780,0,0,0
137135,0,0,0
96096,0,0,0
121834,0,0,0
125597,0,0,0
149601,0,0,0
307270,0,0,0
39696,0,0,0
105225,0,0,0
266472,0,0,0
158183,0,0,0
340925,0,0,0
34358,0,0,0
334886,0,0,0
172929,0,0,0
318380,0,0,0
265389,0,0,0
29295,0,0,0
369967,0,0,0
410092,0,0,0
374889,0,0,0
59538,0,0,0
62851,0,0,0
175349,0,0,0
272573,0,0,0
388406,0,0,0
254666,0,0,0
318601,0,0,0
99495,0,0,0
209770,0,0,0
168262,0,0,0
191054,0,0,0
302099,0,0,0
33962,0,0,0
391531,0,0,0
5530,0,0,0
280854,0,0,0
172478,0,0,0
240621,0,0,0
390453,0,0,0
258844,0,0,0
339145,0,0,0
22454,0,0,0
134979,0,0,0
253338,0,0,0
189827,0,0,0
34075,0,0,0
44076,0,0,0
221359,0,0,0
208305,0,0,0
234688,0,0,0
359702,0,0,0
125363,0,0,0
280967,0,0,0
214149,0,0,0
7852,0,0,0
36796,0,0,0
408025,0,0,0
202659,0,0,0
317412,0,0,0
345968,0,0,0
192389,0,0,0
40065,0,0,0
259057,0,0,0
225003,0,0,0
265024,0,0,0
136610,0,0,0
153884,0,0,0
360156,0,0,0
120194,0,0,0
110758,0,0,0
121772,0,0,0
46343,0,0,0
289824,0,0,0
194679,0,0,0
378115,0,0,0
196370,0,0,0
111116,0,0,0
400507,0,0,0
302761,0,0,0
335218,0,0,0
324068,0,0,0
388640,0,0,0
41666,0,0,0
254150,0,0,0
302884,0,0,0
252422,0,0,0
349400,0,0,0
32131,0,0,0
304355,0,0,0
332613,0,0,0
192200,0,0,0
61383,0,0,0
384630,0,0,0
148423,0,0,0
128169,0,0,0
241797,0,0,0
363424,0,0,0
26908,0,0,0
236416,0,0,0
332546,0,0,0
242609,0,0,0
180109,0,0,0
309820,0,0,0
153397,0,0,0
355142,0,0,0
126427,0,0,0
106820,0,0,0
101414,0,0,0
37091,0,0,0
93278,0,0,0
263601,0,0,0
338357,0,0,0
301128,0,0,0
151182,0,0,0
126914,0,0,0
188263,0,0,0
31326,0,0,0
176937,0,0,0
246586,0,0,0
176753,0,0,0
122940,0,0,0
45681,0,0,0
389356,0,0,0
242359,0,0,0
390324,0,0,0
332066,0,0,0
361493,0,0,0
14839,0,0,0
36459,0,0,0
371110,0,0,0
25376,0,0,0
303092,0,0,0
292855,0,0,0
73700,0,0,0
296060,0,0,0
404802,0,0,0
201713,0,0,0
342884,0,0,0
302331,0,0,0
71385,0,0,0
290741,0,0,0
404904,0,0,0
119323,0,0,0
214677,0,0,0
136092,0,0,0
250388,0,0,0
12458,0,0,0
79216,0,0,0
401238,0,0,0
216420,0,0,0
164843,0,0,0
147711,0,0,0
336718,0,0,0
364540,0,0,0
245809,0,0,0
385569,0,0,0
110067,0,0,0
5305,0,0,0
170750,0,0,0
4726,0,0,0
357461,0,0,0
380812,0,0,0
2486,0,0,0
42706,0,0,0
345077,0,0,0
357459,0,0,0
24146,0,0,0
177897,0,0,0
53436,0,0,0
347262,0,0,0
247556,0,0,0
101448,0,0,0
288046,0,0,0
338044,0,0,0
84421,0,0,0
312668,0,0,0
155893,0,0,0
319128,0,0,0
404824,0,0,0
252921,0,0,0
142291,0,0,0
386559,0,0,0
273926,0,0,0
124335,0,0,0
98748,0,0,0
55085,0,0,0
304128,0,0,0
305745,0,0,0
268775,0,0,0
87735,0,0,0
215585,0,0,0
229190,0,0,0
96921,0,0,0
58493,0,0,0
343282,0,0,0
385337,0,0,0
370474,0,0,0
325324,0,0,0
403959,0,0,0
362483,0,0,0
253138,0,0,0
173374,0,0,0
89445,0,0,0
281567,0,0,0
204765,0,0,0
5871,0,0,0
73477,0,0,0
105830,0,0,0
244198,0,0,0
68834,0,0,0
317309,0,0,0
200433,0,0,0
18589,0,0,0
386392,0,0,0
105583,0,0,0
177714,0,0,0
123193,0,0,0
327387,0,0,0
146529,0,0,0
25602,0,0,0
198844,0,0,0
387440,0,0,0
33503,0,0,0
360481,0,0,0
76971,0,0,0
287921,0,0,0
401910,0,0,0
390823,0,0,0
218253,0,0,0
40280,0,0,0
128428,0,0,0
285940,0,0,0
354639,0,0,0
381368,0,0,0
200584,0,0,0
183096,0,0,0
306886,0,0,0
169533,0,0,0
302930,0,0,0
183997,0,0,0
327925,0,0,0
122129,0,0,0
232210,0,0,0
130579,0,0,0
266407,0,0,0
165848,0,0,0
372475,0,0,0
63674,0,0,0
304606,0,0,0
343166,0,0,0
369469,0,0,0
327938,0,0,0
75483,0,0,0
175445,0,0,0
461,0,0,0
404848,0,0,0
300633,0,0,0
400188,0,0,0
403433,0,0,0
131529,0,0,0
24818,0,0,0
17788,0,0,0
335034,0,0,0
102490,0,0,0
389494,0,0,0
134327,0,0,0
65099,0,0,0
130967,0,0,0
346928,0,0,0
225377,0,0,0
113316,0,0,0
246601,0,0,0
366853,0,0,0
87085,0,0,0
59771,0,0,0
144223,0,0,0
352302,0,0,0
234273,0,0,0
172470,0,0,0
227608,0,0,0
183865,0,0,0
347990,0,0,0
246080,0,0,0
121565,0,0,0
356912,0,0,0
273243,0,0,0
163360,0,0,0
255749,0,0,0
51497,0,0,0
29404,0,0,0
346351,0,0,0
326415,0,0,0
260041,0,0,0
307192,0,0,0
63557,0,0,0
188353,0,0,0
312295,0,0,0
399138,0,0,0
54806,0,0,0
130237,0,0,0
311441,0,0,0
357808,0,0,0
32315,0,0,0
331762,0,0,0
302460,0,0,0
64092,0,0,0
377074,0,0,0
224963,0,0,0
135946,0,0,0
184913,0,0,0
223861,0,0,0
348925,0,0,0
192372,0,0,0
159960,0,0,0
346045,0,0,0
138322,0,0,0
327241,0,0,0
368496,0,0,0
192078,0,0,0
174212,0,0,0
210340,0,0,0
367531,0,0,0
156380,0,0,0
332897,0,0,0
57531,0,0,0
241806,0,0,0
227862,0,0,0
369777,0,0,0
142295,0,0,0
41386,0,0,0
30558,0,0,0
256786,0,0,0
378203,0,0,0
348298,0,0,0
230387,0,0,0
140727,0,0,0
257411,0,0,0
51053,0,0,0
292449,0,0,0
19008,0,0,0
19309,0,0,0
158209,0,0,0
250693,0,0,0
380007,0,0,0
268753,0,0,0
304160,0,0,0
305968,0,0,0
70653,0,0,0
311153,0,0,0
199652,0,0,0
92526,0,0,0
154048,0,0,0
324685,0,0,0
251989,0,0,0
29580,0,0,0
81385,0,0,0
402810,0,0,0
394841,0,0,0
76568,0,0,0
944,0,0,0
115392,0,0,0
87572,0,0,0
370594,0,0,0
346518,0,0,0
376360,0,0,0
167046,0,0,0
115357,0,0,0
395547,0,0,0
201849,0,0,0
87329,0,0,0
116296,0,0,0
377095,0,0,0
204089,0,0,0
96022,0,0,0
286928,0,0,0
34194,0,0,0
355209,0,0,0
231117,0,0,0
35021,0,0,0
84141,0,0,0
98353,0,0,0
248608,0,0,0
212516,0,0,0
94172,0,0,0
410388,0,0,0
372667,0,0,0
116602,0,0,0
261600,0,0,0
18823,0,0,0
104850,0,0,0
339445,0,0,0
326380,0,0,0
23006,0,0,0
29231,0,0,0
67251,0,0,0
323485,0,0,0
322115,0,0,0
106235,0,0,0
183450,0,0,0
160624,0,0,0
315926,0,0,0
193977,0,0,0
339847,0,0,0
152861,0,0,0
377845,0,0,0
14123,0,0,0
71943,0,0,0
220334,0,0,0
380204,0,0,0
306898,0,0,0
6569,0,0,0
130215,0,0,0
191839,0,0,0
351566,0,0,0
145884,0,0,0
225119,0,0,0
298579,0,0,0
385325,0,0,0
265635,0,0,0
330973,0,0,0
229521,0,0,0
378902,0,0,0
120023,0,0,0
285780,0,0,0
402470,0,0,0
99720,0,0,0
39943,0,0,0
392163,0,0,0
151235,0,0,0
283251,0,0,0
265605,0,0,0
104728,0,0,0
57760,0,0,0
387886,0,0,0
129739,0,0,0
307762,0,0,0
245871,0,0,0
57759,0,0,0
347462,0,0,0
42142,0,0,0
35772,0,0,0
238726,0,0,0
125395,0,0,0
222970,0,0,0
193942,0,0,0
73614,0,0,0
269896,0,0,0
225527,0,0,0
201178,0,0,0
67084,0,0,0
104935,0,0,0
33613,0,0,0
161878,0,0,0
225105,0,0,0
127782,0,0,0
269482,0,0,0
239967,0,0,0
11285,0,0,0
199758,0,0,0
7539,0,0,0
331887,0,0,0
138700,0,0,0
273023,0,0,0
277248,0,0,0
194394,0,0,0
371883,0,0,0
146589,0,0,0
11898,0,0,0
54482,0,0,0
320003,0,0,0
170980,0,0,0
207120,0,0,0
364401,0,0,0
91519,0,0,0
276732,0,0,0
243199,0,0,0
350753,0,0,0
222279,0,0,0
2661,0,0,0
228392,0,0,0
213218,0,0,0
85977,0,0,0
386222,0,0,0
279570,0,0,0
321634,0,0,0
230205,0,0,0
48001,0,0,0
209687,0,0,0
319991,0,0,0
182761,0,0,0
207313,0,0,0
99663,0,0,0
16862,0,0,0
10614,0,0,0
368698,0,0,0
254447,0,0,0
351519,0,0,0
22597,0,0,0
342156,0,0,0
113000,0,0,0
204288,0,0,0
150453,0,0,0
374389,0,0,0
53340,0,0,0
234433,0,0,0
281638,0,0,0
320021,0,0,0
361883,0,0,0
231940,0,0,0
352088,0,0,0
382465,0,0,0
173039,0,0,0
308144,0,0,0
53880,0,0,0
304509,0,0,0
210889,0,0,0
167377,0,0,0
344280,0,0,0
336248,0,0,0
223605,0,0,0
297847,0,0,0
245253,0,0,0
337881,0,0,0
125794,0,0,0
357567,0,0,0
385937,0,0,0
192053,0,0,0
89581,0,0,0
184381,0,0,0
138079,0,0,0
304914,0,0,0
173450,0,0,0
267199,0,0,0
144032,0,0,0
191485,0,0,0
148009,0,0,0
221893,0,0,0
219356,0,0,0
350539,0,0,0
44063,0,0,0
314287,0,0,0
54557,0,0,0
290299,0,0,0
37451,0,0,0
156186,0,0,0
252542,0,0,0
216533,0,0,0
394872,0,0,0
117780,0,0,0
18280,0,0,0
226670,0,0,0
244922,0,0,0
203353,0,0,0
106722,0,0,0
314103,0,0,0
70547,0,0,0
199847,0,0,0
153046,0,0,0
326354,0,0,0
287097,0,0,0
322632,0,0,0
301203,0,0,0
308543,0,0,0
151231,0,0,0
362213,0,0,0
390717,0,0,0
186282,0,0,0
152568,0,0,0
218996,0,0,0
142379,0,0,0
324910,0,0,0
241304,0,0,0
112487,0,0,0
98370,0,0,0
96279,0,0,0
214773,0,0,0
381622,0,0,0
23722,0,0,0
47238,0,0,0
369826,0,0,0
316121,0,0,0
308715,0,0,0
13931,0,0,0
64827,0,0,0
291256,0,0,0
128176,0,0,0
37172,0,0,0
139497,0,0,0
139224,0,0,0
395820,0,0,0
16619,0,0,0
16133,0,0,0
2307,0,0,0
405395,0,0,0
33874,0,0,0
107055,0,0,0
141630,0,0,0
366090,0,0,0
11689,0,0,0
323981,0,0,0
283331,0,0,0
306313,0,0,0
236762,0,0,0
58270,0,0,0
220667,0,0,0
285179,0,0,0
240755,0,0,0
258642,0,0,0
115706,0,0,0
317829,0,0,0
176415,0,0,0
206474,0,0,0
325963,0,0,0
377431,0,0,0
403765,0,0,0
370681,0,0,0
347323,0,0,0
190960,0,0,0
352867,0,0,0
101308,0,0,0
142669,0,0,0
281549,0,0,0
213858,0,0,0
387787,0,0,0
25169,0,0,0
354134,0,0,0
271008,0,0,0
154122,0,0,0
404397,0,0,0
9165,0,0,0
168406,0,0,0
189654,0,0,0
264723,0,0,0
155560,0,0,0
286315,0,0,0
323021,0,0,0
122924,0,0,0
315040,0,0,0
72402,0,0,0
332631,0,0,0
327395,0,0,0
226024,0,0,0
237537,0,0,0
316601,0,0,0
301956,0,0,0
21394,0,0,0
118615,0,0,0
310114,0,0,0
294384,0,0,0
77635,0,0,0
17684,0,0,0
114885,0,0,0
78754,0,0,0
101205,0,0,0
303021,0,0,0
310698,0,0,0
89885,0,0,0
144189,0,0,0
182441,0,0,0
260903,0,0,0
272823,0,0,0
159157,0,0,0
345342,0,0,0
362481,0,0,0
146984,0,0,0
49931,0,0,0
128556,0,0,0
380208,0,0,0
57280,0,0,0
155203,0,0,0
6027,0,0,0
222971,0,0,0
145052,0,0,0
383958,0,0,0
315522,0,0,0
38785,0,0,0
121831,0,0,0
227659,0,0,0
139575,0,0,0
195055,0,0,0
4096,0,0,0
43601,0,0,0
138181,0,0,0
92427,0,0,0
278690,0,0,0
74764,0,0,0
270628,0,0,0
31535,0,0,0
182525,0,0,0
145842,0,0,0
323751,0,0,0
36877,0,0,0
349116,0,0,0
64997,0,0,0
239512,0,0,0
42488,0,0,0
277513,0,0,0
360120,0,0,0
45361,0,0,0
402839,0,0,0
357742,0,0,0
397703,0,0,0
302140,0,0,0
151688,0,0,0
239039,0,0,0
50077,0,0,0
397434,0,0,0
95908,0,0,0
338884,0,0,0
64010,0,0,0
397246,0,0,0
59023,0,0,0
391401,0,0,0
204287,0,0,0
288715,0,0,0
268387,0,0,0
204095,0,0,0
126138,0,0,0
40954,0,0,0
43812,0,0,0
3372,0,0,0
46703,0,0,0
5822,0,0,0
14310,0,0,0
235530,0,0,0
155724,0,0,0
105255,0,0,0
242790,0,0,0
86461,0,0,0
59182,0,0,0
306826,0,0,0
23247,0,0,0
250233,0,0,0
133052,0,0,0
91970,0,0,0
309218,0,0,0
85888,0,0,0
203141,0,0,0
224297,0,0,0
314608,0,0,0
45996,0,0,0
324573,0,0,0
86809,0,0,0
203396,0,0,0
309054,0,0,0
326020,0,0,0
332847,0,0,0
95338,0,0,0
104689,0,0,0
238867,0,0,0
47798,0,0,0
167107,0,0,0
40907,0,0,0
326019,0,0,0
200605,0,0,0
46307,0,0,0
40737,0,0,0
247616,0,0,0
3574,0,0,0
296150,0,0,0
8212,0,0,0
260288,0,0,0
56828,0,0,0
326620,0,0,0
255215,0,0,0
366469,0,0,0
408971,0,0,0
101154,0,0,0
296408,0,0,0
337992,0,0,0
75126,0,0,0
328866,0,0,0
192007,0,0,0
402150,0,0,0
3978,0,0,0
383321,0,0,0
343045,0,0,0
233127,0,0,0
65577,0,0,0
138061,0,0,0
205202,0,0,0
92202,0,0,0
26543,0,0,0
18390,0,0,0
339604,0,0,0
16706,0,0,0
14426,0,0,0
182885,0,0,0
274127,0,0,0
98825,0,0,0
371336,0,0,0
259735,0,0,0
80343,0,0,0
349015,0,0,0
15504,0,0,0
397916,0,0,0
348361,0,0,0
298213,0,0,0
215088,0,0,0
227462,0,0,0
34940,0,0,0
151010,0,0,0
317971,0,0,0
98861,0,0,0
289282,0,0,0
280812,0,0,0
286718,0,0,0
356817,0,0,0
102418,0,0,0
307785,0,0,0
59034,0,0,0
185813,0,0,0
291627,0,0,0
63691,0,0,0
279833,0,0,0
85185,0,0,0
51031,0,0,0
258793,0,0,0
343050,0,0,0
149799,0,0,0
30974,0,0,0
294014,0,0,0
371740,0,0,0
313446,0,0,0
34709,0,0,0
34937,0,0,0
232816,0,0,0
117300,0,0,0
32391,0,0,0
255908,0,0,0
206551,0,0,0
265879,0,0,0
378583,0,0,0
221539,0,0,0
67271,0,0,0
208806,0,0,0
116504,0,0,0
147835,0,0,0
34774,0,0,0
206897,0,0,0
343651,0,0,0
226408,0,0,0
61697,0,0,0
326348,0,0,0
62687,0,0,0
229913,0,0,0
190827,0,0,0
120247,0,0,0
324752,0,0,0
218389,0,0,0
301705,0,0,0
149704,0,0,0
347126,0,0,0
11676,0,0,0
48709,0,0,0
269806,0,0,0
77985,0,0,0
134025,0,0,0
294786,0,0,0
183771,0,0,0
58696,0,0,0
38008,0,0,0
352046,0,0,0
324622,0,0,0
18993,0,0,0
289814,0,0,0
359446,0,0,0
12454,0,0,0
230176,0,0,0
58526,0,0,0
406226,0,0,0
27684,0,0,0
150142,0,0,0
118965,0,0,0
319126,0,0,0
101248,0,0,0
328294,0,0,0
20184,0,0,0
390869,0,0,0
190933,0,0,0
245529,0,0,0
280418,0,0,0
263905,0,0,0
289546,0,0,0
338397,0,0,0
364533,0,0,0
364645,0,0,0
94524,0,0,0
99114,0,0,0
350289,0,0,0
166490,0,0,0
406465,0,0,0
213347,0,0,0
89700,0,0,0
227347,0,0,0
240840,0,0,0
226917,0,0,0
159834,0,0,0
395380,0,0,0
248337,0,0,0
74528,0,0,0
345633,0,0,0
18181,0,0,0
409462,0,0,0
219015,0,0,0
173172,0,0,0
159625,0,0,0
100562,0,0,0
343043,0,0,0
264831,0,0,0
14459,0,0,0
16496,0,0,0
168424,0,0,0
372351,0,0,0
344204,0,0,0
208823,0,0,0
321022,0,0,0
38253,0,0,0
90157,0,0,0
88407,0,0,0
80003,0,0,0
33455,0,0,0
346538,0,0,0
319377,0,0,0
127345,0,0,0
341551,0,0,0
279227,0,0,0
115693,0,0,0
350163,0,0,0
373984,0,0,0
378968,0,0,0
409156,0,0,0
287996,0,0,0
328444,0,0,0
30371,0,0,0
166266,0,0,0
226547,0,0,0
265354,0,0,0
73912,0,0,0
399271,0,0,0
392929,0,0,0
236221,0,0,0
184451,0,0,0
46533,0,0,0
327806,0,0,0
4499,0,0,0
185891,0,0,0
93817,0,0,0
153930,0,0,0
361019,0,0,0
198342,0,0,0
353106,0,0,0
150562,0,0,0
125070,0,0,0
111189,0,0,0
393311,0,0,0
11541,0,0,0
263209,0,0,0
62332,0,0,0
93225,0,0,0
104026,0,0,0
129406,0,0,0
410316,0,0,0
89628,0,0,0
234507,0,0,0
402747,0,0,0
78584,0,0,0
224327,0,0,0
56487,0,0,0
151649,0,0,0
132456,0,0,0
189133,0,0,0
193873,0,0,0
289222,0,0,0
259645,0,0,0
179,0,0,0
123629,0,0,0
231527,0,0,0
354800,0,0,0
221237,0,0,0
21037,0,0,0
317333,0,0,0
234425,0,0,0
358008,0,0,0
280227,0,0,0
182475,0,0,0
11922,0,0,0
231555,0,0,0
43408,0,0,0
27130,0,0,0
66783,0,0,0
312132,0,0,0
272521,0,0,0
234082,0,0,0
296562,0,0,0
104448,0,0,0
71889,0,0,0
366185,0,0,0
7924,0,0,0
249932,0,0,0
94359,0,0,0
329678,0,0,0
295248,0,0,0
202494,0,0,0
137353,0,0,0
108312,0,0,0
349094,0,0,0
161643,0,0,0
135689,0,0,0
133623,0,0,0
172961,0,0,0
385709,0,0,0
283889,0,0,0
316391,0,0,0
115326,0,0,0
103258,0,0,0
51220,0,0,0
60523,0,0,0
189099,0,0,0
235698,0,0,0
64928,0,0,0
117369,0,0,0
139083,0,0,0
247798,0,0,0
46645,0,0,0
18895,0,0,0
407782,0,0,0
66295,0,0,0
255815,0,0,0
293529,0,0,0
399921,0,0,0
391890,0,0,0
255453,0,0,0
17452,0,0,0
176303,0,0,0
258208,0,0,0
295017,0,0,0
318935,0,0,0
194794,0,0,0
167721,0,0,0
1599,0,0,0
309285,0,0,0
274231,0,0,0
61510,0,0,0
352562,0,0,0
306100,0,0,0
178270,0,0,0
55545,0,0,0
323236,0,0,0
398573,0,0,0
409714,0,0,0
28211,0,0,0
326022,0,0,0
223346,0,0,0
382731,0,0,0
199709,0,0,0
353666,0,0,0
12076,0,0,0
169341,0,0,0
222603,0,0,0
78734,0,0,0
252327,0,0,0
288472,0,0,0
29221,0,0,0
303861,0,0,0
197280,0,0,0
342247,0,0,0
56468,0,0,0
329636,0,0,0
217701,0,0,0
325253,0,0,0
70117,0,0,0
187373,0,0,0
232942,0,0,0
266286,0,0,0
276348,0,0,0
261133,0,0,0
100296,0,0,0
264079,0,0,0
123596,0,0,0
97956,0,0,0
159230,0,0,0
402404,0,0,0
3107,0,0,0
166325,0,0,0
65595,0,0,0
107149,0,0,0
64607,0,0,0
153037,0,0,0
54693,0,0,0
353458,0,0,0
183763,0,0,0
367343,0,0,0
73011,0,0,0
13445,0,0,0
134244,0,0,0
40918,0,0,0
176522,0,0,0
65504,0,0,0
51214,0,0,0
202459,0,0,0
398404,0,0,0
32761,0,0,0
312800,0,0,0
167232,0,0,0
328145,0,0,0
120572,0,0,0
33743,0,0,0
133629,0,0,0
146578,0,0,0
399861,0,0,0
348827,0,0,0
84060,0,0,0
222882,0,0,0
71551,0,0,0
16360,0,0,0
53071,0,0,0
267405,0,0,0
232601,0,0,0
384123,0,0,0
380282,0,0,0
214917,0,0,0
367897,0,0,0
156562,0,0,0
125772,0,0,0
53134,0,0,0
44923,0,0,0
117601,0,0,0
305078,0,0,0
342339,0,0,0
62248,0,0,0
97727,0,0,0
97551,0,0,0
292325,0,0,0
115175,0,0,0
60409,0,0,0
96288,0,0,0
188100,0,0,0
235265,0,0,0
297431,0,0,0
350396,0,0,0
263262,0,0,0
361738,0,0,0
5108,0,0,0
130124,0,0,0
248511,0,0,0
295365,0,0,0
158074,0,0,0
42556,0,0,0
238926,0,0,0
264183,0,0,0
358686,0,0,0
112700,0,0,0
147946,0,0,0
229628,0,0,0
36899,0,0,0
223913,0,0,0
378350,0,0,0
100635,0,0,0
368798,0,0,0
179005,0,0,0
85298,0,0,0
180232,0,0,0
273035,0,0,0
250110,0,0,0
240531,0,0,0
294818,0,0,0
77317,0,0,0
301006,0,0,0
131783,0,0,0
383374,0,0,0
213914,0,0,0
334913,0,0,0
55315,0,0,0
146463,0,0,0
40829,0,0,0
135082,0,0,0
371015,0,0,0
173823,0,0,0
153839,0,0,0
204302,0,0,0
152298,0,0,0
363727,0,0,0
63571,0,0,0
18110,0,0,0
318621,0,0,0
20581,0,0,0
49280,0,0,0
106165,0,0,0
389960,0,0,0
104598,0,0,0
125738,0,0,0
166909,0,0,0
362689,0,0,0
285639,0,0,0
309398,0,0,0
258903,0,0,0
141712,0,0,0
309544,0,0,0
245268,0,0,0
378896,0,0,0
239766,0,0,0
302110,0,0,0
325415,0,0,0
95847,0,0,0
289388,0,0,0
46310,0,0,0
279967,0,0,0
343885,0,0,0
247769,0,0,0
319888,0,0,0
313951,0,0,0
112623,0,0,0
137478,0,0,0
287971,0,0,0
256631,0,0,0
49077,0,0,0
136397,0,0,0
276183,0,0,0
60541,0,0,0
152063,0,0,0
150690,0,0,0
138475,0,0,0
217863,0,0,0
349018,0,0,0
82617,0,0,0
398990,0,0,0
337896,0,0,0
166190,0,0,0
341041,0,0,0
217560,0,0,0
50579,0,0,0
309932,0,0,0
308735,0,0,0
268446,0,0,0
221218,0,0,0
94778,0,0,0
275805,0,0,0
374002,0,0,0
31934,0,0,0
54725,0,0,0
174026,0,0,0
344408,0,0,0
314785,0,0,0
409302,0,0,0
151897,0,0,0
186822,0,0,0
252797,0,0,0
255951,0,0,0
219554,0,0,0
261708,0,0,0
190934,0,0,0
373934,0,0,0
128712,0,0,0
23768,0,0,0
13927,0,0,0
172131,0,0,0
334215,0,0,0
263838,0,0,0
105975,0,0,0
93843,0,0,0
309005,0,0,0
379653,0,0,0
137038,0,0,0
371059,0,0,0
336791,0,0,0
25853,0,0,0
178532,0,0,0
322123,0,0,0
281245,0,0,0
17482,0,0,0
108113,0,0,0
352311,0,0,0
91695,0,0,0
181372,0,0,0
261760,0,0,0
106283,0,0,0
297591,0,0,0
126139,0,0,0
332244,0,0,0
131228,0,0,0
364650,0,0,0
262064,0,0,0
162014,0,0,0
362103,0,0,0
148482,0,0,0
60084,0,0,0
388468,0,0,0
48334,0,0,0
393763,0,0,0
181560,0,0,0
230840,0,0,0
113228,0,0,0
137675,0,0,0
318548,0,0,0
52625,0,0,0
264477,0,0,0
263756,0,0,0
64346,0,0,0
15512,0,0,0
307750,0,0,0
408656,0,0,0
205556,0,0,0
227427,0,0,0
282044,0,0,0
353123,0,0,0
51166,0,0,0
332491,0,0,0
63015,0,0,0
369529,0,0,0
147357,0,0,0
237501,0,0,0
112849,0,0,0
149220,0,0,0
179860,0,0,0
363184,0,0,0
80868,0,0,0
370611,0,0,0
275979,0,0,0
343995,0,0,0
344760,0,0,0
206186,0,0,0
190044,0,0,0
141688,0,0,0
177433,0,0,0
50728,0,0,0
1839,0,0,0
73347,0,0,0
297319,0,0,0
172577,0,0,0
89991,0,0,0
355224,0,0,0
387052,0,0,0
6741,0,0,0
10636,0,0,0
15735,0,0,0
184830,0,0,0
214785,0,0,0
110324,0,0,0
242092,0,0,0
244740,0,0,0
92266,0,0,0
378316,0,0,0
268322,0,0,0
139341,0,0,0
394746,0,0,0
218603,0,0,0
404588,0,0,0
8894,0,0,0
3725,0,0,0
19893,0,0,0
333781,0,0,0
28854,0,0,0
17740,0,0,0
312499,0,0,0
141744,0,0,0
358668,0,0,0
348446,0,0,0
67438,0,0,0
125264,0,0,0
192282,0,0,0
346445,0,0,0
42280,0,0,0
190365,0,0,0
207040,0,0,0
57812,0,0,0
324154,0,0,0
3816,0,0,0
121279,0,0,0
161988,0,0,0
234857,0,0,0
160033,0,0,0
134294,0,0,0
225271,0,0,0
334529,0,0,0
230560,0,0,0
152307,0,0,0
167923,0,0,0
85603,0,0,0
182285,0,0,0
149065,0,0,0
200291,0,0,0
346251,0,0,0
401143,0,0,0
74627,0,0,0
223992,0,0,0
45468,0,0,0
5053,0,0,0
298555,0,0,0
112149,0,0,0
26284,0,0,0
161326,0,0,0
51155,0,0,0
174619,0,0,0
383610,0,0,0
2735,0,0,0
351490,0,0,0
200829,0,0,0
62607,0,0,0
369566,0,0,0
116931,0,0,0
154385,0,0,0
20520,0,0,0
332172,0,0,0
145977,0,0,0
208529,0,0,0
288520,0,0,0
47102,0,0,0
136162,0,0,0
175791,0,0,0
94817,0,0,0
159143,0,0,0
334556,0,0,0
111256,0,0,0
65632,0,0,0
233832,0,0,0
283280,0,0,0
62542,0,0,0
299643,0,0,0
217643,0,0,0
337905,0,0,0
347370,0,0,0
117047,0,0,0
219848,0,0,0
112966,0,0,0
372550,0,0,0
186494,0,0,0
349605,0,0,0
231704,0,0,0
146967,0,0,0
65666,0,0,0
228322,0,0,0
361209,0,0,0
222745,0,0,0
345537,0,0,0
287682,0,0,0
195357,0,0,0
93924,0,0,0
323755,0,0,0
51736,0,0,0
264661,0,0,0
228188,0,0,0
274993,0,0,0
233009,0,0,0
120819,0,0,0
352848,0,0,0
332412,0,0,0
122450,0,0,0
199628,0,0,0
190802,0,0,0
346766,0,0,0
384744,0,0,0
71796,0,0,0
166969,0,0,0
373879,0,0,0
347071,0,0,0
70603,0,0,0
410158,0,0,0
138381,0,0,0
224299,0,0,0
334557,0,0,0
17806,0,0,0
276751,0,0,0
9016,0,0,0
92689,0,0,0
130220,0,0,0
50686,0,0,0
188366,0,0,0
63654,0,0,0
326423,0,0,0
2892,0,0,0
397303,0,0,0
162299,0,0,0
194449,0,0,0
2160,0,0,0
285283,0,0,0
13780,0,0,0
304376,0,0,0
253420,0,0,0
40815,0,0,0
373596,0,0,0
148624,0,0,0
200833,0,0,0
312476,0,0,0
95698,0,0,0
243925,0,0,0
323772,0,0,0
158134,0,0,0
162798,0,0,0
19960,0,0,0
207425,0,0,0
196499,0,0,0
80012,0,0,0
320413,0,0,0
328746,0,0,0
274910,0,0,0
326080,0,0,0
125225,0,0,0
307662,0,0,0
102399,0,0,0
297728,0,0,0
380512,0,0,0
34152,0,0,0
185029,0,0,0
301468,0,0,0
411292,0,0,0
58242,0,0,0
21926,0,0,0
189000,0,0,0
279798,0,0,0
153611,0,0,0
191740,0,0,0
87811,0,0,0
276797,0,0,0
282039,0,0,0
137349,0,0,0
339664,0,0,0
161628,0,0,0
405487,0,0,0
157644,0,0,0
410709,0,0,0
37780,0,0,0
138558,0,0,0
205563,0,0,0
124073,0,0,0
126716,0,0,0
230050,0,0,0
211884,0,0,0
378937,0,0,0
304197,0,0,0
133467,0,0,0
136566,0,0,0
89856,0,0,0
367996,0,0,0
205567,0,0,0
119209,0,0,0
145537,0,0,0
362069,0,0,0
195863,0,0,0
138009,0,0,0
87402,0,0,0
71486,0,0,0
260707,0,0,0
30137,0,0,0
124247,0,0,0
123784,0,0,0
387457,0,0,0
182804,0,0,0
67236,0,0,0
284132,0,0,0
276485,0,0,0
324330,0,0,0
178635,0,0,0
401916,0,0,0
142188,0,0,0
26325,0,0,0
97461,0,0,0
239029,0,0,0
384917,0,0,0
383862,0,0,0
22930,0,0,0
115109,0,0,0
68600,0,0,0
404269,0,0,0
283127,0,0,0
142294,0,0,0
409160,0,0,0
119408,0,0,0
344256,0,0,0
34206,0,0,0
247982,0,0,0
401202,0,0,0
395578,0,0,0
74840,0,0,0
36442,0,0,0
288487,0,0,0
267458,0,0,0
136596,0,0,0
247186,0,0,0
21971,0,0,0
382605,0,0,0
357170,0,0,0
373367,0,0,0
342673,0,0,0
269848,0,0,0
202656,0,0,0
77396,0,0,0
198707,0,0,0
119834,0,0,0
329276,0,0,0
182987,0,0,0
217336,0,0,0
145870,0,0,0
339795,0,0,0
130911,0,0,0
116563,0,0,0
136298,0,0,0
337377,0,0,0
378079,0,0,0
1849,0,0,0
356426,0,0,0
319738,0,0,0
308983,0,0,0
106256,0,0,0
81743,0,0,0
216727,0,0,0
362929,0,0,0
266609,0,0,0
186680,0,0,0
326166,0,0,0
278180,0,0,0
2292,0,0,0
232714,0,0,0
257523,0,0,0
371209,0,0,0
383197,0,0,0
152122,0,0,0
74585,0,0,0
237023,0,0,0
208119,0,0,0
382435,0,0,0
271327,0,0,0
391688,0,0,0
40229,0,0,0
295002,0,0,0
375549,0,0,0
186037,0,0,0
332562,0,0,0
275356,0,0,0
183885,0,0,0
138741,0,0,0
35290,0,0,0
383257,0,0,0
93952,0,0,0
358513,0,0,0
237497,0,0,0
106429,0,0,0
382406,0,0,0
289886,0,0,0
172882,0,0,0
65065,0,0,0
211734,0,0,0
6064,0,0,0
354770,0,0,0
301816,0,0,0
317759,0,0,0
366803,0,0,0
34719,0,0,0
123102,0,0,0
105220,0,0,0
104655,0,0,0
151574,0,0,0
372763,0,0,0
218167,0,0,0
160686,0,0,0
66781,0,0,0
237903,0,0,0
312921,0,0,0
308219,0,0,0
344082,0,0,0
90494,0,0,0
113804,0,0,0
61126,0,0,0
189498,0,0,0
106251,0,0,0
136119,0,0,0
236826,0,0,0
59552,0,0,0
373922,0,0,0
15543,0,0,0
65166,0,0,0
349509,0,0,0
353772,0,0,0
179359,0,0,0
21170,0,0,0
157795,0,0,0
209487,0,0,0
48157,0,0,0
271630,0,0,0
269799,0,0,0
226744,0,0,0
318760,0,0,0
408249,0,0,0
280075,0,0,0
385474,0,0,0
114682,0,0,0
191398,0,0,0
232265,0,0,0
280251,0,0,0
363499,0,0,0
295891,0,0,0
263511,0,0,0
153378,0,0,0
87401,0,0,0
405582,0,0,0
196576,0,0,0
240117,0,0,0
149438,0,0,0
329332,0,0,0
315301,0,0,0
355934,0,0,0
366143,0,0,0
192915,0,0,0
189088,0,0,0
98829,0,0,0
188554,0,0,0
365118,0,0,0
211228,0,0,0
206793,0,0,0
376999,0,0,0
354040,0,0,0
145246,0,0,0
354179,0,0,0
196199,0,0,0
389164,0,0,0
312844,0,0,0
405297,0,0,0
171803,0,0,0
195419,0,0,0
355329,0,0,0
157036,0,0,0
16576,0,0,0
385073,0,0,0
4842,0,0,0
316231,0,0,0
170945,0,0,0
129114,0,0,0
302744,0,0,0
259694,0,0,0
281412,0,0,0
183127,0,0,0
302548,0,0,0
262911,0,0,0
340857,0,0,0
355005,0,0,0
398746,0,0,0
3357,0,0,0
104800,0,0,0
6675,0,0,0
176579,0,0,0
359036,0,0,0
14760,0,0,0
51938,0,0,0
398388,0,0,0
381461,0,0,0
176518,0,0,0
187804,0,0,0
107803,0,0,0
223829,0,0,0
198039,0,0,0
410805,0,0,0
5608,0,0,0
320739,0,0,0
292654,0,0,0
145740,0,0,0
372265,0,0,0
400036,0,0,0
382498,0,0,0
108628,0,0,0
137390,0,0,0
404825,0,0,0
262534,0,0,0
147785,0,0,0
133270,0,0,0
163154,0,0,0
88037,0,0,0
72127,0,0,0
289863,0,0,0
67326,0,0,0
349426,0,0,0
159134,0,0,0
34257,0,0,0
217442,0,0,0
90391,0,0,0
275208,0,0,0
378193,0,0,0
334515,0,0,0
79599,0,0,0
62549,0,0,0
333241,0,0,0
120281,0,0,0
9338,0,0,0
394645,0,0,0
345088,0,0,0
364038,0,0,0
277801,0,0,0
402280,0,0,0
128758,0,0,0
57372,0,0,0
265274,0,0,0
176707,0,0,0
371602,0,0,0
231912,0,0,0
292753,0,0,0
148913,0,0,0
262168,0,0,0
354247,0,0,0
124165,0,0,0
351739,0,0,0
218658,0,0,0
33864,0,0,0
140701,0,0,0
54233,0,0,0
146295,0,0,0
2462,0,0,0
380907,0,0,0
17336,0,0,0
356668,0,0,0
249542,0,0,0
75677,0,0,0
87948,0,0,0
225813,0,0,0
178184,0,0,0
395384,0,0,0
355131,0,0,0
100299,0,0,0
89832,0,0,0
189297,0,0,0
342938,0,0,0
145387,0,0,0
407692,0,0,0
152541,0,0,0
275918,0,0,0
199867,0,0,0
318360,0,0,0
343814,0,0,0
184632,0,0,0
217553,0,0,0
367339,0,0,0
379417,0,0,0
335338,0,0,0
310709,0,0,0
304757,0,0,0
16014,0,0,0
384381,0,0,0
239992,0,0,0
32078,0,0,0
181255,0,0,0
143839,0,0,0
143285,0,0,0
337038,0,0,0
156610,0,0,0
109396,0,0,0
23571,0,0,0
357903,0,0,0
362513,0,0,0
358884,0,0,0
142581,0,0,0
123460,0,0,0
272624,0,0,0
232961,0,0,0
8791,0,0,0
392193,0,0,0
221965,0,0,0
210010,0,0,0
309901,0,0,0
164708,0,0,0
316393,0,0,0
173401,0,0,0
277656,0,0,0
171038,0,0,0
15672,0,0,0
65774,0,0,0
211323,0,0,0
222172,0,0,0
256379,0,0,0
147295,0,0,0
303766,0,0,0
309966,0,0,0
166755,0,0,0
33309,0,0,0
34264,0,0,0
55350,0,0,0
150115,0,0,0
120435,0,0,0
236251,0,0,0
158787,0,0,0
232078,0,0,0
261764,0,0,0
101954,0,0,0
201783,0,0,0
304251,0,0,0
167770,0,0,0
272135,0,0,0
174458,0,0,0
128477,0,0,0
232958,0,0,0
120047,0,0,0
183993,0,0,0
143372,0,0,0
375704,0,0,0
388087,0,0,0
380827,0,0,0
72563,0,0,0
252150,0,0,0
216729,0,0,0
391103,0,0,0
282692,0,0,0
357304,0,0,0
95311,0,0,0
171060,0,0,0
112172,0,0,0
271204,0,0,0
316721,0,0,0
143101,0,0,0
51653,0,0,0
254355,0,0,0
325893,0,0,0
313013,0,0,0
259420,0,0,0
284786,0,0,0
62663,0,0,0
56181,0,0,0
213792,0,0,0
347283,0,0,0
312102,0,0,0
351866,0,0,0
340704,0,0,0
384430,0,0,0
108751,0,0,0
331313,0,0,0
279923,0,0,0
207121,0,0,0
392285,0,0,0
125591,0,0,0
198930,0,0,0
36264,0,0,0
238053,0,0,0
188646,0,0,0
329408,0,0,0
257204,0,0,0
312391,0,0,0
357564,0,0,0
196352,0,0,0
52717,0,0,0
191970,0,0,0
314839,0,0,0
263950,0,0,0
128022,0,0,0
143770,0,0,0
372227,0,0,0
303657,0,0,0
62712,0,0,0
317050,0,0,0
344928,0,0,0
277871,0,0,0
235008,0,0,0
61715,0,0,0
356261,0,0,0
35775,0,0,0
400222,0,0,0
217044,0,0,0
82148,0,0,0
320705,0,0,0
401382,0,0,0
337501,0,0,0
255204,0,0,0
318732,0,0,0
339755,0,0,0
349533,0,0,0
146002,0,0,0
77629,0,0,0
269288,0,0,0
179701,0,0,0
172340,0,0,0
153827,0,0,0
136055,0,0,0
200236,0,0,0
364876,0,0,0
262686,0,0,0
269431,0,0,0
249766,0,0,0
95559,0,0,0
284885,0,0,0
354467,0,0,0
92184,0,0,0
256383,0,0,0
409717,0,0,0
230,0,0,0
25510,0,0,0
75925,0,0,0
405968,0,0,0
305307,0,0,0
273694,0,0,0
326438,0,0,0
251827,0,0,0
67077,0,0,0
131029,0,0,0
301626,0,0,0
43593,0,0,0
79304,0,0,0
370068,0,0,0
92709,0,0,0
135707,0,0,0
198915,0,0,0
323789,0,0,0
290298,0,0,0
165282,0,0,0
41920,0,0,0
47363,0,0,0
281849,0,0,0
83450,0,0,0
219688,0,0,0
234800,0,0,0
43882,0,0,0
61436,0,0,0
161048,0,0,0
165773,0,0,0
141397,0,0,0
317356,0,0,0
67568,0,0,0
47626,0,0,0
306234,0,0,0
364062,0,0,0
400798,0,0,0
305487,0,0,0
346666,0,0,0
92725,0,0,0
190290,0,0,0
279926,0,0,0
250998,0,0,0
333670,0,0,0
320591,0,0,0
392457,0,0,0
362588,0,0,0
315111,0,0,0
90297,0,0,0
6579,0,0,0
362397,0,0,0
371586,0,0,0
115594,0,0,0
191577,0,0,0
267137,0,0,0
279322,0,0,0
126594,0,0,0
263933,0,0,0
329040,0,0,0
160936,0,0,0
43520,0,0,0
348965,0,0,0
319353,0,0,0
398292,0,0,0
114914,0,0,0
191291,0,0,0
253869,0,0,0
4607,0,0,0
29746,0,0,0
66118,0,0,0
54696,0,0,0
165414,0,0,0
258939,0,0,0
127172,0,0,0
154079,0,0,0
206271,0,0,0
249191,0,0,0
222004,0,0,0
120079,0,0,0
191606,0,0,0
294425,0,0,0
59909,0,0,0
158657,0,0,0
177908,0,0,0
334641,0,0,0
373773,0,0,0
19568,0,0,0
313254,0,0,0
164263,0,0,0
403626,0,0,0
208324,0,0,0
351051,0,0,0
109518,0,0,0
121255,0,0,0
235498,0,0,0
248542,0,0,0
261691,0,0,0
205748,0,0,0
7019,0,0,0
297748,0,0,0
82590,0,0,0
139522,0,0,0
294490,0,0,0
157469,0,0,0
89540,0,0,0
382040,0,0,0
370433,0,0,0
201631,0,0,0
405883,0,0,0
331187,0,0,0
390489,0,0,0
326569,0,0,0
255712,0,0,0
299192,0,0,0
48883,0,0,0
191837,0,0,0
34084,0,0,0
217584,0,0,0
198070,0,0,0
101669,0,0,0
407033,0,0,0
404679,0,0,0
183010,0,0,0
163989,0,0,0
370164,0,0,0
117562,0,0,0
165717,0,0,0
391177,0,0,0
37222,0,0,0
189597,0,0,0
256157,0,0,0
399045,0,0,0
247695,0,0,0
82618,0,0,0
83135,0,0,0
392831,0,0,0
207443,0,0,0
398294,0,0,0
335725,0,0,0
384880,0,0,0
229808,0,0,0
265207,0,0,0
5790,0,0,0
315418,0,0,0
323592,0,0,0
190110,0,0,0
65512,0,0,0
17820,0,0,0
365570,0,0,0
181967,0,0,0
184429,0,0,0
3582,0,0,0
231473,0,0,0
216642,0,0,0
160947,0,0,0
341865,0,0,0
185737,0,0,0
128774,0,0,0
185020,0,0,0
15001,0,0,0
300610,0,0,0
381965,0,0,0
406016,0,0,0
391378,0,0,0
207846,0,0,0
363648,0,0,0
28346,0,0,0
366471,0,0,0
51752,0,0,0
177930,0,0,0
25538,0,0,0
57914,0,0,0
196508,0,0,0
171030,0,0,0
279060,0,0,0
35501,0,0,0
222459,0,0,0
287047,0,0,0
248896,0,0,0
18745,0,0,0
305873,0,0,0
341063,0,0,0
305980,0,0,0
293176,0,0,0
366466,0,0,0
411006,0,0,0
322288,0,0,0
133002,0,0,0
325632,0,0,0
407255,0,0,0
12847,0,0,0
329723,0,0,0
350446,0,0,0
126777,0,0,0
40171,0,0,0
195709,0,0,0
394587,0,0,0
252818,0,0,0
388512,0,0,0
8111,0,0,0
92909,0,0,0
185951,0,0,0
273643,0,0,0
116545,0,0,0
142211,0,0,0
39894,0,0,0
172446,0,0,0
244729,0,0,0
362517,0,0,0
294788,0,0,0
390874,0,0,0
33226,0,0,0
200575,0,0,0
245322,0,0,0
41851,0,0,0
403292,0,0,0
268264,0,0,0
174773,0,0,0
231949,0,0,0
274474,0,0,0
224899,0,0,0
376273,0,0,0
385868,0,0,0
259716,0,0,0
271426,0,0,0
204197,0,0,0
385263,0,0,0
280185,0,0,0
65811,0,0,0
159662,0,0,0
103182,0,0,0
107848,0,0,0
409411,0,0,0
327507,0,0,0
249544,0,0,0
334468,0,0,0
126156,0,0,0
275212,0,0,0
199728,0,0,0
286325,0,0,0
73870,0,0,0
196735,0,0,0
196019,0,0,0
202955,0,0,0
355848,0,0,0
118691,0,0,0
241094,0,0,0
332584,0,0,0
284864,0,0,0
241687,0,0,0
16251,0,0,0
141323,0,0,0
31320,0,0,0
408030,0,0,0
257154,0,0,0
24365,0,0,0
122418,0,0,0
111145,0,0,0
96331,0,0,0
59124,0,0,0
83510,0,0,0
154801,0,0,0
163944,0,0,0
383845,0,0,0
394031,0,0,0
188088,0,0,0
346571,0,0,0
168396,0,0,0
349887,0,0,0
131311,0,0,0
198848,0,0,0
197246,0,0,0
280334,0,0,0
312889,0,0,0
56490,0,0,0
276265,0,0,0
291734,0,0,0
283456,0,0,0
168637,0,0,0
93637,0,0,0
228201,0,0,0
47397,0,0,0
240777,0,0,0
28715,0,0,0
283462,0,0,0
88348,0,0,0
221064,0,0,0
361918,0,0,0
100518,0,0,0
45965,0,0,0
72312,0,0,0
130905,0,0,0
224820,0,0,0
261580,0,0,0
202735,0,0,0
245741,0,0,0
268234,0,0,0
350499,0,0,0
367872,0,0,0
290680,0,0,0
230364,0,0,0
49401,0,0,0
397504,0,0,0
49919,0,0,0
359810,0,0,0
253716,0,0,0
112959,0,0,0
157265,0,0,0
357645,0,0,0
20655,0,0,0
103415,0,0,0
267422,0,0,0
197723,0,0,0
93675,0,0,0
149677,0,0,0
357333,0,0,0
81444,0,0,0
325382,0,0,0
73652,0,0,0
277726,0,0,0
257894,0,0,0
130182,0,0,0
41770,0,0,0
114299,0,0,0
209194,0,0,0
281510,0,0,0
302068,0,0,0
346594,0,0,0
293704,0,0,0
175984,0,0,0
326863,0,0,0
178346,0,0,0
376481,0,0,0
153612,0,0,0
228440,0,0,0
360747,0,0,0
235745,0,0,0
283380,0,0,0
69156,0,0,0
89948,0,0,0
356941,0,0,0
386519,0,0,0
4509,0,0,0
164376,0,0,0
114540,0,0,0
311780,0,0,0
123135,0,0,0
330918,0,0,0
314391,0,0,0
361421,0,0,0
329622,0,0,0
153592,0,0,0
251458,0,0,0
49808,0,0,0
208380,0,0,0
34648,0,0,0
29871,0,0,0
228901,0,0,0
343184,0,0,0
156778,0,0,0
329898,0,0,0
7502,0,0,0
322759,0,0,0
97504,0,0,0
157434,0,0,0
150039,0,0,0
323516,0,0,0
74944,0,0,0
169831,0,0,0
349235,0,0,0
256396,0,0,0
326891,0,0,0
3219,0,0,0
73336,0,0,0
299949,0,0,0
347928,0,0,0
82081,0,0,0
395690,0,0,0
332674,0,0,0
106987,0,0,0
124599,0,0,0
409481,0,0,0
190145,0,0,0
345356,0,0,0
352414,0,0,0
266144,0,0,0
230315,0,0,0
148414,0,0,0
395843,0,0,0
331615,0,0,0
279459,0,0,0
180748,0,0,0
247079,0,0,0
6593,0,0,0
226721,0,0,0
282303,0,0,0
276323,0,0,0
296849,0,0,0
140217,0,0,0
67763,0,0,0
228418,0,0,0
19733,0,0,0
348825,0,0,0
169355,0,0,0
132984,0,0,0
315782,0,0,0
102571,0,0,0
106947,0,0,0
82779,0,0,0
245799,0,0,0
67557,0,0,0
161837,0,0,0
42985,0,0,0
408128,0,0,0
52417,0,0,0
313402,0,0,0
327223,0,0,0
397480,0,0,0
407860,0,0,0
320584,0,0,0
17933,0,0,0
239115,0,0,0
401936,0,0,0
271220,0,0,0
116195,0,0,0
207336,0,0,0
3228,0,0,0
374971,0,0,0
352716,0,0,0
251116,0,0,0
89707,0,0,0
354506,0,0,0
342924,0,0,0
382766,0,0,0
138744,0,0,0
306119,0,0,0
67626,0,0,0
66025,0,0,0
286043,0,0,0
247712,0,0,0
292886,0,0,0
194166,0,0,0
303074,0,0,0
388986,0,0,0
384331,0,0,0
353723,0,0,0
280262,0,0,0
116161,0,0,0
338589,0,0,0
27022,0,0,0
352340,0,0,0
102738,0,0,0
179135,0,0,0
376837,0,0,0
191774,0,0,0
223792,0,0,0
186766,0,0,0
172910,0,0,0
352578,0,0,0
215561,0,0,0
299830,0,0,0
93296,0,0,0
5903,0,0,0
32072,0,0,0
184275,0,0,0
324892,0,0,0
334619,0,0,0
381298,0,0,0
264829,0,0,0
54339,0,0,0
231293,0,0,0
121198,0,0,0
86498,0,0,0
247834,0,0,0
354034,0,0,0
58011,0,0,0
27489,0,0,0
329136,0,0,0
207270,0,0,0
356940,0,0,0
221342,0,0,0
149204,0,0,0
380178,0,0,0
374522,0,0,0
74534,0,0,0
257149,0,0,0
249893,0,0,0
357201,0,0,0
108837,0,0,0
407727,0,0,0
116571,0,0,0
192271,0,0,0
153010,0,0,0
119679,0,0,0
320217,0,0,0
256689,0,0,0
289513,0,0,0
387165,0,0,0
264547,0,0,0
320116,0,0,0
157275,0,0,0
173645,0,0,0
122518,0,0,0
229352,0,0,0
337655,0,0,0
56380,0,0,0
241444,0,0,0
127358,0,0,0
19957,0,0,0
108467,0,0,0
58442,0,0,0
48971,0,0,0
96112,0,0,0
257796,0,0,0
277130,0,0,0
329034,0,0,0
26989,0,0,0
405697,0,0,0
386240,0,0,0
351176,0,0,0
171858,0,0,0
400289,0,0,0
259857,0,0,0
168001,0,0,0
363939,0,0,0
208653,0,0,0
94952,0,0,0
267227,0,0,0
350478,0,0,0
117704,0,0,0
75613,0,0,0
403865,0,0,0
328890,0,0,0
194966,0,0,0
252964,0,0,0
250052,0,0,0
318118,0,0,0
10694,0,0,0
123317,0,0,0
99537,0,0,0
178437,0,0,0
315390,0,0,0
138514,0,0,0
110716,0,0,0
284388,0,0,0
410670,0,0,0
240549,0,0,0
248387,0,0,0
346403,0,0,0
163153,0,0,0
216863,0,0,0
131414,0,0,0
72974,0,0,0
11566,0,0,0
402403,0,0,0
365805,0,0,0
252871,0,0,0
98120,0,0,0
296165,0,0,0
297903,0,0,0
351112,0,0,0
238249,0,0,0
340762,0,0,0
65721,0,0,0
235598,0,0,0
246348,0,0,0
239517,0,0,0
68475,0,0,0
398014,0,0,0
207246,0,0,0
6258,0,0,0
7792,0,0,0
229710,0,0,0
176256,0,0,0
124023,0,0,0
396711,0,0,0
138233,0,0,0
407301,0,0,0
237609,0,0,0
228197,0,0,0
72258,0,0,0
173006,0,0,0
77437,0,0,0
63561,0,0,0
128124,0,0,0
60217,0,0,0
339212,0,0,0
294229,0,0,0
198346,0,0,0
351287,0,0,0
50041,0,0,0
15181,0,0,0
107764,0,0,0
235864,0,0,0
354981,0,0,0
255565,0,0,0
402938,0,0,0
313712,0,0,0
340416,0,0,0
280658,0,0,0
27552,0,0,0
31520,0,0,0
272330,0,0,0
107595,0,0,0
390046,0,0,0
206103,0,0,0
261166,0,0,0
319258,0,0,0
39274,0,0,0
357400,0,0,0
60006,0,0,0
270838,0,0,0
274991,0,0,0
383025,0,0,0
399999,0,0,0
247217,0,0,0
156859,0,0,0
266206,0,0,0
270145,0,0,0
241380,0,0,0
46779,0,0,0
307446,0,0,0
33096,0,0,0
369118,0,0,0
178258,0,0,0
252661,0,0,0
403063,0,0,0
147629,0,0,0
299073,0,0,0
363293,0,0,0
251930,0,0,0
283727,0,0,0
225998,0,0,0
169450,0,0,0
211543,0,0,0
334628,0,0,0
266135,0,0,0
79672,0,0,0
183118,0,0,0
195621,0,0,0
410462,0,0,0
29664,0,0,0
110647,0,0,0
17575,0,0,0
252810,0,0,0
190031,0,0,0
382131,0,0,0
334310,0,0,0
323668,0,0,0
325034,0,0,0
313837,0,0,0
302101,0,0,0
161834,0,0,0
262452,0,0,0
97758,0,0,0
149380,0,0,0
100060,0,0,0
162932,0,0,0
406136,0,0,0
219218,0,0,0
156757,0,0,0
16263,0,0,0
267763,0,0,0
256667,0,0,0
51432,0,0,0
37725,0,0,0
363189,0,0,0
309160,0,0,0
333798,0,0,0
215192,0,0,0
386892,0,0,0
115143,0,0,0
16925,0,0,0
379076,0,0,0
120628,0,0,0
315230,0,0,0
389720,0,0,0
2368,0,0,0
349329,0,0,0
72951,0,0,0
251498,0,0,0
81665,0,0,0
174096,0,0,0
377741,0,0,0
134642,0,0,0
21200,0,0,0
95292,0,0,0
397126,0,0,0
103557,0,0,0
294741,0,0,0
268016,0,0,0
165605,0,0,0
282928,0,0,0
355963,0,0,0
86478,0,0,0
294231,0,0,0
424,0,0,0
384862,0,0,0
327071,0,0,0
180906,0,0,0
256808,0,0,0
59044,0,0,0
173494,0,0,0
309940,0,0,0
130622,0,0,0
128699,0,0,0
104858,0,0,0
59117,0,0,0
334564,0,0,0
283718,0,0,0
355120,0,0,0
91982,0,0,0
45448,0,0,0
191804,0,0,0
344036,0,0,0
208047,0,0,0
302131,0,0,0
149533,0,0,0
409663,0,0,0
46569,0,0,0
149890,0,0,0
12302,0,0,0
399679,0,0,0
266047,0,0,0
112157,0,0,0
223091,0,0,0
258937,0,0,0
268509,0,0,0
206507,0,0,0
393558,0,0,0
179863,0,0,0
338978,0,0,0
50350,0,0,0
230977,0,0,0
309432,0,0,0
195962,0,0,0
119145,0,0,0
41349,0,0,0
48484,0,0,0
291942,0,0,0
277569,0,0,0
313648,0,0,0
280935,0,0,0
406652,0,0,0
301794,0,0,0
157344,0,0,0
32990,0,0,0
228404,0,0,0
288710,0,0,0
318426,0,0,0
222372,0,0,0
192190,0,0,0
375576,0,0,0
297820,0,0,0
206942,0,0,0
267893,0,0,0
31815,0,0,0
272282,0,0,0
208091,0,0,0
299025,0,0,0
82748,0,0,0
59559,0,0,0
337974,0,0,0
296529,0,0,0
105877,0,0,0
248610,0,0,0
26077,0,0,0
154884,0,0,0
276588,0,0,0
233751,0,0,0
20690,0,0,0
163376,0,0,0
298514,0,0,0
74044,0,0,0
275899,0,0,0
120693,0,0,0
228285,0,0,0
31677,0,0,0
402701,0,0,0
385659,0,0,0
173537,0,0,0
242308,0,0,0
276399,0,0,0
377036,0,0,0
259031,0,0,0
133583,0,0,0
314887,0,0,0
328362,0,0,0
167713,0,0,0
253168,0,0,0
343215,0,0,0
313041,0,0,0
238989,0,0,0
164735,0,0,0
397913,0,0,0
390468,0,0,0
175817,0,0,0
138259,0,0,0
159729,0,0,0
233679,0,0,0
231749,0,0,0
329940,0,0,0
216528,0,0,0
284712,0,0,0
108594,0,0,0
44678,0,0,0
228349,0,0,0
407362,0,0,0
400319,0,0,0
43207,0,0,0
161953,0,0,0
251232,0,0,0
46679,0,0,0
210403,0,0,0
99409,0,0,0
58367,0,0,0
28963,0,0,0
167571,0,0,0
138487,0,0,0
37398,0,0,0
43336,0,0,0
205980,0,0,0
147901,0,0,0
404970,0,0,0
371307,0,0,0
51836,0,0,0
190709,0,0,0
121338,0,0,0
253448,0,0,0
157155,0,0,0
377705,0,0,0
9746,0,0,0
253897,0,0,0
343388,0,0,0
325113,0,0,0
347637,0,0,0
167662,0,0,0
183256,0,0,0
193897,0,0,0
284583,0,0,0
234599,0,0,0
114843,0,0,0
8048,0,0,0
376354,0,0,0
130040,0,0,0
257391,0,0,0
393781,0,0,0
398800,0,0,0
293604,0,0,0
72664,0,0,0
74576,0,0,0
151082,0,0,0
183884,0,0,0
121924,0,0,0
285298,0,0,0
71098,0,0,0
349296,0,0,0
248659,0,0,0
354379,0,0,0
343838,0,0,0
308238,0,0,0
324305,0,0,0
409835,0,0,0
206481,0,0,0
350602,0,0,0
74442,0,0,0
287542,0,0,0
134788,0,0,0
134651,0,0,0
350390,0,0,0
347832,0,0,0
228653,0,0,0
42340,0,0,0
235589,0,0,0
360342,0,0,0
327251,0,0,0
363068,0,0,0
323287,0,0,0
179888,0,0,0
201235,0,0,0
269697,0,0,0
324846,0,0,0
254399,0,0,0
112634,0,0,0
360764,0,0,0
29184,0,0,0
248219,0,0,0
12409,0,0,0
223201,0,0,0
141381,0,0,0
170447,0,0,0
214432,0,0,0
398152,0,0,0
366570,0,0,0
257849,0,0,0
165824,0,0,0
328231,0,0,0
144215,0,0,0
126596,0,0,0
121110,0,0,0
59731,0,0,0
264456,0,0,0
327017,0,0,0
141228,0,0,0
401297,0,0,0
228528,0,0,0
217686,0,0,0
208051,0,0,0
134554,0,0,0
407084,0,0,0
26567,0,0,0
86769,0,0,0
38628,0,0,0
378100,0,0,0
57073,0,0,0
312576,0,0,0
179998,0,0,0
222980,0,0,0
206781,0,0,0
313247,0,0,0
306944,0,0,0
141522,0,0,0
192515,0,0,0
235247,0,0,0
320836,0,0,0
241087,0,0,0
376829,0,0,0
199926,0,0,0
71070,0,0,0
11955,0,0,0
120780,0,0,0
373951,0,0,0
228721,0,0,0
217217,0,0,0
156016,0,0,0
99013,0,0,0
301404,0,0,0
345912,0,0,0
136173,0,0,0
286925,0,0,0
285792,0,0,0
388725,0,0,0
220901,0,0,0
245982,0,0,0
118235,0,0,0
410628,0,0,0
193435,0,0,0
168981,0,0,0
120774,0,0,0
275639,0,0,0
191426,0,0,0
200840,0,0,0
160218,0,0,0
18319,0,0,0
266840,0,0,0
33974,0,0,0
35190,0,0,0
140066,0,0,0
122455,0,0,0
327392,0,0,0
170154,0,0,0
168144,0,0,0
92878,0,0,0
135350,0,0,0
375123,0,0,0
319768,0,0,0
219394,0,0,0
284067,0,0,0
403064,0,0,0
377372,0,0,0
40459,0,0,0
15671,0,0,0
84863,0,0,0
106017,0,0,0
98012,0,0,0
73422,0,0,0
272646,0,0,0
344521,0,0,0
136158,0,0,0
201947,0,0,0
307907,0,0,0
392068,0,0,0
73757,0,0,0
37612,0,0,0
241019,0,0,0
220612,0,0,0
276984,0,0,0
83567,0,0,0
70940,0,0,0
40812,0,0,0
159829,0,0,0
1397,0,0,0
123457,0,0,0
166817,0,0,0
191166,0,0,0
81009,0,0,0
140791,0,0,0
355158,0,0,0
405473,0,0,0
26436,0,0,0
189178,0,0,0
3806,0,0,0
243822,0,0,0
202729,0,0,0
76130,0,0,0
52038,0,0,0
30255,0,0,0
307399,0,0,0
368089,0,0,0
333392,0,0,0
296498,0,0,0
53586,0,0,0
378353,0,0,0
2581,0,0,0
32556,0,0,0
361845,0,0,0
129001,0,0,0
132834,0,0,0
369778,0,0,0
102863,0,0,0
280715,0,0,0
102263,0,0,0
217307,0,0,0
32948,0,0,0
324285,0,0,0
343062,0,0,0
46459,0,0,0
69831,0,0,0
319343,0,0,0
118117,0,0,0
371306,0,0,0
400843,0,0,0
180884,0,0,0
300418,0,0,0
31636,0,0,0
292667,0,0,0
140516,0,0,0
336774,0,0,0
111674,0,0,0
178875,0,0,0
126317,0,0,0
345514,0,0,0
312601,0,0,0
381615,0,0,0
126340,0,0,0
282628,0,0,0
153454,0,0,0
205661,0,0,0
405227,0,0,0
10240,0,0,0
356853,0,0,0
328541,0,0,0
13953,0,0,0
25508,0,0,0
248313,0,0,0
254642,0,0,0
147702,0,0,0
262940,0,0,0
214100,0,0,0
326729,0,0,0
222287,0,0,0
41202,0,0,0
329179,0,0,0
114573,0,0,0
59050,0,0,0
234469,0,0,0
105532,0,0,0
30490,0,0,0
156645,0,0,0
260613,0,0,0
97061,0,0,0
302118,0,0,0
315658,0,0,0
221808,0,0,0
374740,0,0,0
211699,0,0,0
26670,0,0,0
193850,0,0,0
368968,0,0,0
326865,0,0,0
142006,0,0,0
84302,0,0,0
314739,0,0,0
119606,0,0,0
296792,0,0,0
173310,0,0,0
22001,0,0,0
366256,0,0,0
373478,0,0,0
126226,0,0,0
242437,0,0,0
282701,0,0,0
277345,0,0,0
357213,0,0,0
46457,0,0,0
91364,0,0,0
84264,0,0,0
35627,0,0,0
201896,0,0,0
264370,0,0,0
143682,0,0,0
138342,0,0,0
4375,0,0,0
75147,0,0,0
201492,0,0,0
239678,0,0,0
238132,0,0,0
155197,0,0,0
94244,0,0,0
238389,0,0,0
26125,0,0,0
177359,0,0,0
181749,0,0,0
367614,0,0,0
215544,0,0,0
214583,0,0,0
225186,0,0,0
291724,0,0,0
258950,0,0,0
135261,0,0,0
327655,0,0,0
66432,0,0,0
163459,0,0,0
360391,0,0,0
313889,0,0,0
403675,0,0,0
194254,0,0,0
4140,0,0,0
250107,0,0,0
284978,0,0,0
199531,0,0,0
381669,0,0,0
403051,0,0,0
336531,0,0,0
208291,0,0,0
372728,0,0,0
299334,0,0,0
142484,0,0,0
392559,0,0,0
352227,0,0,0
159509,0,0,0
97720,0,0,0
191647,0,0,0
369038,0,0,0
77796,0,0,0
133899,0,0,0
20440,0,0,0
96570,0,0,0
160230,0,0,0
74703,0,0,0
60163,0,0,0
194205,0,0,0
222742,0,0,0
338598,0,0,0
69667,0,0,0
249962,0,0,0
203061,0,0,0
176933,0,0,0
346129,0,0,0
162727,0,0,0
85958,0,0,0
67694,0,0,0
376358,0,0,0
322923,0,0,0
230546,0,0,0
157388,0,0,0
270921,0,0,0
364136,0,0,0
156468,0,0,0
201907,0,0,0
189653,0,0,0
42807,0,0,0
19438,0,0,0
162357,0,0,0
149018,0,0,0
316389,0,0,0
254491,0,0,0
346763,0,0,0
41189,0,0,0
250880,0,0,0
368324,0,0,0
200926,0,0,0
386481,0,0,0
237557,0,0,0
349815,0,0,0
364221,0,0,0
221492,0,0,0
182848,0,0,0
363024,0,0,0
234039,0,0,0
320848,0,0,0
67099,0,0,0
1951,0,0,0
182774,0,0,0
343922,0,0,0
175105,0,0,0
13516,0,0,0
304474,0,0,0
4166,0,0,0
42303,0,0,0
85226,0,0,0
32988,0,0,0
19250,0,0,0
12075,0,0,0
166155,0,0,0
125123,0,0,0
101679,0,0,0
33958,0,0,0
210682,0,0,0
214607,0,0,0
375601,0,0,0
368337,0,0,0
18632,0,0,0
47162,0,0,0
109592,0,0,0
351402,0,0,0
163492,0,0,0
126236,0,0,0
135022,0,0,0
153816,0,0,0
299116,0,0,0
29850,0,0,0
64405,0,0,0
43786,0,0,0
47163,0,0,0
152462,0,0,0
411102,0,0,0
208727,0,0,0
195615,0,0,0
270585,0,0,0
11582,0,0,0
113708,0,0,0
315508,0,0,0
168209,0,0,0
299985,0,0,0
245680,0,0,0
239037,0,0,0
350376,0,0,0
29577,0,0,0
317393,0,0,0
175645,0,0,0
141450,0,0,0
333766,0,0,0
264423,0,0,0
59704,0,0,0
230222,0,0,0
106097,0,0,0
75521,0,0,0
95257,0,0,0
268053,0,0,0
203219,0,0,0
224549,0,0,0
89672,0,0,0
226579,0,0,0
410947,0,0,0
90903,0,0,0
2514,0,0,0
196653,0,0,0
253621,0,0,0
71602,0,0,0
272109,0,0,0
59246,0,0,0
54170,0,0,0
89537,0,0,0
364402,0,0,0
156695,0,0,0
138096,0,0,0
118286,0,0,0
108291,0,0,0
231890,0,0,0
223047,0,0,0
356252,0,0,0
141698,0,0,0
285712,0,0,0
324859,0,0,0
188931,0,0,0
144810,0,0,0
125450,0,0,0
110022,0,0,0
194824,0,0,0
248012,0,0,0
127391,0,0,0
292599,0,0,0
330538,0,0,0
100072,0,0,0
30227,0,0,0
6347,0,0,0
154857,0,0,0
4642,0,0,0
180489,0,0,0
148143,0,0,0
91414,0,0,0
339108,0,0,0
46096,0,0,0
62635,0,0,0
58118,0,0,0
121143,0,0,0
24882,0,0,0
211092,0,0,0
228236,0,0,0
87718,0,0,0
369074,0,0,0
34515,0,0,0
105237,0,0,0
118665,0,0,0
407128,0,0,0
80646,0,0,0
357007,0,0,0
345710,0,0,0
266931,0,0,0
14151,0,0,0
324168,0,0,0
50476,0,0,0
274768,0,0,0
12297,0,0,0
368915,0,0,0
10403,0,0,0
341924,0,0,0
190888,0,0,0
35967,0,0,0
29466,0,0,0
268031,0,0,0
107305,0,0,0
54105,0,0,0
147633,0,0,0
230756,0,0,0
261716,0,0,0
228481,0,0,0
189245,0,0,0
2696,0,0,0
154312,0,0,0
212495,0,0,0
113159,0,0,0
105949,0,0,0
93007,0,0,0
97593,0,0,0
47617,0,0,0
374786,0,0,0
366336,0,0,0
357993,0,0,0
313528,0,0,0
268452,0,0,0
113245,0,0,0
54227,0,0,0
172690,0,0,0
5060,0,0,0
124478,0,0,0
58818,0,0,0
59447,0,0,0
189006,0,0,0
247580,0,0,0
332342,0,0,0
125322,0,0,0
191987,0,0,0
42500,0,0,0
112979,0,0,0
3250,0,0,0
129301,0,0,0
184127,0,0,0
121117,0,0,0
314946,0,0,0
320327,0,0,0
333793,0,0,0
309663,0,0,0
107598,0,0,0
25849,0,0,0
400884,0,0,0
300066,0,0,0
167834,0,0,0
300562,0,0,0
281852,0,0,0
260172,0,0,0
55278,0,0,0
139813,0,0,0
15569,0,0,0
405748,0,0,0
336886,0,0,0
157856,0,0,0
89321,0,0,0
231867,0,0,0
118745,0,0,0
198904,0,0,0
68921,0,0,0
375346,0,0,0
394297,0,0,0
378124,0,0,0
288626,0,0,0
12999,0,0,0
398075,0,0,0
38124,0,0,0
327459,0,0,0
54376,0,0,0
406867,0,0,0
155469,0,0,0
101887,0,0,0
45195,0,0,0
187993,0,0,0
298219,0,0,0
24644,0,0,0
70221,0,0,0
261753,0,0,0
375597,0,0,0
96902,0,0,0
345697,0,0,0
271146,0,0,0
241615,0,0,0
212051,0,0,0
222145,0,0,0
360243,0,0,0
160970,0,0,0
201722,0,0,0
217704,0,0,0
315100,0,0,0
12987,0,0,0
375992,0,0,0
373318,0,0,0
137187,0,0,0
253451,0,0,0
290112,0,0,0
255493,0,0,0
284169,0,0,0
13898,0,0,0
112385,0,0,0
303239,0,0,0
65772,0,0,0
230048,0,0,0
329437,0,0,0
347542,0,0,0
305259,0,0,0
356798,0,0,0
271191,0,0,0
11021,0,0,0
300419,0,0,0
78458,0,0,0
225345,0,0,0
24555,0,0,0
313900,0,0,0
321149,0,0,0
55634,0,0,0
192395,0,0,0
202815,0,0,0
308575,0,0,0
320159,0,0,0
31379,0,0,0
276107,0,0,0
48626,0,0,0
296739,0,0,0
251157,0,0,0
39631,0,0,0
166098,0,0,0
161025,0,0,0
178888,0,0,0
338114,0,0,0
39604,0,0,0
271091,0,0,0
288454,0,0,0
85819,0,0,0
22806,0,0,0
21426,0,0,0
377581,0,0,0
367869,0,0,0
262919,0,0,0
181964,0,0,0
263614,0,0,0
163188,0,0,0
365787,0,0,0
160828,0,0,0
101091,0,0,0
277219,0,0,0
266353,0,0,0
174145,0,0,0
10626,0,0,0
303345,0,0,0
325628,0,0,0
22172,0,0,0
37939,0,0,0
278978,0,0,0
143587,0,0,0
138724,0,0,0
263969,0,0,0
219413,0,0,0
195138,0,0,0
122240,0,0,0
150475,0,0,0
223377,0,0,0
294915,0,0,0
312818,0,0,0
184732,0,0,0
343173,0,0,0
157312,0,0,0
80882,0,0,0
308445,0,0,0
316869,0,0,0
124642,0,0,0
158628,0,0,0
191278,0,0,0
62932,0,0,0
68498,0,0,0
150607,0,0,0
72559,0,0,0
194030,0,0,0
310018,0,0,0
384474,0,0,0
105339,0,0,0
246690,0,0,0
178769,0,0,0
304704,0,0,0
380910,0,0,0
320114,0,0,0
132028,0,0,0
35976,0,0,0
27894,0,0,0
293317,0,0,0
91294,0,0,0
59619,0,0,0
409060,0,0,0
402516,0,0,0
69241,0,0,0
199226,0,0,0
356285,0,0,0
196753,0,0,0
257941,0,0,0
7343,0,0,0
385643,0,0,0
3376,0,0,0
317,0,0,0
396273,0,0,0
151511,0,0,0
9763,0,0,0
67883,0,0,0
201529,0,0,0
392450,0,0,0
145616,0,0,0
262475,0,0,0
296428,0,0,0
136752,0,0,0
317069,0,0,0
122017,0,0,0
388357,0,0,0
104828,0,0,0
247128,0,0,0
408456,0,0,0
297944,0,0,0
288834,0,0,0
33531,0,0,0
223644,0,0,0
90855,0,0,0
276833,0,0,0
244932,0,0,0
5940,0,0,0
312976,0,0,0
211288,0,0,0
173964,0,0,0
22401,0,0,0
97113,0,0,0
278788,0,0,0
300930,0,0,0
289236,0,0,0
152625,0,0,0
109895,0,0,0
160731,0,0,0
332912,0,0,0
257744,0,0,0
88086,0,0,0
276072,0,0,0
300948,0,0,0
270763,0,0,0
307438,0,0,0
215320,0,0,0
109182,0,0,0
400571,0,0,0
339644,0,0,0
188998,0,0,0
114657,0,0,0
254120,0,0,0
312370,0,0,0
176689,0,0,0
209839,0,0,0
271588,0,0,0
48754,0,0,0
92192,0,0,0
73029,0,0,0
33057,0,0,0
133333,0,0,0
44022,0,0,0
194139,0,0,0
353199,0,0,0
98005,0,0,0
68579,0,0,0
192207,0,0,0
55129,0,0,0
265366,0,0,0
203350,0,0,0
304518,0,0,0
323523,0,0,0
235282,0,0,0
362733,0,0,0
194835,0,0,0
158128,0,0,0
364586,0,0,0
397381,0,0,0
37144,0,0,0
259815,0,0,0
267116,0,0,0
94413,0,0,0
305181,0,0,0
306143,0,0,0
379872,0,0,0
112990,0,0,0
262987,0,0,0
96872,0,0,0
317865,0,0,0
64044,0,0,0
408426,0,0,0
175087,0,0,0
214578,0,0,0
87135,0,0,0
144358,0,0,0
277292,0,0,0
86001,0,0,0
30197,0,0,0
289623,0,0,0
71009,0,0,0
50091,0,0,0
193614,0,0,0
54733,0,0,0
214072,0,0,0
63172,0,0,0
168580,0,0,0
84405,0,0,0
177700,0,0,0
295031,0,0,0
193160,0,0,0
164446,0,0,0
244248,0,0,0
330799,0,0,0
230747,0,0,0
217763,0,0,0
251487,0,0,0
277618,0,0,0
127661,0,0,0
61,0,0,0
59202,0,0,0
235918,0,0,0
20428,0,0,0
330153,0,0,0
213332,0,0,0
68211,0,0,0
5494,0,0,0
55458,0,0,0
118908,0,0,0
262202,0,0,0
305396,0,0,0
6171,0,0,0
270796,0,0,0
363382,0,0,0
378266,0,0,0
306076,0,0,0
22711,0,0,0
64290,0,0,0
377357,0,0,0
302130,0,0,0
156639,0,0,0
100398,0,0,0
380934,0,0,0
41867,0,0,0
236323,0,0,0
360948,0,0,0
335999,0,0,0
229023,0,0,0
263719,0,0,0
244478,0,0,0
78361,0,0,0
187260,0,0,0
157384,0,0,0
80044,0,0,0
161017,0,0,0
131625,0,0,0
339946,0,0,0
63099,0,0,0
132186,0,0,0
27428,0,0,0
100283,0,0,0
101228,0,0,0
305224,0,0,0
174866,0,0,0
332343,0,0,0
207487,0,0,0
275719,0,0,0
320453,0,0,0
378724,0,0,0
140063,0,0,0
213233,0,0,0
229141,0,0,0
348455,0,0,0
231995,0,0,0
14341,0,0,0
294879,0,0,0
366842,0,0,0
44490,0,0,0
222332,0,0,0
130079,0,0,0
13733,0,0,0
176688,0,0,0
41755,0,0,0
410077,0,0,0
333237,0,0,0
266693,0,0,0
213790,0,0,0
240494,0,0,0
41113,0,0,0
384379,0,0,0
232545,0,0,0
165292,0,0,0
21077,0,0,0
77124,0,0,0
168095,0,0,0
286011,0,0,0
180705,0,0,0
365654,0,0,0
400844,0,0,0
396330,0,0,0
194319,0,0,0
136870,0,0,0
179489,0,0,0
304435,0,0,0
115449,0,0,0
148551,0,0,0
15391,0,0,0
9399,0,0,0
401320,0,0,0
370245,0,0,0
15511,0,0,0
366191,0,0,0
68616,0,0,0
283553,0,0,0
5574,0,0,0
396634,0,0,0
69136,0,0,0
231153,0,0,0
363490,0,0,0
250262,0,0,0
97772,0,0,0
30150,0,0,0
137408,0,0,0
39741,0,0,0
8788,0,0,0
345582,0,0,0
159733,0,0,0
252781,0,0,0
275047,0,0,0
386680,0,0,0
377083,0,0,0
329572,0,0,0
93826,0,0,0
197586,0,0,0
143255,0,0,0
327164,0,0,0
230953,0,0,0
384614,0,0,0
72515,0,0,0
352063,0,0,0
406933,0,0,0
307132,0,0,0
81956,0,0,0
78066,0,0,0
227860,0,0,0
152633,0,0,0
156015,0,0,0
141833,0,0,0
377884,0,0,0
58003,0,0,0
356929,0,0,0
344492,0,0,0
302795,0,0,0
180218,0,0,0
64460,0,0,0
364086,0,0,0
172714,0,0,0
181061,0,0,0
148940,0,0,0
75460,0,0,0
160024,0,0,0
50629,0,0,0
37895,0,0,0
290193,0,0,0
166686,0,0,0
266977,0,0,0
381296,0,0,0
96778,0,0,0
362778,0,0,0
241012,0,0,0
210772,0,0,0
375997,0,0,0
28104,0,0,0
164996,0,0,0
70260,0,0,0
206853,0,0,0
50552,0,0,0
68972,0,0,0
270130,0,0,0
135746,0,0,0
219425,0,0,0
176461,0,0,0
170701,0,0,0
288993,0,0,0
331711,0,0,0
305991,0,0,0
348882,0,0,0
26834,0,0,0
110120,0,0,0
71258,0,0,0
87694,0,0,0
295574,0,0,0
5576,0,0,0
186232,0,0,0
183872,0,0,0
82325,0,0,0
253022,0,0,0
180015,0,0,0
405537,0,0,0
170278,0,0,0
277815,0,0,0
99923,0,0,0
127864,0,0,0
36860,0,0,0
108263,0,0,0
324811,0,0,0
198692,0,0,0
41340,0,0,0
220749,0,0,0
307054,0,0,0
400330,0,0,0
68633,0,0,0
284230,0,0,0
381284,0,0,0
63452,0,0,0
226152,0,0,0
276296,0,0,0
38074,0,0,0
214621,0,0,0
131327,0,0,0
299260,0,0,0
285349,0,0,0
209890,0,0,0
19625,0,0,0
296895,0,0,0
90198,0,0,0
32540,0,0,0
26632,0,0,0
108979,0,0,0
116418,0,0,0
260530,0,0,0
87427,0,0,0
196769,0,0,0
303338,0,0,0
213039,0,0,0
205212,0,0,0
55548,0,0,0
353633,0,0,0
131560,0,0,0
409826,0,0,0
405082,0,0,0
371131,0,0,0
324006,0,0,0
297120,0,0,0
370546,0,0,0
33761,0,0,0
333252,0,0,0
55070,0,0,0
336863,0,0,0
354471,0,0,0
187928,0,0,0
2810,0,0,0
11248,0,0,0
342056,0,0,0
313643,0,0,0
376134,0,0,0
45185,0,0,0
162259,0,0,0
109542,0,0,0
324397,0,0,0
10462,0,0,0
278866,0,0,0
153916,0,0,0
86872,0,0,0
380742,0,0,0
227559,0,0,0
152913,0,0,0
269933,0,0,0
306758,0,0,0
373011,0,0,0
247959,0,0,0
91835,0,0,0
133418,0,0,0
315184,0,0,0
254232,0,0,0
317107,0,0,0
4974,0,0,0
102933,0,0,0
269661,0,0,0
16856,0,0,0
277500,0,0,0
111936,0,0,0
258564,0,0,0
335555,0,0,0
96410,0,0,0
249981,0,0,0
265883,0,0,0
302061,0,0,0
394013,0,0,0
302515,0,0,0
150207,0,0,0
341554,0,0,0
31467,0,0,0
203484,0,0,0
86898,0,0,0
275592,0,0,0
156508,0,0,0
309349,0,0,0
244728,0,0,0
83580,0,0,0
310925,0,0,0
18914,0,0,0
292921,0,0,0
27038,0,0,0
297904,0,0,0
76329,0,0,0
253832,0,0,0
110002,0,0,0
381051,0,0,0
43304,0,0,0
224924,0,0,0
34622,0,0,0
135031,0,0,0
220834,0,0,0
275525,0,0,0
248601,0,0,0
21275,0,0,0
304047,0,0,0
19469,0,0,0
280036,0,0,0
17517,0,0,0
130522,0,0,0
310492,0,0,0
168034,0,0,0
16847,0,0,0
49923,0,0,0
87464,0,0,0
85062,0,0,0
65430,0,0,0
229261,0,0,0
255389,0,0,0
160845,0,0,0
209304,0,0,0
259249,0,0,0
66154,0,0,0
193041,0,0,0
390166,0,0,0
181491,0,0,0
18942,0,0,0
369114,0,0,0
114230,0,0,0
158420,0,0,0
408346,0,0,0
285061,0,0,0
71028,0,0,0
75934,0,0,0
287222,0,0,0
8738,0,0,0
346279,0,0,0
62472,0,0,0
275284,0,0,0
103002,0,0,0
304365,0,0,0
173937,0,0,0
351924,0,0,0
246939,0,0,0
123378,0,0,0
68275,0,0,0
148550,0,0,0
98947,0,0,0
367440,0,0,0
154229,0,0,0
46060,0,0,0
175240,0,0,0
68398,0,0,0
261851,0,0,0
75195,0,0,0
179427,0,0,0
92783,0,0,0
101114,0,0,0
252491,0,0,0
87656,0,0,0
312994,0,0,0
265038,0,0,0
17262,0,0,0
366705,0,0,0
215166,0,0,0
157215,0,0,0
373918,0,0,0
94790,0,0,0
255141,0,0,0
165152,0,0,0
120768,0,0,0
152961,0,0,0
92739,0,0,0
347798,0,0,0
192264,0,0,0
17904,0,0,0
14027,0,0,0
327588,0,0,0
318235,0,0,0
363505,0,0,0
41425,0,0,0
184178,0,0,0
320092,0,0,0
180999,0,0,0
34987,0,0,0
167824,0,0,0
227591,0,0,0
214478,0,0,0
84114,0,0,0
75608,0,0,0
218,0,0,0
63768,0,0,0
392037,0,0,0
301103,0,0,0
300259,0,0,0
356439,0,0,0
168401,0,0,0
288218,0,0,0
52744,0,0,0
55484,0,0,0
3041,0,0,0
175405,0,0,0
154244,0,0,0
313287,0,0,0
62293,0,0,0
14313,0,0,0
196892,0,0,0
227737,0,0,0
290790,0,0,0
76767,0,0,0
197904,0,0,0
379128,0,0,0
304371,0,0,0
366136,0,0,0
365430,0,0,0
256094,0,0,0
211133,0,0,0
383700,0,0,0
355195,0,0,0
68221,0,0,0
139199,0,0,0
8608,0,0,0
54698,0,0,0
196235,0,0,0
69411,0,0,0
281246,0,0,0
141772,0,0,0
138605,0,0,0
306022,0,0,0
101860,0,0,0
382496,0,0,0
166042,0,0,0
332953,0,0,0
281318,0,0,0
192109,0,0,0
330223,0,0,0
281224,0,0,0
199267,0,0,0
120137,0,0,0
122215,0,0,0
277572,0,0,0
115059,0,0,0
19007,0,0,0
381057,0,0,0
410821,0,0,0
8472,0,0,0
313282,0,0,0
309496,0,0,0
276208,0,0,0
342437,0,0,0
312530,0,0,0
391407,0,0,0
71863,0,0,0
247847,0,0,0
13428,0,0,0
166418,0,0,0
398186,0,0,0
36445,0,0,0
280808,0,0,0
142381,0,0,0
173134,0,0,0
230066,0,0,0
280958,0,0,0
375409,0,0,0
404164,0,0,0
315434,0,0,0
383412,0,0,0
218429,0,0,0
241929,0,0,0
175338,0,0,0
246365,0,0,0
29983,0,0,0
229230,0,0,0
297833,0,0,0
54159,0,0,0
113651,0,0,0
382765,0,0,0
191715,0,0,0
81691,0,0,0
108883,0,0,0
409521,0,0,0
132189,0,0,0
204550,0,0,0
24756,0,0,0
195046,0,0,0
306133,0,0,0
290860,0,0,0
344267,0,0,0
342148,0,0,0
110910,0,0,0
24967,0,0,0
319486,0,0,0
235324,0,0,0
96708,0,0,0
122293,0,0,0
94048,0,0,0
351561,0,0,0
405151,0,0,0
260508,0,0,0
321578,0,0,0
140029,0,0,0
27425,0,0,0
124339,0,0,0
30413,0,0,0
194945,0,0,0
301233,0,0,0
361395,0,0,0
294585,0,0,0
320225,0,0,0
38786,0,0,0
209562,0,0,0
86895,0,0,0
22153,0,0,0
193052,0,0,0
191113,0,0,0
228750,0,0,0
23348,0,0,0
312696,0,0,0
120161,0,0,0
4128,0,0,0
15568,0,0,0
272041,0,0,0
32434,0,0,0
92049,0,0,0
369264,0,0,0
65791,0,0,0
379867,0,0,0
283508,0,0,0
184699,0,0,0
114580,0,0,0
220791,0,0,0
49265,0,0,0
352854,0,0,0
110498,0,0,0
408851,0,0,0
157358,0,0,0
104357,0,0,0
375448,0,0,0
35227,0,0,0
99141,0,0,0
204619,0,0,0
351188,0,0,0
395831,0,0,0
139179,0,0,0
176041,0,0,0
21666,0,0,0
207748,0,0,0
213706,0,0,0
335398,0,0,0
42317,0,0,0
277873,0,0,0
119270,0,0,0
181621,0,0,0
224474,0,0,0
281742,0,0,0
313830,0,0,0
1104,0,0,0
67660,0,0,0
148326,0,0,0
173430,0,0,0
376122,0,0,0
235803,0,0,0
10409,0,0,0
258883,0,0,0
18303,0,0,0
364773,0,0,0
86545,0,0,0
182792,0,0,0
262530,0,0,0
134207,0,0,0
399199,0,0,0
350567,0,0,0
388639,0,0,0
217719,0,0,0
189282,0,0,0
115151,0,0,0
187396,0,0,0
232695,0,0,0
382749,0,0,0
276859,0,0,0
310721,0,0,0
105094,0,0,0
159814,0,0,0
219567,0,0,0
86391,0,0,0
354505,0,0,0
208524,0,0,0
122319,0,0,0
125251,0,0,0
374957,0,0,0
211203,0,0,0
405892,0,0,0
68446,0,0,0
233907,0,0,0
367728,0,0,0
195564,0,0,0
165151,0,0,0
404909,0,0,0
245975,0,0,0
236959,0,0,0
343350,0,0,0
184449,0,0,0
77271,0,0,0
248612,0,0,0
100055,0,0,0
12696,0,0,0
331802,0,0,0
50128,0,0,0
70589,0,0,0
154974,0,0,0
336245,0,0,0
300943,0,0,0
136961,0,0,0
257387,0,0,0
302455,0,0,0
182689,0,0,0
193988,0,0,0
331265,0,0,0
126067,0,0,0
364877,0,0,0
277034,0,0,0
337384,0,0,0
326526,0,0,0
118827,0,0,0
304848,0,0,0
97888,0,0,0
327935,0,0,0
401821,0,0,0
256306,0,0,0
45512,0,0,0
155311,0,0,0
294018,0,0,0
291913,0,0,0
372124,0,0,0
231062,0,0,0
364070,0,0,0
95931,0,0,0
117817,0,0,0
373022,0,0,0
402914,0,0,0
219032,0,0,0
342165,0,0,0
145244,0,0,0
405023,0,0,0
158452,0,0,0
338066,0,0,0
178461,0,0,0
281293,0,0,0
103060,0,0,0
56437,0,0,0
351976,0,0,0
81408,0,0,0
333138,0,0,0
373652,0,0,0
83305,0,0,0
1379,0,0,0
57676,0,0,0
265811,0,0,0
81357,0,0,0
239140,0,0,0
203627,0,0,0
279963,0,0,0
149033,0,0,0
158820,0,0,0
104094,0,0,0
124034,0,0,0
310194,0,0,0
128249,0,0,0
398362,0,0,0
374666,0,0,0
48893,0,0,0
29130,0,0,0
146427,0,0,0
232408,0,0,0
1971,0,0,0
328014,0,0,0
132240,0,0,0
250300,0,0,0
367137,0,0,0
124366,0,0,0
191277,0,0,0
316685,0,0,0
241375,0,0,0
258296,0,0,0
325104,0,0,0
220945,0,0,0
283997,0,0,0
178529,0,0,0
186272,0,0,0
191265,0,0,0
260404,0,0,0
227411,0,0,0
312562,0,0,0
355937,0,0,0
390057,0,0,0
80617,0,0,0
315096,0,0,0
48835,0,0,0
191219,0,0,0
224673,0,0,0
287980,0,0,0
227454,0,0,0
229630,0,0,0
187366,0,0,0
341035,0,0,0
198776,0,0,0
282611,0,0,0
380583,0,0,0
47764,0,0,0
282492,0,0,0
224668,0,0,0
255992,0,0,0
47090,0,0,0
202160,0,0,0
387264,0,0,0
139944,0,0,0
91344,0,0,0
88057,0,0,0
257201,0,0,0
221295,0,0,0
1847,0,0,0
323656,0,0,0
373240,0,0,0
362779,0,0,0
410174,0,0,0
402537,0,0,0
378373,0,0,0
391129,0,0,0
81848,0,0,0
258427,0,0,0
387474,0,0,0
303864,0,0,0
189742,0,0,0
202360,0,0,0
86552,0,0,0
270990,0,0,0
177756,0,0,0
27050,0,0,0
207776,0,0,0
372395,0,0,0
287294,0,0,0
112666,0,0,0
247292,0,0,0
265961,0,0,0
293316,0,0,0
29553,0,0,0
162439,0,0,0
384878,0,0,0
4641,0,0,0
354870,0,0,0
196480,0,0,0
11765,0,0,0
377802,0,0,0
197896,0,0,0
220397,0,0,0
166473,0,0,0
98173,0,0,0
276114,0,0,0
284804,0,0,0
146092,0,0,0
124170,0,0,0
50171,0,0,0
389563,0,0,0
302252,0,0,0
39543,0,0,0
394630,0,0,0
45476,0,0,0
127211,0,0,0
386748,0,0,0
187344,0,0,0
373641,0,0,0
324722,0,0,0
269815,0,0,0
158378,0,0,0
217432,0,0,0
65712,0,0,0
349234,0,0,0
245926,0,0,0
190385,0,0,0
394028,0,0,0
8069,0,0,0
241634,0,0,0
537,0,0,0
302257,0,0,0
74244,0,0,0
181926,0,0,0
290191,0,0,0
353331,0,0,0
70353,0,0,0
291221,0,0,0
296557,0,0,0
128449,0,0,0
193528,0,0,0
321999,0,0,0
77681,0,0,0
314094,0,0,0
250354,0,0,0
84508,0,0,0
136967,0,0,0
333069,0,0,0
297663,0,0,0
261165,0,0,0
132527,0,0,0
127765,0,0,0
27135,0,0,0
71441,0,0,0
38949,0,0,0
25248,0,0,0
46272,0,0,0
145110,0,0,0
81239,0,0,0
395916,0,0,0
18147,0,0,0
191152,0,0,0
86066,0,0,0
175956,0,0,0
367229,0,0,0
205179,0,0,0
106314,0,0,0
352366,0,0,0
121601,0,0,0
69567,0,0,0
371491,0,0,0
253878,0,0,0
62908,0,0,0
40416,0,0,0
165080,0,0,0
268825,0,0,0
107588,0,0,0
182286,0,0,0
269934,0,0,0
163432,0,0,0
149736,0,0,0
160564,0,0,0
149602,0,0,0
305368,0,0,0
254204,0,0,0
293592,0,0,0
295427,0,0,0
365745,0,0,0
154625,0,0,0
261419,0,0,0
153623,0,0,0
64611,0,0,0
150742,0,0,0
336773,0,0,0
171281,0,0,0
78078,0,0,0
155702,0,0,0
393559,0,0,0
379786,0,0,0
295760,0,0,0
223668,0,0,0
250657,0,0,0
405220,0,0,0
105637,0,0,0
378593,0,0,0
365822,0,0,0
352805,0,0,0
271308,0,0,0
148709,0,0,0
314462,0,0,0
291642,0,0,0
167309,0,0,0
274827,0,0,0
368128,0,0,0
100194,0,0,0
132103,0,0,0
335750,0,0,0
392839,0,0,0
373047,0,0,0
324900,0,0,0
336398,0,0,0
19258,0,0,0
290068,0,0,0
392054,0,0,0
333290,0,0,0
82713,0,0,0
212727,0,0,0
263400,0,0,0
289528,0,0,0
29545,0,0,0
276442,0,0,0
274563,0,0,0
306914,0,0,0
307339,0,0,0
131826,0,0,0
102342,0,0,0
364432,0,0,0
409719,0,0,0
147557,0,0,0
170343,0,0,0
195868,0,0,0
21761,0,0,0
131644,0,0,0
99639,0,0,0
307283,0,0,0
364623,0,0,0
177221,0,0,0
129392,0,0,0
410762,0,0,0
121916,0,0,0
290568,0,0,0
2952,0,0,0
377512,0,0,0
244618,0,0,0
378325,0,0,0
309936,0,0,0
305995,0,0,0
271080,0,0,0
117014,0,0,0
103198,0,0,0
106055,0,0,0
90208,0,0,0
401367,0,0,0
323817,0,0,0
402648,0,0,0
183791,0,0,0
74401,0,0,0
238346,0,0,0
212956,0,0,0
41569,0,0,0
409109,0,0,0
394908,0,0,0
224876,0,0,0
1828,0,0,0
287596,0,0,0
165710,0,0,0
58700,0,0,0
232586,0,0,0
239491,0,0,0
264452,0,0,0
319245,0,0,0
330052,0,0,0
375797,0,0,0
392343,0,0,0
132696,0,0,0
319719,0,0,0
317132,0,0,0
69596,0,0,0
340730,0,0,0
216435,0,0,0
155367,0,0,0
287039,0,0,0
210370,0,0,0
365735,0,0,0
88215,0,0,0
232812,0,0,0
204648,0,0,0
151504,0,0,0
331593,0,0,0
351728,0,0,0
359695,0,0,0
174012,0,0,0
324595,0,0,0
379198,0,0,0
208725,0,0,0
62834,0,0,0
404074,0,0,0
115810,0,0,0
114465,0,0,0
249512,0,0,0
153894,0,0,0
345476,0,0,0
180717,0,0,0
274830,0,0,0
137860,0,0,0
28856,0,0,0
315625,0,0,0
148831,0,0,0
137249,0,0,0
377715,0,0,0
235062,0,0,0
188954,0,0,0
267071,0,0,0
75122,0,0,0
24979,0,0,0
178169,0,0,0
283694,0,0,0
29856,0,0,0
2036,0,0,0
213263,0,0,0
284867,0,0,0
246747,0,0,0
379334,0,0,0
243550,0,0,0
196266,0,0,0
32713,0,0,0
325684,0,0,0
114506,0,0,0
178698,0,0,0
3964,0,0,0
384368,0,0,0
324500,0,0,0
252816,0,0,0
91536,0,0,0
2441,0,0,0
49918,0,0,0
137026,0,0,0
374357,0,0,0
147784,0,0,0
351684,0,0,0
301055,0,0,0
377583,0,0,0
277727,0,0,0
134037,0,0,0
235489,0,0,0
370332,0,0,0
294349,0,0,0
162106,0,0,0
298963,0,0,0
46302,0,0,0
86725,0,0,0
249870,0,0,0
397347,0,0,0
60514,0,0,0
245948,0,0,0
259622,0,0,0
54382,0,0,0
104030,0,0,0
237805,0,0,0
324714,0,0,0
394774,0,0,0
278957,0,0,0
273168,0,0,0
11834,0,0,0
156716,0,0,0
106437,0,0,0
152750,0,0,0
174076,0,0,0
241548,0,0,0
395241,0,0,0
318200,0,0,0
163673,0,0,0
343658,0,0,0
384141,0,0,0
222549,0,0,0
116495,0,0,0
46870,0,0,0
227177,0,0,0
206355,0,0,0
155777,0,0,0
41678,0,0,0
23082,0,0,0
241904,0,0,0
167676,0,0,0
61863,0,0,0
388954,0,0,0
67517,0,0,0
153591,0,0,0
212752,0,0,0
306016,0,0,0
172328,0,0,0
376275,0,0,0
214587,0,0,0
337316,0,0,0
108037,0,0,0
387833,0,0,0
293998,0,0,0
358208,0,0,0
269408,0,0,0
300454,0,0,0
401787,0,0,0
212106,0,0,0
189836,0,0,0
46975,0,0,0
57389,0,0,0
326433,0,0,0
380315,0,0,0
121856,0,0,0
396986,0,0,0
376529,0,0,0
306188,0,0,0
407003,0,0,0
202643,0,0,0
240381,0,0,0
47803,0,0,0
330932,0,0,0
240553,0,0,0
188313,0,0,0
157373,0,0,0
88616,0,0,0
313172,0,0,0
109926,0,0,0
397143,0,0,0
5098,0,0,0
54648,0,0,0
14606,0,0,0
404534,0,0,0
143503,0,0,0
51834,0,0,0
265423,0,0,0
62429,0,0,0
109915,0,0,0
337593,0,0,0
30755,0,0,0
369841,0,0,0
335307,0,0,0
410183,0,0,0
150543,0,0,0
401824,0,0,0
281174,0,0,0
215968,0,0,0
12466,0,0,0
401542,0,0,0
34018,0,0,0
13976,0,0,0
395189,0,0,0
377318,0,0,0
171605,0,0,0
155192,0,0,0
72276,0,0,0
128101,0,0,0
157114,0,0,0
190283,0,0,0
14668,0,0,0
128443,0,0,0
286377,0,0,0
255219,0,0,0
150434,0,0,0
407620,0,0,0
325465,0,0,0
18171,0,0,0
228730,0,0,0
184915,0,0,0
60365,0,0,0
341121,0,0,0
75642,0,0,0
138498,0,0,0
398799,0,0,0
7980,0,0,0
189726,0,0,0
385621,0,0,0
116322,0,0,0
284078,0,0,0
281930,0,0,0
52828,0,0,0
74131,0,0,0
237116,0,0,0
328404,0,0,0
248301,0,0,0
320623,0,0,0
306808,0,0,0
267092,0,0,0
318606,0,0,0
354043,0,0,0
321068,0,0,0
316443,0,0,0
195156,0,0,0
90357,0,0,0
109705,0,0,0
336981,0,0,0
298334,0,0,0
168711,0,0,0
372593,0,0,0
131825,0,0,0
119849,0,0,0
257651,0,0,0
380134,0,0,0
381518,0,0,0
182968,0,0,0
219048,0,0,0
353963,0,0,0
398381,0,0,0
122479,0,0,0
127386,0,0,0
13020,0,0,0
24898,0,0,0
184964,0,0,0
178568,0,0,0
25396,0,0,0
51585,0,0,0
174479,0,0,0
317531,0,0,0
119305,0,0,0
399566,0,0,0
138121,0,0,0
256919,0,0,0
71129,0,0,0
351931,0,0,0
367501,0,0,0
74062,0,0,0
211597,0,0,0
174575,0,0,0
255161,0,0,0
252190,0,0,0
282827,0,0,0
69046,0,0,0
134586,0,0,0
319900,0,0,0
302807,0,0,0
68814,0,0,0
123274,0,0,0
382014,0,0,0
58726,0,0,0
228458,0,0,0
110059,0,0,0
125069,0,0,0
306925,0,0,0
58743,0,0,0
28167,0,0,0
101099,0,0,0
325285,0,0,0
25190,0,0,0
374480,0,0,0
363680,0,0,0
142802,0,0,0
273024,0,0,0
99869,0,0,0
379566,0,0,0
264743,0,0,0
288388,0,0,0
161206,0,0,0
195110,0,0,0
251591,0,0,0
90777,0,0,0
173988,0,0,0
125812,0,0,0
159408,0,0,0
138683,0,0,0
310628,0,0,0
81731,0,0,0
304301,0,0,0
155051,0,0,0
314886,0,0,0
175316,0,0,0
331386,0,0,0
335411,0,0,0
10325,0,0,0
355901,0,0,0
139986,0,0,0
49989,0,0,0
39330,0,0,0
283173,0,0,0
9517,0,0,0
287380,0,0,0
171126,0,0,0
379868,0,0,0
328704,0,0,0
210570,0,0,0
257939,0,0,0
289732,0,0,0
336526,0,0,0
332269,0,0,0
257988,0,0,0
293573,0,0,0
267725,0,0,0
52803,0,0,0
166294,0,0,0
115409,0,0,0
75990,0,0,0
192018,0,0,0
327269,0,0,0
5334,0,0,0
59921,0,0,0
123705,0,0,0
354447,0,0,0
157680,0,0,0
146017,0,0,0
325469,0,0,0
109969,0,0,0
80283,0,0,0
381742,0,0,0
262133,0,0,0
104469,0,0,0
183712,0,0,0
364093,0,0,0
263236,0,0,0
159564,0,0,0
105178,0,0,0
339267,0,0,0
42512,0,0,0
319737,0,0,0
5984,0,0,0
192560,0,0,0
314122,0,0,0
65280,0,0,0
19426,0,0,0
230284,0,0,0
257608,0,0,0
9261,0,0,0
216473,0,0,0
82642,0,0,0
22967,0,0,0
71899,0,0,0
50630,0,0,0
3458,0,0,0
99684,0,0,0
43787,0,0,0
276306,0,0,0
242856,0,0,0
271968,0,0,0
70441,0,0,0
406003,0,0,0
104371,0,0,0
324729,0,0,0
68056,0,0,0
89789,0,0,0
72539,0,0,0
170414,0,0,0
388031,0,0,0
300969,0,0,0
334613,0,0,0
402023,0,0,0
212581,0,0,0
269764,0,0,0
37817,0,0,0
363927,0,0,0
303179,0,0,0
247279,0,0,0
298357,0,0,0
273242,0,0,0
120131,0,0,0
265149,0,0,0
30819,0,0,0
149492,0,0,0
206692,0,0,0
203383,0,0,0
35107,0,0,0
48317,0,0,0
315449,0,0,0
266629,0,0,0
21887,0,0,0
27912,0,0,0
68293,0,0,0
202466,0,0,0
2028,0,0,0
174352,0,0,0
3627,0,0,0
252879,0,0,0
131959,0,0,0
409186,0,0,0
6062,0,0,0
184163,0,0,0
61328,0,0,0
98783,0,0,0
94808,0,0,0
220838,0,0,0
368564,0,0,0
402818,0,0,0
29340,0,0,0
52286,0,0,0
362956,0,0,0
135376,0,0,0
357350,0,0,0
166949,0,0,0
86400,0,0,0
120625,0,0,0
188051,0,0,0
6251,0,0,0
173894,0,0,0
185861,0,0,0
126868,0,0,0
244767,0,0,0
69649,0,0,0
290258,0,0,0
170757,0,0,0
165729,0,0,0
23335,0,0,0
58550,0,0,0
151052,0,0,0
185212,0,0,0
137686,0,0,0
290473,0,0,0
140123,0,0,0
34408,0,0,0
185068,0,0,0
4255,0,0,0
127884,0,0,0
92654,0,0,0
350692,0,0,0
192317,0,0,0
377783,0,0,0
273290,0,0,0
108346,0,0,0
218783,0,0,0
316226,0,0,0
90099,0,0,0
39629,0,0,0
291055,0,0,0
497,0,0,0
147553,0,0,0
265442,0,0,0
152799,0,0,0
96998,0,0,0
271006,0,0,0
276187,0,0,0
197174,0,0,0
397262,0,0,0
283697,0,0,0
241681,0,0,0
406298,0,0,0
95530,0,0,0
297897,0,0,0
81766,0,0,0
259371,0,0,0
177304,0,0,0
189042,0,0,0
55293,0,0,0
387394,0,0,0
88544,0,0,0
387411,0,0,0
110173,0,0,0
90312,0,0,0
142734,0,0,0
277115,0,0,0
176520,0,0,0
3637,0,0,0
5243,0,0,0
354910,0,0,0
400998,0,0,0
226131,0,0,0
56193,0,0,0
360665,0,0,0
17395,0,0,0
311528,0,0,0
369347,0,0,0
31670,0,0,0
62921,0,0,0
407438,0,0,0
280739,0,0,0
64867,0,0,0
408786,0,0,0
121048,0,0,0
233710,0,0,0
61495,0,0,0
60098,0,0,0
391163,0,0,0
395191,0,0,0
210784,0,0,0
16203,0,0,0
248957,0,0,0
231353,0,0,0
231538,0,0,0
11007,0,0,0
400451,0,0,0
352074,0,0,0
229275,0,0,0
335865,0,0,0
111801,0,0,0
148896,0,0,0
83886,0,0,0
5271,0,0,0
194524,0,0,0
312687,0,0,0
258931,0,0,0
23152,0,0,0
312364,0,0,0
323338,0,0,0
48571,0,0,0
190701,0,0,0
68723,0,0,0
259449,0,0,0
380699,0,0,0
300060,0,0,0
29034,0,0,0
353653,0,0,0
45464,0,0,0
263191,0,0,0
229795,0,0,0
304689,0,0,0
328797,0,0,0
24929,0,0,0
316086,0,0,0
211609,0,0,0
305100,0,0,0
25455,0,0,0
139718,0,0,0
158749,0,0,0
234620,0,0,0
342245,0,0,0
139887,0,0,0
86335,0,0,0
158469,0,0,0
326294,0,0,0
189220,0,0,0
253948,0,0,0
345504,0,0,0
17374,0,0,0
199764,0,0,0
302852,0,0,0
321553,0,0,0
22958,0,0,0
287259,0,0,0
87873,0,0,0
98294,0,0,0
275489,0,0,0
383261,0,0,0
367291,0,0,0
405600,0,0,0
132656,0,0,0
358913,0,0,0
91668,0,0,0
24813,0,0,0
799,0,0,0
18307,0,0,0
380160,0,0,0
201154,0,0,0
230263,0,0,0
347103,0,0,0
120018,0,0,0
318123,0,0,0
49465,0,0,0
236419,0,0,0
395416,0,0,0
27237,0,0,0
329630,0,0,0
362456,0,0,0
153596,0,0,0
150158,0,0,0
349548,0,0,0
324701,0,0,0
343046,0,0,0
24953,0,0,0
409745,0,0,0
362066,0,0,0
1185,0,0,0
134298,0,0,0
114679,0,0,0
403229,0,0,0
13326,0,0,0
290842,0,0,0
406341,0,0,0
244409,0,0,0
185473,0,0,0
162574,0,0,0
123313,0,0,0
195984,0,0,0
82318,0,0,0
207419,0,0,0
103375,0,0,0
274368,0,0,0
9144,0,0,0
145685,0,0,0
284565,0,0,0
244692,0,0,0
129791,0,0,0
380647,0,0,0
263862,0,0,0
26669,0,0,0
304976,0,0,0
297876,0,0,0
280833,0,0,0
395736,0,0,0
390740,0,0,0
256608,0,0,0
105093,0,0,0
157983,0,0,0
362304,0,0,0
243584,0,0,0
25285,0,0,0
307244,0,0,0
144090,0,0,0
250779,0,0,0
246240,0,0,0
410326,0,0,0
159306,0,0,0
66730,0,0,0
139939,0,0,0
145516,0,0,0
189437,0,0,0
103332,0,0,0
174472,0,0,0
207369,0,0,0
309869,0,0,0
318701,0,0,0
238765,0,0,0
409802,0,0,0
120477,0,0,0
43484,0,0,0
56330,0,0,0
295132,0,0,0
72270,0,0,0
112416,0,0,0
401541,0,0,0
398783,0,0,0
101660,0,0,0
221206,0,0,0
167226,0,0,0
130557,0,0,0
303638,0,0,0
174390,0,0,0
186077,0,0,0
294421,0,0,0
78999,0,0,0
393780,0,0,0
87027,0,0,0
161268,0,0,0
258502,0,0,0
278430,0,0,0
214858,0,0,0
127840,0,0,0
79555,0,0,0
248036,0,0,0
409981,0,0,0
375662,0,0,0
332467,0,0,0
272334,0,0,0
112084,0,0,0
229241,0,0,0
84797,0,0,0
40384,0,0,0
260845,0,0,0
76839,0,0,0
89001,0,0,0
324124,0,0,0
227382,0,0,0
117615,0,0,0
250755,0,0,0
303820,0,0,0
242818,0,0,0
110083,0,0,0
82553,0,0,0
237384,0,0,0
98356,0,0,0
384536,0,0,0
351973,0,0,0
400037,0,0,0
44889,0,0,0
287382,0,0,0
197365,0,0,0
167839,0,0,0
192940,0,0,0
25032,0,0,0
100827,0,0,0
207860,0,0,0
345022,0,0,0
200704,0,0,0
199830,0,0,0
379908,0,0,0
137285,0,0,0
156123,0,0,0
59775,0,0,0
325090,0,0,0
367786,0,0,0
21896,0,0,0
140927,0,0,0
93095,0,0,0
312443,0,0,0
51318,0,0,0
62001,0,0,0
246982,0,0,0
352642,0,0,0
90530,0,0,0
177753,0,0,0
111226,0,0,0
284477,0,0,0
327332,0,0,0
321116,0,0,0
334570,0,0,0
171898,0,0,0
72613,0,0,0
250081,0,0,0
112473,0,0,0
232315,0,0,0
372429,0,0,0
135737,0,0,0
168606,0,0,0
201216,0,0,0
70112,0,0,0
126002,0,0,0
353909,0,0,0
349693,0,0,0
380729,0,0,0
217124,0,0,0
286539,0,0,0
276443,0,0,0
287654,0,0,0
188195,0,0,0
56606,0,0,0
158398,0,0,0
348828,0,0,0
163610,0,0,0
311874,0,0,0
174259,0,0,0
230903,0,0,0
80506,0,0,0
251686,0,0,0
55599,0,0,0
199550,0,0,0
218998,0,0,0
135064,0,0,0
33589,0,0,0
9448,0,0,0
48836,0,0,0
353007,0,0,0
372743,0,0,0
106487,0,0,0
132880,0,0,0
24799,0,0,0
137203,0,0,0
208330,0,0,0
101978,0,0,0
112935,0,0,0
46834,0,0,0
170915,0,0,0
128306,0,0,0
198470,0,0,0
132201,0,0,0
10628,0,0,0
69913,0,0,0
81952,0,0,0
21352,0,0,0
245036,0,0,0
22496,0,0,0
375633,0,0,0
355545,0,0,0
122639,0,0,0
204489,0,0,0
190232,0,0,0
192457,0,0,0
282324,0,0,0
362463,0,0,0
361867,0,0,0
225110,0,0,0
142490,0,0,0
123204,0,0,0
271550,0,0,0
88678,0,0,0
215852,0,0,0
324709,0,0,0
348531,0,0,0
389193,0,0,0
160149,0,0,0
90657,0,0,0
187269,0,0,0
124990,0,0,0
189917,0,0,0
304132,0,0,0
34020,0,0,0
91091,0,0,0
233416,0,0,0
95640,0,0,0
269500,0,0,0
406061,0,0,0
51167,0,0,0
386188,0,0,0
354130,0,0,0
382534,0,0,0
51582,0,0,0
79265,0,0,0
407096,0,0,0
352633,0,0,0
55965,0,0,0
252066,0,0,0
81784,0,0,0
303651,0,0,0
165812,0,0,0
163321,0,0,0
388214,0,0,0
344433,0,0,0
363017,0,0,0
34762,0,0,0
212891,0,0,0
371555,0,0,0
22139,0,0,0
103121,0,0,0
265318,0,0,0
87127,0,0,0
85607,0,0,0
121058,0,0,0
16018,0,0,0
386182,0,0,0
14559,0,0,0
321410,0,0,0
318595,0,0,0
249380,0,0,0
105321,0,0,0
43352,0,0,0
92219,0,0,0
76529,0,0,0
203401,0,0,0
119390,0,0,0
120358,0,0,0
337761,0,0,0
344939,0,0,0
119033,0,0,0
337344,0,0,0
200970,0,0,0
258916,0,0,0
70314,0,0,0
142838,0,0,0
127115,0,0,0
188506,0,0,0
320297,0,0,0
6229,0,0,0
154582,0,0,0
206322,0,0,0
17892,0,0,0
286283,0,0,0
397857,0,0,0
145085,0,0,0
83340,0,0,0
338190,0,0,0
71006,0,0,0
45114,0,0,0
344626,0,0,0
257076,0,0,0
151236,0,0,0
382310,0,0,0
135896,0,0,0
34041,0,0,0
404946,0,0,0
225914,0,0,0
254734,0,0,0
193427,0,0,0
375890,0,0,0
319851,0,0,0
47348,0,0,0
346215,0,0,0
36564,0,0,0
360247,0,0,0
367939,0,0,0
175945,0,0,0
76692,0,0,0
84307,0,0,0
112492,0,0,0
335538,0,0,0
109746,0,0,0
179313,0,0,0
211684,0,0,0
91147,0,0,0
253386,0,0,0
152662,0,0,0
240775,0,0,0
245247,0,0,0
300205,0,0,0
273202,0,0,0
230326,0,0,0
10,0,0,0
1091,0,0,0
85377,0,0,0
148039,0,0,0
36386,0,0,0
207026,0,0,0
216004,0,0,0
31057,0,0,0
316408,0,0,0
371592,0,0,0
349077,0,0,0
7565,0,0,0
227871,0,0,0
322486,0,0,0
108629,0,0,0
105158,0,0,0
300563,0,0,0
28923,0,0,0
319776,0,0,0
219838,0,0,0
94329,0,0,0
162995,0,0,0
89303,0,0,0
140651,0,0,0
288375,0,0,0
406604,0,0,0
347589,0,0,0
176941,0,0,0
219534,0,0,0
330359,0,0,0
33310,0,0,0
42416,0,0,0
399369,0,0,0
204627,0,0,0
106219,0,0,0
73640,0,0,0
219161,0,0,0
404974,0,0,0
177012,0,0,0
236921,0,0,0
33452,0,0,0
60350,0,0,0
228060,0,0,0
344886,0,0,0
283617,0,0,0
330476,0,0,0
380104,0,0,0
254026,0,0,0
394554,0,0,0
406710,0,0,0
370728,0,0,0
46712,0,0,0
263989,0,0,0
194258,0,0,0
308880,0,0,0
44928,0,0,0
235091,0,0,0
408299,0,0,0
118184,0,0,0
47109,0,0,0
68223,0,0,0
316239,0,0,0
387430,0,0,0
14025,0,0,0
90234,0,0,0
41041,0,0,0
389757,0,0,0
330988,0,0,0
8948,0,0,0
9099,0,0,0
230255,0,0,0
350239,0,0,0
221951,0,0,0
263495,0,0,0
255544,0,0,0
343523,0,0,0
2110,0,0,0
61905,0,0,0
120853,0,0,0
400074,0,0,0
158142,0,0,0
269725,0,0,0
261170,0,0,0
74285,0,0,0
217167,0,0,0
356214,0,0,0
154205,0,0,0
58447,0,0,0
156851,0,0,0
359288,0,0,0
239224,0,0,0
353214,0,0,0
350228,0,0,0
194539,0,0,0
283974,0,0,0
35281,0,0,0
309535,0,0,0
224738,0,0,0
223492,0,0,0
164923,0,0,0
218081,0,0,0
4884,0,0,0
320298,0,0,0
64134,0,0,0
205184,0,0,0
310589,0,0,0
11608,0,0,0
207333,0,0,0
139211,0,0,0
370653,0,0,0
21509,0,0,0
246988,0,0,0
327170,0,0,0
210962,0,0,0
64449,0,0,0
288374,0,0,0
258518,0,0,0
291280,0,0,0
158279,0,0,0
47789,0,0,0
101084,0,0,0
181030,0,0,0
49045,0,0,0
397638,0,0,0
140987,0,0,0
124504,0,0,0
404327,0,0,0
226998,0,0,0
391727,0,0,0
141791,0,0,0
110980,0,0,0
99480,0,0,0
114022,0,0,0
273577,0,0,0
182518,0,0,0
73267,0,0,0
187713,0,0,0
164390,0,0,0
313468,0,0,0
354156,0,0,0
170569,0,0,0
214185,0,0,0
236887,0,0,0
116895,0,0,0
401008,0,0,0
182901,0,0,0
92551,0,0,0
252911,0,0,0
410258,0,0,0
340064,0,0,0
76773,0,0,0
341636,0,0,0
173747,0,0,0
326381,0,0,0
142187,0,0,0
173662,0,0,0
270218,0,0,0
5507,0,0,0
216936,0,0,0
26699,0,0,0
175599,0,0,0
337489,0,0,0
202812,0,0,0
365609,0,0,0
316252,0,0,0
18601,0,0,0
189242,0,0,0
254256,0,0,0
100660,0,0,0
389558,0,0,0
129549,0,0,0
42044,0,0,0
289846,0,0,0
161963,0,0,0
25111,0,0,0
190342,0,0,0
226040,0,0,0
92217,0,0,0
394061,0,0,0
191918,0,0,0
133851,0,0,0
216670,0,0,0
80383,0,0,0
78550,0,0,0
366245,0,0,0
5242,0,0,0
277850,0,0,0
295480,0,0,0
191172,0,0,0
121139,0,0,0
149280,0,0,0
60122,0,0,0
194805,0,0,0
356302,0,0,0
131276,0,0,0
203611,0,0,0
117524,0,0,0
343735,0,0,0
42610,0,0,0
47719,0,0,0
75528,0,0,0
366280,0,0,0
7664,0,0,0
137902,0,0,0
48101,0,0,0
192241,0,0,0
190889,0,0,0
353681,0,0,0
160299,0,0,0
176396,0,0,0
40085,0,0,0
206946,0,0,0
403820,0,0,0
25824,0,0,0
158306,0,0,0
358873,0,0,0
244252,0,0,0
364935,0,0,0
144564,0,0,0
181437,0,0,0
381263,0,0,0
159492,0,0,0
239809,0,0,0
215856,0,0,0
401102,0,0,0
288263,0,0,0
46746,0,0,0
226194,0,0,0
300896,0,0,0
198232,0,0,0
231407,0,0,0
308705,0,0,0
240522,0,0,0
324871,0,0,0
199387,0,0,0
171166,0,0,0
161143,0,0,0
304926,0,0,0
357875,0,0,0
205601,0,0,0
69119,0,0,0
151043,0,0,0
349538,0,0,0
163599,0,0,0
48538,0,0,0
249868,0,0,0
335535,0,0,0
377838,0,0,0
57753,0,0,0
357505,0,0,0
45253,0,0,0
176039,0,0,0
67489,0,0,0
303587,0,0,0
62973,0,0,0
235404,0,0,0
405459,0,0,0
135534,0,0,0
406617,0,0,0
144396,0,0,0
70760,0,0,0
243460,0,0,0
249322,0,0,0
53085,0,0,0
257094,0,0,0
137117,0,0,0
102134,0,0,0
283012,0,0,0
45884,0,0,0
81227,0,0,0
152316,0,0,0
382967,0,0,0
11138,0,0,0
147288,0,0,0
12572,0,0,0
30444,0,0,0
200759,0,0,0
266273,0,0,0
383039,0,0,0
40922,0,0,0
406149,0,0,0
214301,0,0,0
164896,0,0,0
208388,0,0,0
122400,0,0,0
11208,0,0,0
183137,0,0,0
287393,0,0,0
388410,0,0,0
334851,0,0,0
335436,0,0,0
337968,0,0,0
304492,0,0,0
270298,0,0,0
237219,0,0,0
8134,0,0,0
178787,0,0,0
373911,0,0,0
95112,0,0,0
166698,0,0,0
193575,0,0,0
65663,0,0,0
260595,0,0,0
129490,0,0,0
285302,0,0,0
283144,0,0,0
119958,0,0,0
238287,0,0,0
169751,0,0,0
220185,0,0,0
316554,0,0,0
356077,0,0,0
224226,0,0,0
134179,0,0,0
222412,0,0,0
206727,0,0,0
400702,0,0,0
373929,0,0,0
36508,0,0,0
276890,0,0,0
148507,0,0,0
248917,0,0,0
257657,0,0,0
297612,0,0,0
178397,0,0,0
232765,0,0,0
159827,0,0,0
151604,0,0,0
288796,0,0,0
350222,0,0,0
9209,0,0,0
275332,0,0,0
108108,0,0,0
302605,0,0,0
3797,0,0,0
90377,0,0,0
403334,0,0,0
38505,0,0,0
91006,0,0,0
52237,0,0,0
107404,0,0,0
315542,0,0,0
150563,0,0,0
260720,0,0,0
383670,0,0,0
237476,0,0,0
105810,0,0,0
17958,0,0,0
356099,0,0,0
345143,0,0,0
277100,0,0,0
54761,0,0,0
358467,0,0,0
329152,0,0,0
340806,0,0,0
203882,0,0,0
208731,0,0,0
336930,0,0,0
177780,0,0,0
82340,0,0,0
270228,0,0,0
189256,0,0,0
111399,0,0,0
219351,0,0,0
30115,0,0,0
394101,0,0,0
366237,0,0,0
127276,0,0,0
240714,0,0,0
312271,0,0,0
21409,0,0,0
128285,0,0,0
135093,0,0,0
5057,0,0,0
395362,0,0,0
66836,0,0,0
49857,0,0,0
370224,0,0,0
203942,0,0,0
165061,0,0,0
333495,0,0,0
357997,0,0,0
374175,0,0,0
222476,0,0,0
346789,0,0,0
300994,0,0,0
105997,0,0,0
204058,0,0,0
177857,0,0,0
295905,0,0,0
112003,0,0,0
347773,0,0,0
317876,0,0,0
110916,0,0,0
377788,0,0,0
79073,0,0,0
52590,0,0,0
144079,0,0,0
277501,0,0,0
358077,0,0,0
151080,0,0,0
193559,0,0,0
388602,0,0,0
8311,0,0,0
310791,0,0,0
183386,0,0,0
7913,0,0,0
11228,0,0,0
12049,0,0,0
85838,0,0,0
8661,0,0,0
120852,0,0,0
401551,0,0,0
204667,0,0,0
31433,0,0,0
302849,0,0,0
371118,0,0,0
193885,0,0,0
222658,0,0,0
136381,0,0,0
239641,0,0,0
250567,0,0,0
267949,0,0,0
21435,0,0,0
114827,0,0,0
239526,0,0,0
76057,0,0,0
34409,0,0,0
198099,0,0,0
131144,0,0,0
339172,0,0,0
86373,0,0,0
329398,0,0,0
378427,0,0,0
123911,0,0,0
326562,0,0,0
246547,0,0,0
68611,0,0,0
139982,0,0,0
390722,0,0,0
177673,0,0,0
260322,0,0,0
108450,0,0,0
270687,0,0,0
389907,0,0,0
229713,0,0,0
112006,0,0,0
71452,0,0,0
162989,0,0,0
70571,0,0,0
392673,0,0,0
56199,0,0,0
161913,0,0,0
329880,0,0,0
384908,0,0,0
254544,0,0,0
132423,0,0,0
375027,0,0,0
258428,0,0,0
313455,0,0,0
68484,0,0,0
334648,0,0,0
276874,0,0,0
215596,0,0,0
399290,0,0,0
90610,0,0,0
28383,0,0,0
340604,0,0,0
300057,0,0,0
256568,0,0,0
74911,0,0,0
232574,0,0,0
370478,0,0,0
57966,0,0,0
346754,0,0,0
380568,0,0,0
294315,0,0,0
213786,0,0,0
180943,0,0,0
128944,0,0,0
352801,0,0,0
200587,0,0,0
249866,0,0,0
200208,0,0,0
1613,0,0,0
25560,0,0,0
284400,0,0,0
346033,0,0,0
342126,0,0,0
153003,0,0,0
236065,0,0,0
112993,0,0,0
23053,0,0,0
171320,0,0,0
176097,0,0,0
377434,0,0,0
344110,0,0,0
102712,0,0,0
353226,0,0,0
395723,0,0,0
276253,0,0,0
264182,0,0,0
206135,0,0,0
197566,0,0,0
261892,0,0,0
153898,0,0,0
366301,0,0,0
139152,0,0,0
344080,0,0,0
400492,0,0,0
92789,0,0,0
52325,0,0,0
211094,0,0,0
87755,0,0,0
82684,0,0,0
233481,0,0,0
276472,0,0,0
406478,0,0,0
387362,0,0,0
278951,0,0,0
251622,0,0,0
138193,0,0,0
261689,0,0,0
225642,0,0,0
405806,0,0,0
77869,0,0,0
144547,0,0,0
226435,0,0,0
410851,0,0,0
205833,0,0,0
81716,0,0,0
358403,0,0,0
130691,0,0,0
42936,0,0,0
404502,0,0,0
308905,0,0,0
227393,0,0,0
352096,0,0,0
364761,0,0,0
145602,0,0,0
401578,0,0,0
60753,0,0,0
97162,0,0,0
87575,0,0,0
216763,0,0,0
120943,0,0,0
49769,0,0,0
314901,0,0,0
388720,0,0,0
297692,0,0,0
299235,0,0,0
633,0,0,0
384722,0,0,0
179265,0,0,0
311435,0,0,0
182634,0,0,0
344077,0,0,0
342295,0,0,0
367462,0,0,0
289650,0,0,0
122990,0,0,0
201193,0,0,0
294716,0,0,0
107165,0,0,0
127277,0,0,0
60444,0,0,0
285293,0,0,0
316202,0,0,0
98689,0,0,0
285561,0,0,0
201959,0,0,0
137731,0,0,0
182061,0,0,0
218671,0,0,0
318033,0,0,0
116800,0,0,0
81530,0,0,0
404921,0,0,0
17659,0,0,0
398058,0,0,0
185996,0,0,0
259149,0,0,0
299921,0,0,0
68598,0,0,0
300395,0,0,0
178091,0,0,0
136966,0,0,0
302213,0,0,0
358857,0,0,0
180577,0,0,0
169815,0,0,0
77418,0,0,0
408594,0,0,0
82468,0,0,0
60706,0,0,0
264159,0,0,0
249615,0,0,0
26214,0,0,0
67109,0,0,0
98136,0,0,0
84718,0,0,0
66131,0,0,0
253094,0,0,0
36492,0,0,0
89683,0,0,0
62553,0,0,0
261320,0,0,0
96906,0,0,0
155782,0,0,0
70809,0,0,0
288749,0,0,0
159253,0,0,0
270016,0,0,0
3602,0,0,0
149530,0,0,0
243680,0,0,0
271330,0,0,0
350068,0,0,0
183322,0,0,0
141028,0,0,0
90936,0,0,0
3642,0,0,0
15056,0,0,0
319693,0,0,0
72865,0,0,0
92371,0,0,0
291934,0,0,0
228627,0,0,0
41718,0,0,0
335870,0,0,0
206518,0,0,0
102621,0,0,0
402209,0,0,0
399477,0,0,0
80575,0,0,0
396022,0,0,0
275951,0,0,0
166364,0,0,0
346808,0,0,0
302567,0,0,0
335847,0,0,0
367448,0,0,0
15234,0,0,0
123389,0,0,0
89588,0,0,0
7100,0,0,0
117417,0,0,0
396239,0,0,0
184825,0,0,0
388543,0,0,0
379035,0,0,0
232427,0,0,0
404355,0,0,0
411302,0,0,0
344898,0,0,0
231099,0,0,0
397302,0,0,0
133780,0,0,0
350236,0,0,0
169247,0,0,0
109281,0,0,0
16288,0,0,0
251135,0,0,0
342152,0,0,0
172307,0,0,0
188311,0,0,0
189998,0,0,0
303088,0,0,0
94416,0,0,0
210398,0,0,0
340347,0,0,0
252923,0,0,0
76368,0,0,0
211282,0,0,0
287276,0,0,0
129138,0,0,0
296141,0,0,0
375554,0,0,0
315879,0,0,0
38065,0,0,0
338980,0,0,0
370457,0,0,0
88624,0,0,0
14184,0,0,0
353724,0,0,0
329367,0,0,0
47177,0,0,0
53438,0,0,0
59325,0,0,0
409207,0,0,0
366665,0,0,0
382446,0,0,0
377181,0,0,0
238844,0,0,0
335665,0,0,0
350552,0,0,0
169113,0,0,0
352064,0,0,0
60938,0,0,0
27921,0,0,0
205955,0,0,0
161588,0,0,0
300681,0,0,0
166592,0,0,0
385381,0,0,0
104460,0,0,0
133444,0,0,0
241278,0,0,0
377662,0,0,0
103885,0,0,0
303855,0,0,0
200784,0,0,0
136705,0,0,0
406147,0,0,0
238349,0,0,0
372310,0,0,0
141656,0,0,0
356311,0,0,0
15634,0,0,0
353437,0,0,0
92406,0,0,0
6355,0,0,0
332261,0,0,0
122006,0,0,0
398056,0,0,0
6208,0,0,0
393560,0,0,0
337502,0,0,0
351483,0,0,0
272576,0,0,0
6858,0,0,0
175007,0,0,0
118512,0,0,0
389206,0,0,0
353583,0,0,0
183665,0,0,0
200438,0,0,0
124177,0,0,0
89256,0,0,0
360862,0,0,0
390579,0,0,0
106704,0,0,0
41513,0,0,0
376762,0,0,0
169999,0,0,0
81529,0,0,0
230637,0,0,0
335593,0,0,0
71495,0,0,0
67461,0,0,0
107660,0,0,0
254032,0,0,0
30623,0,0,0
39138,0,0,0
313815,0,0,0
279742,0,0,0
306257,0,0,0
81057,0,0,0
122403,0,0,0
110429,0,0,0
20113,0,0,0
176477,0,0,0
258332,0,0,0
291179,0,0,0
38259,0,0,0
104330,0,0,0
378537,0,0,0
278449,0,0,0
6963,0,0,0
94268,0,0,0
40599,0,0,0
144348,0,0,0
297580,0,0,0
38339,0,0,0
146859,0,0,0
255321,0,0,0
229118,0,0,0
88441,0,0,0
390545,0,0,0
283894,0,0,0
258055,0,0,0
135241,0,0,0
240130,0,0,0
302063,0,0,0
18478,0,0,0
395873,0,0,0
164702,0,0,0
202292,0,0,0
311388,0,0,0
7593,0,0,0
257242,0,0,0
291209,0,0,0
206832,0,0,0
35023,0,0,0
392187,0,0,0
140999,0,0,0
239056,0,0,0
136873,0,0,0
27436,0,0,0
229325,0,0,0
32415,0,0,0
88346,0,0,0
41498,0,0,0
406789,0,0,0
320797,0,0,0
80263,0,0,0
21158,0,0,0
385104,0,0,0
282911,0,0,0
181961,0,0,0
265248,0,0,0
43032,0,0,0
127097,0,0,0
45099,0,0,0
278679,0,0,0
338463,0,0,0
155235,0,0,0
189694,0,0,0
44412,0,0,0
317247,0,0,0
360625,0,0,0
141931,0,0,0
238071,0,0,0
117357,0,0,0
185791,0,0,0
397120,0,0,0
278593,0,0,0
166176,0,0,0
31184,0,0,0
144545,0,0,0
233016,0,0,0
225254,0,0,0
402984,0,0,0
90218,0,0,0
9380,0,0,0
106022,0,0,0
200888,0,0,0
213810,0,0,0
408540,0,0,0
101742,0,0,0
312178,0,0,0
178366,0,0,0
337885,0,0,0
209539,0,0,0
113553,0,0,0
63894,0,0,0
360213,0,0,0
398478,0,0,0
276303,0,0,0
212731,0,0,0
132102,0,0,0
21172,0,0,0
144829,0,0,0
261086,0,0,0
68520,0,0,0
37291,0,0,0
235528,0,0,0
57183,0,0,0
247407,0,0,0
76219,0,0,0
62557,0,0,0
7774,0,0,0
224165,0,0,0
335045,0,0,0
78058,0,0,0
194299,0,0,0
375131,0,0,0
188800,0,0,0
75881,0,0,0
268566,0,0,0
69359,0,0,0
27129,0,0,0
326600,0,0,0
193416,0,0,0
19272,0,0,0
86448,0,0,0
142485,0,0,0
241778,0,0,0
129369,0,0,0
48112,0,0,0
80122,0,0,0
210097,0,0,0
351767,0,0,0
2293,0,0,0
97412,0,0,0
110965,0,0,0
196259,0,0,0
118083,0,0,0
157895,0,0,0
6692,0,0,0
202210,0,0,0
246160,0,0,0
211392,0,0,0
317569,0,0,0
148119,0,0,0
189788,0,0,0
262887,0,0,0
58748,0,0,0
240075,0,0,0
175247,0,0,0
99010,0,0,0
13180,0,0,0
294750,0,0,0
51511,0,0,0
242117,0,0,0
149936,0,0,0
163178,0,0,0
120445,0,0,0
55087,0,0,0
122358,0,0,0
335513,0,0,0
143958,0,0,0
264299,0,0,0
107638,0,0,0
352455,0,0,0
288025,0,0,0
353128,0,0,0
18972,0,0,0
238575,0,0,0
6173,0,0,0
30637,0,0,0
243043,0,0,0
228098,0,0,0
11283,0,0,0
148511,0,0,0
165283,0,0,0
98641,0,0,0
47606,0,0,0
308589,0,0,0
192924,0,0,0
75052,0,0,0
344107,0,0,0
15782,0,0,0
130227,0,0,0
276440,0,0,0
384502,0,0,0
337018,0,0,0
284409,0,0,0
131833,0,0,0
32088,0,0,0
252067,0,0,0
293901,0,0,0
229146,0,0,0
351401,0,0,0
208117,0,0,0
239828,0,0,0
23451,0,0,0
356889,0,0,0
273855,0,0,0
265801,0,0,0
342330,0,0,0
261754,0,0,0
395604,0,0,0
298003,0,0,0
368398,0,0,0
12785,0,0,0
362940,0,0,0
289744,0,0,0
236629,0,0,0
181450,0,0,0
134433,0,0,0
294011,0,0,0
175694,0,0,0
405150,0,0,0
206116,0,0,0
26892,0,0,0
359727,0,0,0
166595,0,0,0
317505,0,0,0
188759,0,0,0
362420,0,0,0
86696,0,0,0
167683,0,0,0
158819,0,0,0
178858,0,0,0
284342,0,0,0
281426,0,0,0
370900,0,0,0
89226,0,0,0
356781,0,0,0
303353,0,0,0
259339,0,0,0
125088,0,0,0
317071,0,0,0
216723,0,0,0
253411,0,0,0
297332,0,0,0
355708,0,0,0
377551,0,0,0
72243,0,0,0
381608,0,0,0
270843,0,0,0
389226,0,0,0
394249,0,0,0
236872,0,0,0
229122,0,0,0
247574,0,0,0
192505,0,0,0
70883,0,0,0
281785,0,0,0
71266,0,0,0
194560,0,0,0
140298,0,0,0
147845,0,0,0
368923,0,0,0
327845,0,0,0
48831,0,0,0
68057,0,0,0
383653,0,0,0
118289,0,0,0
146539,0,0,0
394830,0,0,0
387945,0,0,0
23276,0,0,0
57255,0,0,0
293640,0,0,0
87864,0,0,0
225740,0,0,0
135272,0,0,0
236693,0,0,0
398234,0,0,0
183357,0,0,0
284769,0,0,0
143626,0,0,0
3805,0,0,0
125228,0,0,0
239185,0,0,0
171386,0,0,0
129149,0,0,0
411394,0,0,0
262766,0,0,0
349573,0,0,0
361311,0,0,0
382977,0,0,0
103993,0,0,0
152372,0,0,0
266997,0,0,0
251387,0,0,0
172945,0,0,0
211012,0,0,0
159803,0,0,0
317059,0,0,0
44023,0,0,0
152764,0,0,0
169477,0,0,0
296030,0,0,0
25583,0,0,0
172878,0,0,0
311985,0,0,0
125829,0,0,0
101239,0,0,0
383522,0,0,0
344816,0,0,0
15804,0,0,0
96196,0,0,0
400938,0,0,0
247191,0,0,0
274271,0,0,0
190399,0,0,0
396985,0,0,0
185895,0,0,0
5872,0,0,0
277346,0,0,0
284957,0,0,0
403322,0,0,0
81674,0,0,0
9608,0,0,0
239311,0,0,0
110962,0,0,0
81382,0,0,0
3138,0,0,0
60855,0,0,0
119287,0,0,0
14286,0,0,0
403661,0,0,0
289605,0,0,0
101874,0,0,0
25528,0,0,0
39168,0,0,0
296553,0,0,0
325305,0,0,0
33740,0,0,0
113081,0,0,0
174551,0,0,0
285527,0,0,0
351322,0,0,0
113532,0,0,0
225464,0,0,0
37644,0,0,0
371682,0,0,0
307374,0,0,0
65939,0,0,0
51441,0,0,0
404422,0,0,0
152466,0,0,0
75016,0,0,0
168006,0,0,0
102218,0,0,0
257648,0,0,0
283893,0,0,0
370449,0,0,0
302330,0,0,0
129632,0,0,0
68944,0,0,0
307231,0,0,0
302283,0,0,0
105870,0,0,0
10899,0,0,0
62426,0,0,0
139384,0,0,0
404586,0,0,0
40438,0,0,0
324315,0,0,0
333397,0,0,0
255255,0,0,0
58574,0,0,0
187727,0,0,0
130150,0,0,0
48938,0,0,0
223118,0,0,0
168562,0,0,0
366258,0,0,0
232918,0,0,0
135083,0,0,0
343681,0,0,0
178211,0,0,0
286342,0,0,0
287205,0,0,0
606,0,0,0
32437,0,0,0
70164,0,0,0
117556,0,0,0
13957,0,0,0
155557,0,0,0
374486,0,0,0
279872,0,0,0
48345,0,0,0
87396,0,0,0
341324,0,0,0
228275,0,0,0
281239,0,0,0
243474,0,0,0
239235,0,0,0
67032,0,0,0
313012,0,0,0
66157,0,0,0
373669,0,0,0
97450,0,0,0
147545,0,0,0
252655,0,0,0
150242,0,0,0
82023,0,0,0
391232,0,0,0
205568,0,0,0
106885,0,0,0
94202,0,0,0
45039,0,0,0
388812,0,0,0
144748,0,0,0
398042,0,0,0
78933,0,0,0
321515,0,0,0
407377,0,0,0
184739,0,0,0
48496,0,0,0
305431,0,0,0
295282,0,0,0
8778,0,0,0
207929,0,0,0
152340,0,0,0
351812,0,0,0
195286,0,0,0
350732,0,0,0
355674,0,0,0
115385,0,0,0
379155,0,0,0
185421,0,0,0
74075,0,0,0
299840,0,0,0
297438,0,0,0
237208,0,0,0
34667,0,0,0
284340,0,0,0
321464,0,0,0
70942,0,0,0
368774,0,0,0
5097,0,0,0
250545,0,0,0
79929,0,0,0
244900,0,0,0
348788,0,0,0
376425,0,0,0
19304,0,0,0
319662,0,0,0
342578,0,0,0
247502,0,0,0
389572,0,0,0
149513,0,0,0
194759,0,0,0
152898,0,0,0
227429,0,0,0
139435,0,0,0
92588,0,0,0
274799,0,0,0
10582,0,0,0
20236,0,0,0
215586,0,0,0
405327,0,0,0
369832,0,0,0
381047,0,0,0
342043,0,0,0
48245,0,0,0
249703,0,0,0
218437,0,0,0
66362,0,0,0
192523,0,0,0
97292,0,0,0
54575,0,0,0
38764,0,0,0
226315,0,0,0
97274,0,0,0
296004,0,0,0
315802,0,0,0
26209,0,0,0
75482,0,0,0
257845,0,0,0
241555,0,0,0
23716,0,0,0
405486,0,0,0
124212,0,0,0
371669,0,0,0
188340,0,0,0
41444,0,0,0
231941,0,0,0
196857,0,0,0
200957,0,0,0
409439,0,0,0
145676,0,0,0
127975,0,0,0
321700,0,0,0
105266,0,0,0
67709,0,0,0
338306,0,0,0
153993,0,0,0
23623,0,0,0
111374,0,0,0
367673,0,0,0
191996,0,0,0
35072,0,0,0
321919,0,0,0
119413,0,0,0
204799,0,0,0
350381,0,0,0
24671,0,0,0
85362,0,0,0
349640,0,0,0
321170,0,0,0
331739,0,0,0
179328,0,0,0
379282,0,0,0
56965,0,0,0
14530,0,0,0
184136,0,0,0
80597,0,0,0
297538,0,0,0
113636,0,0,0
261831,0,0,0
184954,0,0,0
360354,0,0,0
399418,0,0,0
288489,0,0,0
343987,0,0,0
171112,0,0,0
163088,0,0,0
20099,0,0,0
96179,0,0,0
169256,0,0,0
204328,0,0,0
321397,0,0,0
36405,0,0,0
91072,0,0,0
395389,0,0,0
130321,0,0,0
229048,0,0,0
240581,0,0,0
260588,0,0,0
144146,0,0,0
406145,0,0,0
111066,0,0,0
112604,0,0,0
319026,0,0,0
296402,0,0,0
299649,0,0,0
137089,0,0,0
10957,0,0,0
8962,0,0,0
105407,0,0,0
31030,0,0,0
297575,0,0,0
164511,0,0,0
251143,0,0,0
26987,0,0,0
408403,0,0,0
403644,0,0,0
293438,0,0,0
248723,0,0,0
177295,0,0,0
232852,0,0,0
408552,0,0,0
181472,0,0,0
34063,0,0,0
108624,0,0,0
229477,0,0,0
90644,0,0,0
366454,0,0,0
183218,0,0,0
134454,0,0,0
393764,0,0,0
100009,0,0,0
5954,0,0,0
72246,0,0,0
101460,0,0,0
264934,0,0,0
116356,0,0,0
200234,0,0,0
59544,0,0,0
323674,0,0,0
259839,0,0,0
194557,0,0,0
349694,0,0,0
193661,0,0,0
190291,0,0,0
372270,0,0,0
214674,0,0,0
13449,0,0,0
231278,0,0,0
141383,0,0,0
253727,0,0,0
307744,0,0,0
179589,0,0,0
287756,0,0,0
354325,0,0,0
84263,0,0,0
404958,0,0,0
289855,0,0,0
364205,0,0,0
220528,0,0,0
203751,0,0,0
67339,0,0,0
27175,0,0,0
135359,0,0,0
206849,0,0,0
375189,0,0,0
208021,0,0,0
394052,0,0,0
5068,0,0,0
196792,0,0,0
162816,0,0,0
275146,0,0,0
352513,0,0,0
346386,0,0,0
171399,0,0,0
172438,0,0,0
380977,0,0,0
319841,0,0,0
11625,0,0,0
362562,0,0,0
332404,0,0,0
161523,0,0,0
273262,0,0,0
372982,0,0,0
143170,0,0,0
90951,0,0,0
363345,0,0,0
277755,0,0,0
59976,0,0,0
99927,0,0,0
370493,0,0,0
87419,0,0,0
244822,0,0,0
265654,0,0,0
50460,0,0,0
15333,0,0,0
20296,0,0,0
87460,0,0,0
39813,0,0,0
141457,0,0,0
24937,0,0,0
339141,0,0,0
85960,0,0,0
104150,0,0,0
74741,0,0,0
123615,0,0,0
189750,0,0,0
187692,0,0,0
150547,0,0,0
197248,0,0,0
64201,0,0,0
394543,0,0,0
305566,0,0,0
171504,0,0,0
23244,0,0,0
391991,0,0,0
240079,0,0,0
114419,0,0,0
398254,0,0,0
312697,0,0,0
214016,0,0,0
385535,0,0,0
11572,0,0,0
402164,0,0,0
145059,0,0,0
237635,0,0,0
289950,0,0,0
51842,0,0,0
271873,0,0,0
391852,0,0,0
40842,0,0,0
233861,0,0,0
176014,0,0,0
205038,0,0,0
121955,0,0,0
311501,0,0,0
409593,0,0,0
106059,0,0,0
378486,0,0,0
300406,0,0,0
63689,0,0,0
334867,0,0,0
262135,0,0,0
175946,0,0,0
72156,0,0,0
330998,0,0,0
374845,0,0,0
109153,0,0,0
297998,0,0,0
360488,0,0,0
384661,0,0,0
340369,0,0,0
173979,0,0,0
34982,0,0,0
5309,0,0,0
282948,0,0,0
135741,0,0,0
269123,0,0,0
177288,0,0,0
131007,0,0,0
122800,0,0,0
100822,0,0,0
124718,0,0,0
241502,0,0,0
85536,0,0,0
354031,0,0,0
332610,0,0,0
272777,0,0,0
174840,0,0,0
355478,0,0,0
129334,0,0,0
270096,0,0,0
10535,0,0,0
15959,0,0,0
178761,0,0,0
173284,0,0,0
10304,0,0,0
111433,0,0,0
339372,0,0,0
405607,0,0,0
192124,0,0,0
93382,0,0,0
235819,0,0,0
158284,0,0,0
249427,0,0,0
215974,0,0,0
74793,0,0,0
309475,0,0,0
59331,0,0,0
91830,0,0,0
374304,0,0,0
152354,0,0,0
257980,0,0,0
134997,0,0,0
241657,0,0,0
48372,0,0,0
158724,0,0,0
377878,0,0,0
305460,0,0,0
39502,0,0,0
126733,0,0,0
43156,0,0,0
372733,0,0,0
172339,0,0,0
22010,0,0,0
10574,0,0,0
152795,0,0,0
382881,0,0,0
397488,0,0,0
305331,0,0,0
291445,0,0,0
359514,0,0,0
203111,0,0,0
202923,0,0,0
241811,0,0,0
162914,0,0,0
258547,0,0,0
346735,0,0,0
370023,0,0,0
396210,0,0,0
151238,0,0,0
4586,0,0,0
36359,0,0,0
178705,0,0,0
42538,0,0,0
222561,0,0,0
92476,0,0,0
377542,0,0,0
149141,0,0,0
30339,0,0,0
75519,0,0,0
210442,0,0,0
392931,0,0,0
384478,0,0,0
62153,0,0,0
264617,0,0,0
176260,0,0,0
157242,0,0,0
395563,0,0,0
97575,0,0,0
287154,0,0,0
309068,0,0,0
30154,0,0,0
181833,0,0,0
161575,0,0,0
77619,0,0,0
322865,0,0,0
367937,0,0,0
199309,0,0,0
73103,0,0,0
327647,0,0,0
364537,0,0,0
57497,0,0,0
47517,0,0,0
409197,0,0,0
41157,0,0,0
68241,0,0,0
131899,0,0,0
308652,0,0,0
3442,0,0,0
299965,0,0,0
292483,0,0,0
254477,0,0,0
138250,0,0,0
308693,0,0,0
362802,0,0,0
29040,0,0,0
279875,0,0,0
174437,0,0,0
232675,0,0,0
199265,0,0,0
65013,0,0,0
375381,0,0,0
5311,0,0,0
348605,0,0,0
322337,0,0,0
90254,0,0,0
281247,0,0,0
309689,0,0,0
384179,0,0,0
356636,0,0,0
353000,0,0,0
66693,0,0,0
343808,0,0,0
385514,0,0,0
67103,0,0,0
31515,0,0,0
173911,0,0,0
321207,0,0,0
169624,0,0,0
268317,0,0,0
65281,0,0,0
305594,0,0,0
89052,0,0,0
246545,0,0,0
291609,0,0,0
1554,0,0,0
103328,0,0,0
232425,0,0,0
261923,0,0,0
255183,0,0,0
51893,0,0,0
84623,0,0,0
363462,0,0,0
48184,0,0,0
126585,0,0,0
366007,0,0,0
268600,0,0,0
236235,0,0,0
220253,0,0,0
406837,0,0,0
408092,0,0,0
328321,0,0,0
336244,0,0,0
272467,0,0,0
87186,0,0,0
124377,0,0,0
257378,0,0,0
105104,0,0,0
350221,0,0,0
276607,0,0,0
118382,0,0,0
124816,0,0,0
349780,0,0,0
340592,0,0,0
50470,0,0,0
44795,0,0,0
20241,0,0,0
112118,0,0,0
244091,0,0,0
166167,0,0,0
77914,0,0,0
304833,0,0,0
306222,0,0,0
30556,0,0,0
261591,0,0,0
397894,0,0,0
123384,0,0,0
384199,0,0,0
295692,0,0,0
141830,0,0,0
215626,0,0,0
72006,0,0,0
312266,0,0,0
260546,0,0,0
87534,0,0,0
30459,0,0,0
316287,0,0,0
300149,0,0,0
175492,0,0,0
323702,0,0,0
167808,0,0,0
132520,0,0,0
308810,0,0,0
383948,0,0,0
182929,0,0,0
240374,0,0,0
346239,0,0,0
162534,0,0,0
384229,0,0,0
264421,0,0,0
381067,0,0,0
125400,0,0,0
208080,0,0,0
320965,0,0,0
108470,0,0,0
175358,0,0,0
91707,0,0,0
404592,0,0,0
9308,0,0,0
378275,0,0,0
404869,0,0,0
108932,0,0,0
90131,0,0,0
228301,0,0,0
91455,0,0,0
244820,0,0,0
373020,0,0,0
102136,0,0,0
75400,0,0,0
311016,0,0,0
259335,0,0,0
42338,0,0,0
334405,0,0,0
230250,0,0,0
121796,0,0,0
250500,0,0,0
174630,0,0,0
317486,0,0,0
161201,0,0,0
254935,0,0,0
377390,0,0,0
30310,0,0,0
369034,0,0,0
21403,0,0,0
321983,0,0,0
166079,0,0,0
10367,0,0,0
294356,0,0,0
245876,0,0,0
250602,0,0,0
173907,0,0,0
355548,0,0,0
85376,0,0,0
274932,0,0,0
71591,0,0,0
347859,0,0,0
134896,0,0,0
335951,0,0,0
20419,0,0,0
321365,0,0,0
218138,0,0,0
340691,0,0,0
321039,0,0,0
45100,0,0,0
209267,0,0,0
385412,0,0,0
272759,0,0,0
253159,0,0,0
281663,0,0,0
6546,0,0,0
59209,0,0,0
247370,0,0,0
231517,0,0,0
269984,0,0,0
13319,0,0,0
5276,0,0,0
254146,0,0,0
222144,0,0,0
96877,0,0,0
59833,0,0,0
398166,0,0,0
36056,0,0,0
341022,0,0,0
322094,0,0,0
279275,0,0,0
93805,0,0,0
17142,0,0,0
77438,0,0,0
246950,0,0,0
144244,0,0,0
314423,0,0,0
222919,0,0,0
340209,0,0,0
267934,0,0,0
403932,0,0,0
365623,0,0,0
15087,0,0,0
402264,0,0,0
168004,0,0,0
27017,0,0,0
51714,0,0,0
16554,0,0,0
319417,0,0,0
265746,0,0,0
201866,0,0,0
386716,0,0,0
394342,0,0,0
371658,0,0,0
325012,0,0,0
172208,0,0,0
120313,0,0,0
23214,0,0,0
10300,0,0,0
209485,0,0,0
237322,0,0,0
176521,0,0,0
367894,0,0,0
377753,0,0,0
406241,0,0,0
409568,0,0,0
173957,0,0,0
216119,0,0,0
259147,0,0,0
361191,0,0,0
29062,0,0,0
49915,0,0,0
284464,0,0,0
199607,0,0,0
41708,0,0,0
44276,0,0,0
232381,0,0,0
267308,0,0,0
132813,0,0,0
41516,0,0,0
163654,0,0,0
264548,0,0,0
288821,0,0,0
124484,0,0,0
172598,0,0,0
389993,0,0,0
349003,0,0,0
352778,0,0,0
164441,0,0,0
397360,0,0,0
6847,0,0,0
67423,0,0,0
231806,0,0,0
175981,0,0,0
250587,0,0,0
33544,0,0,0
337468,0,0,0
86106,0,0,0
107867,0,0,0
373518,0,0,0
352104,0,0,0
57634,0,0,0
73589,0,0,0
212813,0,0,0
377077,0,0,0
327044,0,0,0
241167,0,0,0
362345,0,0,0
394094,0,0,0
287651,0,0,0
397544,0,0,0
126459,0,0,0
11174,0,0,0
106592,0,0,0
101675,0,0,0
210486,0,0,0
23145,0,0,0
182605,0,0,0
148622,0,0,0
60889,0,0,0
60150,0,0,0
399462,0,0,0
145016,0,0,0
244023,0,0,0
160607,0,0,0
134103,0,0,0
315744,0,0,0
110637,0,0,0
257899,0,0,0
18937,0,0,0
298476,0,0,0
71058,0,0,0
307082,0,0,0
88728,0,0,0
398440,0,0,0
263637,0,0,0
75815,0,0,0
374547,0,0,0
121997,0,0,0
23909,0,0,0
190264,0,0,0
296658,0,0,0
251394,0,0,0
329727,0,0,0
161313,0,0,0
107330,0,0,0
93395,0,0,0
122765,0,0,0
31363,0,0,0
102848,0,0,0
27054,0,0,0
134036,0,0,0
142325,0,0,0
242668,0,0,0
154587,0,0,0
217629,0,0,0
113053,0,0,0
128684,0,0,0
50897,0,0,0
289957,0,0,0
59777,0,0,0
38578,0,0,0
399484,0,0,0
122454,0,0,0
141317,0,0,0
332548,0,0,0
272967,0,0,0
237074,0,0,0
147054,0,0,0
224462,0,0,0
249915,0,0,0
76952,0,0,0
127447,0,0,0
73,0,0,0
233572,0,0,0
180041,0,0,0
200243,0,0,0
40661,0,0,0
211665,0,0,0
250482,0,0,0
400236,0,0,0
253246,0,0,0
236526,0,0,0
133202,0,0,0
249660,0,0,0
256827,0,0,0
136760,0,0,0
156894,0,0,0
124577,0,0,0
31590,0,0,0
59962,0,0,0
348320,0,0,0
36106,0,0,0
267009,0,0,0
400122,0,0,0
376685,0,0,0
159091,0,0,0
386009,0,0,0
176105,0,0,0
210257,0,0,0
91343,0,0,0
62759,0,0,0
301083,0,0,0
204707,0,0,0
291808,0,0,0
363817,0,0,0
26929,0,0,0
139975,0,0,0
124738,0,0,0
385862,0,0,0
124275,0,0,0
267971,0,0,0
264710,0,0,0
110557,0,0,0
341763,0,0,0
16938,0,0,0
292017,0,0,0
78166,0,0,0
410546,0,0,0
881,0,0,0
137453,0,0,0
248547,0,0,0
44417,0,0,0
298788,0,0,0
400018,0,0,0
378019,0,0,0
337313,0,0,0
204947,0,0,0
343424,0,0,0
149720,0,0,0
160831,0,0,0
74055,0,0,0
194335,0,0,0
131436,0,0,0
66149,0,0,0
180561,0,0,0
95502,0,0,0
196164,0,0,0
379281,0,0,0
119431,0,0,0
98811,0,0,0
118620,0,0,0
356440,0,0,0
351692,0,0,0
94665,0,0,0
367081,0,0,0
167161,0,0,0
160654,0,0,0
183817,0,0,0
330484,0,0,0
155405,0,0,0
290017,0,0,0
122954,0,0,0
264832,0,0,0
394845,0,0,0
188697,0,0,0
215870,0,0,0
402379,0,0,0
380623,0,0,0
33166,0,0,0
178182,0,0,0
291231,0,0,0
250977,0,0,0
62609,0,0,0
68320,0,0,0
212358,0,0,0
176740,0,0,0
354488,0,0,0
349856,0,0,0
236781,0,0,0
280565,0,0,0
193894,0,0,0
34071,0,0,0
352025,0,0,0
180535,0,0,0
237953,0,0,0
133084,0,0,0
67678,0,0,0
112787,0,0,0
272111,0,0,0
407649,0,0,0
36198,0,0,0
216526,0,0,0
132333,0,0,0
247077,0,0,0
351394,0,0,0
383985,0,0,0
252728,0,0,0
139926,0,0,0
302968,0,0,0
194137,0,0,0
92732,0,0,0
296940,0,0,0
338281,0,0,0
335855,0,0,0
166369,0,0,0
89094,0,0,0
383166,0,0,0
87959,0,0,0
365841,0,0,0
401642,0,0,0
50575,0,0,0
136609,0,0,0
49974,0,0,0
260165,0,0,0
399177,0,0,0
269556,0,0,0
11300,0,0,0
143135,0,0,0
330952,0,0,0
275116,0,0,0
179575,0,0,0
77252,0,0,0
131015,0,0,0
347848,0,0,0
276269,0,0,0
170294,0,0,0
84232,0,0,0
272093,0,0,0
40073,0,0,0
44738,0,0,0
25623,0,0,0
109523,0,0,0
352341,0,0,0
388560,0,0,0
359829,0,0,0
53481,0,0,0
248532,0,0,0
215152,0,0,0
330211,0,0,0
245102,0,0,0
17014,0,0,0
67107,0,0,0
297497,0,0,0
303125,0,0,0
104889,0,0,0
347532,0,0,0
173706,0,0,0
310389,0,0,0
268890,0,0,0
321707,0,0,0
79191,0,0,0
40605,0,0,0
139286,0,0,0
228070,0,0,0
192126,0,0,0
162832,0,0,0
126320,0,0,0
158240,0,0,0
179848,0,0,0
148442,0,0,0
109103,0,0,0
142129,0,0,0
6099,0,0,0
267955,0,0,0
406389,0,0,0
111641,0,0,0
155237,0,0,0
27094,0,0,0
346164,0,0,0
194354,0,0,0
345013,0,0,0
385154,0,0,0
383624,0,0,0
356861,0,0,0
119054,0,0,0
108942,0,0,0
385193,0,0,0
287032,0,0,0
101449,0,0,0
18410,0,0,0
83383,0,0,0
134769,0,0,0
371228,0,0,0
282759,0,0,0
325495,0,0,0
27210,0,0,0
310908,0,0,0
392571,0,0,0
366843,0,0,0
124114,0,0,0
46045,0,0,0
283952,0,0,0
251684,0,0,0
219020,0,0,0
408611,0,0,0
33668,0,0,0
170667,0,0,0
398072,0,0,0
279559,0,0,0
117688,0,0,0
256764,0,0,0
172632,0,0,0
336314,0,0,0
138204,0,0,0
236611,0,0,0
237158,0,0,0
162868,0,0,0
90486,0,0,0
329316,0,0,0
335430,0,0,0
4776,0,0,0
307846,0,0,0
299742,0,0,0
86999,0,0,0
214998,0,0,0
333937,0,0,0
94617,0,0,0
313802,0,0,0
305917,0,0,0
105267,0,0,0
397594,0,0,0
88670,0,0,0
207920,0,0,0
399718,0,0,0
325631,0,0,0
9700,0,0,0
21095,0,0,0
171982,0,0,0
262881,0,0,0
202014,0,0,0
290323,0,0,0
12933,0,0,0
102036,0,0,0
251653,0,0,0
230702,0,0,0
186047,0,0,0
193965,0,0,0
95428,0,0,0
315353,0,0,0
83680,0,0,0
232459,0,0,0
324842,0,0,0
362761,0,0,0
262972,0,0,0
395358,0,0,0
70175,0,0,0
158040,0,0,0
39013,0,0,0
65769,0,0,0
332820,0,0,0
212771,0,0,0
92531,0,0,0
157937,0,0,0
176360,0,0,0
167807,0,0,0
316026,0,0,0
351911,0,0,0
121506,0,0,0
296419,0,0,0
229817,0,0,0
198539,0,0,0
196684,0,0,0
307711,0,0,0
394371,0,0,0
326995,0,0,0
219093,0,0,0
60702,0,0,0
367141,0,0,0
69854,0,0,0
232936,0,0,0
268975,0,0,0
23517,0,0,0
313214,0,0,0
251118,0,0,0
319602,0,0,0
410845,0,0,0
240082,0,0,0
345628,0,0,0
234259,0,0,0
229299,0,0,0
377272,0,0,0
122207,0,0,0
172190,0,0,0
329617,0,0,0
171862,0,0,0
186688,0,0,0
387049,0,0,0
322387,0,0,0
169386,0,0,0
186909,0,0,0
71061,0,0,0
28781,0,0,0
288062,0,0,0
47556,0,0,0
152667,0,0,0
391574,0,0,0
333727,0,0,0
170831,0,0,0
320472,0,0,0
392583,0,0,0
64888,0,0,0
216182,0,0,0
59503,0,0,0
159276,0,0,0
237399,0,0,0
320849,0,0,0
102928,0,0,0
321032,0,0,0
230391,0,0,0
347776,0,0,0
290216,0,0,0
368468,0,0,0
130384,0,0,0
279090,0,0,0
288423,0,0,0
343451,0,0,0
185093,0,0,0
164556,0,0,0
178980,0,0,0
43311,0,0,0
314004,0,0,0
338421,0,0,0
370102,0,0,0
393251,0,0,0
107189,0,0,0
369920,0,0,0
157016,0,0,0
85648,0,0,0
267922,0,0,0
186723,0,0,0
109528,0,0,0
320755,0,0,0
108954,0,0,0
27920,0,0,0
4988,0,0,0
214849,0,0,0
145275,0,0,0
404597,0,0,0
110263,0,0,0
164464,0,0,0
152371,0,0,0
410191,0,0,0
16773,0,0,0
97293,0,0,0
166328,0,0,0
396170,0,0,0
62832,0,0,0
257770,0,0,0
98268,0,0,0
391898,0,0,0
320888,0,0,0
191781,0,0,0
39566,0,0,0
271448,0,0,0
101618,0,0,0
91463,0,0,0
71013,0,0,0
9498,0,0,0
267564,0,0,0
91199,0,0,0
182002,0,0,0
386861,0,0,0
47139,0,0,0
286059,0,0,0
343489,0,0,0
249162,0,0,0
187976,0,0,0
284655,0,0,0
92836,0,0,0
53511,0,0,0
116611,0,0,0
354259,0,0,0
213267,0,0,0
350302,0,0,0
91270,0,0,0
298726,0,0,0
303020,0,0,0
78375,0,0,0
4350,0,0,0
383881,0,0,0
293560,0,0,0
50374,0,0,0
47873,0,0,0
335776,0,0,0
192050,0,0,0
212992,0,0,0
16003,0,0,0
274343,0,0,0
201806,0,0,0
401082,0,0,0
32447,0,0,0
249309,0,0,0
102589,0,0,0
292444,0,0,0
191729,0,0,0
293906,0,0,0
337019,0,0,0
122441,0,0,0
53798,0,0,0
359978,0,0,0
283170,0,0,0
223417,0,0,0
384591,0,0,0
163474,0,0,0
256634,0,0,0
388259,0,0,0
338992,0,0,0
65578,0,0,0
326126,0,0,0
279052,0,0,0
207229,0,0,0
342518,0,0,0
396109,0,0,0
345844,0,0,0
296178,0,0,0
228330,0,0,0
200300,0,0,0
67984,0,0,0
122815,0,0,0
72210,0,0,0
378756,0,0,0
294850,0,0,0
86280,0,0,0
102963,0,0,0
322248,0,0,0
193025,0,0,0
230923,0,0,0
254708,0,0,0
260251,0,0,0
292524,0,0,0
46295,0,0,0
82539,0,0,0
336829,0,0,0
337093,0,0,0
294998,0,0,0
110672,0,0,0
119988,0,0,0
45113,0,0,0
172204,0,0,0
116321,0,0,0
278073,0,0,0
181824,0,0,0
271794,0,0,0
402927,0,0,0
271846,0,0,0
141056,0,0,0
202622,0,0,0
123340,0,0,0
258874,0,0,0
107333,0,0,0
323758,0,0,0
33200,0,0,0
278765,0,0,0
133590,0,0,0
213182,0,0,0
127287,0,0,0
359517,0,0,0
400676,0,0,0
105621,0,0,0
77995,0,0,0
394034,0,0,0
142783,0,0,0
170854,0,0,0
288180,0,0,0
301112,0,0,0
359738,0,0,0
95679,0,0,0
139658,0,0,0
175908,0,0,0
355574,0,0,0
151719,0,0,0
368014,0,0,0
77049,0,0,0
328163,0,0,0
116274,0,0,0
218710,0,0,0
101841,0,0,0
105108,0,0,0
406450,0,0,0
371367,0,0,0
26114,0,0,0
280308,0,0,0
320979,0,0,0
330084,0,0,0
208270,0,0,0
410505,0,0,0
259724,0,0,0
46365,0,0,0
108208,0,0,0
4327,0,0,0
233334,0,0,0
186034,0,0,0
81264,0,0,0
322535,0,0,0
300340,0,0,0
10762,0,0,0
291551,0,0,0
176381,0,0,0
279693,0,0,0
5381,0,0,0
159567,0,0,0
250849,0,0,0
228953,0,0,0
128887,0,0,0
173447,0,0,0
76260,0,0,0
133327,0,0,0
52774,0,0,0
386034,0,0,0
161887,0,0,0
186719,0,0,0
393962,0,0,0
388106,0,0,0
201463,0,0,0
145161,0,0,0
205656,0,0,0
344792,0,0,0
17908,0,0,0
296992,0,0,0
259461,0,0,0
304299,0,0,0
142210,0,0,0
227304,0,0,0
257366,0,0,0
299432,0,0,0
405318,0,0,0
336514,0,0,0
156830,0,0,0
54025,0,0,0
201033,0,0,0
42917,0,0,0
594,0,0,0
140886,0,0,0
157649,0,0,0
326264,0,0,0
7136,0,0,0
282452,0,0,0
37729,0,0,0
116258,0,0,0
263994,0,0,0
395178,0,0,0
72643,0,0,0
166637,0,0,0
99746,0,0,0
253250,0,0,0
1216,0,0,0
267411,0,0,0
235174,0,0,0
236099,0,0,0
388662,0,0,0
53055,0,0,0
408981,0,0,0
15460,0,0,0
328493,0,0,0
57464,0,0,0
14490,0,0,0
283254,0,0,0
266922,0,0,0
377007,0,0,0
265886,0,0,0
327131,0,0,0
225536,0,0,0
175322,0,0,0
144737,0,0,0
178240,0,0,0
399969,0,0,0
6510,0,0,0
236401,0,0,0
207885,0,0,0
30785,0,0,0
275697,0,0,0
156678,0,0,0
202697,0,0,0
81184,0,0,0
112151,0,0,0
329682,0,0,0
82952,0,0,0
275517,0,0,0
129506,0,0,0
98601,0,0,0
90797,0,0,0
355357,0,0,0
211519,0,0,0
49972,0,0,0
333145,0,0,0
216314,0,0,0
249268,0,0,0
308531,0,0,0
393516,0,0,0
404049,0,0,0
31860,0,0,0
136940,0,0,0
395413,0,0,0
167934,0,0,0
268659,0,0,0
12451,0,0,0
156316,0,0,0
107759,0,0,0
338326,0,0,0
298220,0,0,0
351362,0,0,0
295685,0,0,0
29335,0,0,0
284527,0,0,0
188139,0,0,0
94511,0,0,0
23364,0,0,0
148910,0,0,0
81061,0,0,0
362919,0,0,0
315293,0,0,0
236807,0,0,0
143933,0,0,0
72377,0,0,0
181865,0,0,0
80084,0,0,0
52597,0,0,0
230202,0,0,0
317288,0,0,0
258245,0,0,0
277666,0,0,0
342203,0,0,0
288692,0,0,0
225678,0,0,0
90886,0,0,0
67545,0,0,0
152140,0,0,0
266230,0,0,0
275916,0,0,0
88646,0,0,0
4753,0,0,0
406413,0,0,0
280813,0,0,0
63993,0,0,0
2205,0,0,0
21274,0,0,0
400414,0,0,0
369454,0,0,0
66191,0,0,0
304223,0,0,0
92872,0,0,0
47854,0,0,0
27661,0,0,0
125676,0,0,0
98094,0,0,0
251917,0,0,0
38874,0,0,0
284711,0,0,0
334371,0,0,0
144467,0,0,0
265667,0,0,0
212721,0,0,0
32277,0,0,0
371608,0,0,0
379762,0,0,0
339996,0,0,0
133386,0,0,0
257445,0,0,0
38634,0,0,0
335730,0,0,0
254181,0,0,0
355979,0,0,0
77263,0,0,0
362284,0,0,0
273416,0,0,0
7407,0,0,0
256857,0,0,0
157499,0,0,0
54985,0,0,0
406250,0,0,0
60002,0,0,0
17931,0,0,0
286199,0,0,0
150810,0,0,0
156172,0,0,0
233451,0,0,0
3113,0,0,0
368732,0,0,0
81637,0,0,0
407412,0,0,0
309024,0,0,0
100125,0,0,0
263491,0,0,0
360040,0,0,0
331334,0,0,0
249621,0,0,0
11438,0,0,0
295152,0,0,0
294663,0,0,0
196098,0,0,0
351198,0,0,0
386846,0,0,0
278529,0,0,0
74498,0,0,0
58213,0,0,0
164678,0,0,0
408480,0,0,0
61184,0,0,0
50716,0,0,0
38260,0,0,0
102044,0,0,0
63624,0,0,0
151705,0,0,0
291994,0,0,0
349601,0,0,0
309629,0,0,0
99093,0,0,0
197625,0,0,0
79290,0,0,0
183099,0,0,0
408941,0,0,0
389762,0,0,0
101843,0,0,0
104359,0,0,0
40081,0,0,0
240128,0,0,0
51978,0,0,0
144046,0,0,0
276427,0,0,0
91697,0,0,0
220917,0,0,0
76126,0,0,0
323201,0,0,0
284077,0,0,0
322658,0,0,0
99694,0,0,0
341274,0,0,0
225433,0,0,0
25261,0,0,0
396253,0,0,0
353047,0,0,0
95210,0,0,0
366657,0,0,0
279128,0,0,0
25479,0,0,0
367986,0,0,0
232063,0,0,0
103094,0,0,0
26767,0,0,0
394174,0,0,0
128368,0,0,0
100816,0,0,0
86822,0,0,0
159440,0,0,0
314171,0,0,0
329311,0,0,0
102665,0,0,0
48081,0,0,0
155199,0,0,0
153588,0,0,0
76739,0,0,0
256390,0,0,0
248853,0,0,0
9197,0,0,0
54955,0,0,0
123236,0,0,0
135829,0,0,0
146865,0,0,0
39664,0,0,0
48479,0,0,0
261167,0,0,0
254611,0,0,0
121491,0,0,0
365488,0,0,0
73651,0,0,0
384740,0,0,0
333502,0,0,0
335827,0,0,0
382828,0,0,0
392031,0,0,0
114114,0,0,0
72747,0,0,0
126494,0,0,0
179839,0,0,0
362724,0,0,0
306306,0,0,0
87814,0,0,0
307861,0,0,0
50045,0,0,0
153684,0,0,0
233182,0,0,0
193132,0,0,0
43538,0,0,0
157028,0,0,0
176094,0,0,0
32227,0,0,0
264716,0,0,0
276033,0,0,0
282104,0,0,0
382936,0,0,0
181932,0,0,0
116673,0,0,0
241627,0,0,0
19294,0,0,0
57568,0,0,0
270632,0,0,0
81983,0,0,0
357545,0,0,0
98749,0,0,0
219411,0,0,0
306839,0,0,0
27501,0,0,0
241469,0,0,0
258679,0,0,0
302273,0,0,0
325580,0,0,0
127145,0,0,0
199470,0,0,0
354323,0,0,0
333646,0,0,0
334368,0,0,0
139895,0,0,0
363482,0,0,0
249912,0,0,0
284475,0,0,0
88005,0,0,0
394737,0,0,0
158577,0,0,0
31738,0,0,0
187596,0,0,0
359940,0,0,0
250007,0,0,0
165835,0,0,0
27733,0,0,0
157786,0,0,0
219769,0,0,0
35404,0,0,0
314073,0,0,0
385093,0,0,0
9098,0,0,0
92908,0,0,0
39447,0,0,0
405309,0,0,0
204341,0,0,0
119043,0,0,0
234284,0,0,0
286647,0,0,0
31169,0,0,0
133666,0,0,0
58642,0,0,0
42589,0,0,0
33444,0,0,0
157890,0,0,0
103724,0,0,0
350051,0,0,0
354746,0,0,0
234168,0,0,0
125625,0,0,0
316441,0,0,0
261818,0,0,0
148128,0,0,0
371016,0,0,0
162913,0,0,0
145631,0,0,0
319747,0,0,0
54109,0,0,0
372613,0,0,0
22809,0,0,0
14759,0,0,0
285464,0,0,0
23157,0,0,0
328909,0,0,0
330248,0,0,0
262159,0,0,0
102540,0,0,0
119356,0,0,0
194719,0,0,0
367952,0,0,0
255688,0,0,0
125687,0,0,0
214580,0,0,0
89980,0,0,0
377209,0,0,0
310352,0,0,0
302969,0,0,0
211929,0,0,0
9548,0,0,0
232753,0,0,0
203234,0,0,0
144535,0,0,0
300195,0,0,0
313351,0,0,0
342261,0,0,0
349919,0,0,0
191641,0,0,0
146494,0,0,0
189655,0,0,0
139452,0,0,0
280943,0,0,0
272709,0,0,0
382738,0,0,0
151514,0,0,0
192942,0,0,0
348379,0,0,0
107302,0,0,0
301985,0,0,0
253630,0,0,0
265071,0,0,0
106129,0,0,0
163354,0,0,0
90554,0,0,0
251586,0,0,0
410652,0,0,0
199992,0,0,0
374839,0,0,0
331280,0,0,0
196416,0,0,0
161280,0,0,0
353504,0,0,0
375262,0,0,0
335048,0,0,0
10812,0,0,0
398026,0,0,0
49936,0,0,0
134936,0,0,0
117289,0,0,0
83179,0,0,0
269794,0,0,0
367998,0,0,0
323356,0,0,0
14619,0,0,0
250215,0,0,0
92146,0,0,0
270784,0,0,0
385353,0,0,0
377430,0,0,0
37932,0,0,0
192668,0,0,0
202434,0,0,0
284880,0,0,0
400579,0,0,0
371691,0,0,0
63391,0,0,0
335252,0,0,0
305999,0,0,0
196357,0,0,0
152921,0,0,0
14203,0,0,0
280180,0,0,0
331722,0,0,0
340213,0,0,0
118585,0,0,0
266824,0,0,0
5297,0,0,0
189333,0,0,0
188357,0,0,0
4903,0,0,0
252653,0,0,0
90306,0,0,0
200248,0,0,0
226702,0,0,0
353663,0,0,0
299602,0,0,0
89050,0,0,0
394298,0,0,0
13700,0,0,0
22629,0,0,0
384219,0,0,0
233867,0,0,0
157713,0,0,0
387975,0,0,0
200484,0,0,0
257771,0,0,0
32373,0,0,0
91898,0,0,0
44357,0,0,0
384127,0,0,0
317722,0,0,0
151969,0,0,0
355858,0,0,0
381480,0,0,0
320654,0,0,0
342530,0,0,0
163361,0,0,0
372364,0,0,0
367687,0,0,0
62801,0,0,0
316356,0,0,0
10963,0,0,0
211381,0,0,0
198208,0,0,0
395019,0,0,0
243057,0,0,0
11611,0,0,0
89015,0,0,0
96335,0,0,0
45431,0,0,0
362100,0,0,0
337768,0,0,0
129218,0,0,0
140505,0,0,0
400992,0,0,0
123517,0,0,0
273098,0,0,0
329421,0,0,0
308500,0,0,0
372674,0,0,0
151389,0,0,0
199583,0,0,0
150954,0,0,0
99945,0,0,0
330629,0,0,0
98076,0,0,0
228474,0,0,0
339937,0,0,0
252138,0,0,0
394436,0,0,0
147886,0,0,0
111744,0,0,0
153146,0,0,0
219055,0,0,0
302514,0,0,0
149498,0,0,0
164912,0,0,0
375454,0,0,0
276901,0,0,0
280104,0,0,0
170234,0,0,0
305807,0,0,0
156254,0,0,0
242397,0,0,0
117426,0,0,0
266190,0,0,0
152271,0,0,0
252581,0,0,0
221351,0,0,0
314370,0,0,0
61148,0,0,0
313046,0,0,0
121259,0,0,0
242897,0,0,0
277641,0,0,0
372110,0,0,0
252495,0,0,0
223624,0,0,0
286569,0,0,0
137417,0,0,0
272205,0,0,0
317861,0,0,0
220754,0,0,0
1252,0,0,0
248336,0,0,0
197541,0,0,0
39758,0,0,0
255825,0,0,0
6596,0,0,0
2504,0,0,0
265648,0,0,0
16573,0,0,0
135713,0,0,0
76537,0,0,0
251492,0,0,0
260820,0,0,0
168716,0,0,0
354566,0,0,0
245044,0,0,0
319131,0,0,0
183314,0,0,0
213930,0,0,0
140606,0,0,0
351434,0,0,0
11791,0,0,0
189780,0,0,0
98297,0,0,0
125196,0,0,0
348383,0,0,0
365658,0,0,0
196329,0,0,0
167628,0,0,0
313890,0,0,0
94766,0,0,0
110775,0,0,0
347917,0,0,0
147022,0,0,0
29024,0,0,0
323087,0,0,0
316536,0,0,0
220401,0,0,0
327684,0,0,0
191643,0,0,0
159996,0,0,0
256147,0,0,0
381798,0,0,0
94146,0,0,0
113250,0,0,0
245019,0,0,0
219635,0,0,0
358423,0,0,0
279343,0,0,0
303634,0,0,0
108311,0,0,0
246026,0,0,0
159097,0,0,0
411028,0,0,0
126310,0,0,0
188880,0,0,0
101344,0,0,0
130476,0,0,0
350960,0,0,0
137807,0,0,0
128222,0,0,0
260478,0,0,0
166767,0,0,0
174833,0,0,0
340384,0,0,0
342217,0,0,0
292186,0,0,0
244197,0,0,0
199166,0,0,0
195016,0,0,0
378088,0,0,0
298574,0,0,0
62095,0,0,0
265519,0,0,0
95770,0,0,0
320329,0,0,0
180849,0,0,0
410782,0,0,0
395238,0,0,0
237946,0,0,0
268107,0,0,0
73978,0,0,0
7117,0,0,0
376931,0,0,0
183547,0,0,0
310384,0,0,0
90266,0,0,0
403180,0,0,0
158894,0,0,0
122957,0,0,0
16235,0,0,0
24176,0,0,0
335933,0,0,0
176966,0,0,0
401434,0,0,0
384080,0,0,0
194357,0,0,0
385807,0,0,0
279333,0,0,0
206453,0,0,0
215984,0,0,0
344892,0,0,0
325022,0,0,0
45549,0,0,0
139838,0,0,0
389063,0,0,0
349310,0,0,0
117226,0,0,0
42209,0,0,0
198292,0,0,0
21672,0,0,0
195178,0,0,0
325750,0,0,0
50886,0,0,0
178649,0,0,0
63758,0,0,0
26915,0,0,0
300867,0,0,0
89372,0,0,0
347520,0,0,0
408645,0,0,0
81173,0,0,0
107734,0,0,0
96575,0,0,0
366924,0,0,0
93984,0,0,0
57494,0,0,0
310325,0,0,0
339209,0,0,0
15208,0,0,0
77873,0,0,0
189061,0,0,0
120215,0,0,0
72306,0,0,0
160019,0,0,0
352700,0,0,0
119910,0,0,0
22780,0,0,0
178324,0,0,0
182205,0,0,0
199443,0,0,0
45917,0,0,0
223451,0,0,0
108389,0,0,0
230152,0,0,0
27518,0,0,0
262349,0,0,0
158007,0,0,0
252777,0,0,0
76606,0,0,0
346065,0,0,0
118052,0,0,0
183363,0,0,0
318059,0,0,0
154911,0,0,0
318132,0,0,0
63442,0,0,0
77004,0,0,0
340567,0,0,0
237631,0,0,0
400584,0,0,0
387538,0,0,0
315982,0,0,0
43029,0,0,0
401259,0,0,0
370534,0,0,0
381757,0,0,0
242371,0,0,0
40381,0,0,0
405643,0,0,0
334970,0,0,0
208837,0,0,0
252961,0,0,0
29867,0,0,0
207762,0,0,0
321181,0,0,0
209319,0,0,0
356165,0,0,0
84950,0,0,0
105360,0,0,0
369551,0,0,0
22974,0,0,0
216646,0,0,0
92591,0,0,0
191181,0,0,0
70434,0,0,0
134666,0,0,0
220414,0,0,0
182242,0,0,0
168998,0,0,0
379699,0,0,0
398843,0,0,0
235073,0,0,0
395778,0,0,0
133661,0,0,0
137755,0,0,0
218204,0,0,0
219400,0,0,0
237099,0,0,0
156748,0,0,0
57939,0,0,0
156576,0,0,0
103476,0,0,0
325490,0,0,0
294492,0,0,0
10566,0,0,0
145835,0,0,0
229410,0,0,0
139064,0,0,0
87042,0,0,0
24445,0,0,0
66401,0,0,0
238067,0,0,0
339008,0,0,0
496,0,0,0
364026,0,0,0
198154,0,0,0
2973,0,0,0
197842,0,0,0
153071,0,0,0
44086,0,0,0
23886,0,0,0
384841,0,0,0
133992,0,0,0
150784,0,0,0
127876,0,0,0
361512,0,0,0
285686,0,0,0
306123,0,0,0
194709,0,0,0
196399,0,0,0
383941,0,0,0
318434,0,0,0
35530,0,0,0
102536,0,0,0
214728,0,0,0
314870,0,0,0
139271,0,0,0
143142,0,0,0
70199,0,0,0
107336,0,0,0
127969,0,0,0
134374,0,0,0
355236,0,0,0
56106,0,0,0
293269,0,0,0
177050,0,0,0
12154,0,0,0
68348,0,0,0
40517,0,0,0
342268,0,0,0
147265,0,0,0
211742,0,0,0
158180,0,0,0
63845,0,0,0
403192,0,0,0
168884,0,0,0
326160,0,0,0
218345,0,0,0
365919,0,0,0
39258,0,0,0
111059,0,0,0
23536,0,0,0
286874,0,0,0
205589,0,0,0
373091,0,0,0
368905,0,0,0
6189,0,0,0
120974,0,0,0
94064,0,0,0
146095,0,0,0
119787,0,0,0
309945,0,0,0
329126,0,0,0
379589,0,0,0
39568,0,0,0
48863,0,0,0
267465,0,0,0
17654,0,0,0
194426,0,0,0
197740,0,0,0
208109,0,0,0
692,0,0,0
225297,0,0,0
244897,0,0,0
340551,0,0,0
108576,0,0,0
57816,0,0,0
10659,0,0,0
29969,0,0,0
253191,0,0,0
147765,0,0,0
57508,0,0,0
89412,0,0,0
360060,0,0,0
35001,0,0,0
264996,0,0,0
320658,0,0,0
41489,0,0,0
410282,0,0,0
141634,0,0,0
5301,0,0,0
213562,0,0,0
153117,0,0,0
339492,0,0,0
301715,0,0,0
144115,0,0,0
290284,0,0,0
155374,0,0,0
41559,0,0,0
357202,0,0,0
310226,0,0,0
120388,0,0,0
347934,0,0,0
189907,0,0,0
219857,0,0,0
112348,0,0,0
377510,0,0,0
287135,0,0,0
88048,0,0,0
154713,0,0,0
44890,0,0,0
250343,0,0,0
213466,0,0,0
41115,0,0,0
165485,0,0,0
10379,0,0,0
277875,0,0,0
165018,0,0,0
231212,0,0,0
154423,0,0,0
261494,0,0,0
13971,0,0,0
79383,0,0,0
372050,0,0,0
308603,0,0,0
44392,0,0,0
131189,0,0,0
92661,0,0,0
340544,0,0,0
378686,0,0,0
132156,0,0,0
195245,0,0,0
11180,0,0,0
90300,0,0,0
409399,0,0,0
208580,0,0,0
196204,0,0,0
154837,0,0,0
68612,0,0,0
234886,0,0,0
148488,0,0,0
391356,0,0,0
217129,0,0,0
310919,0,0,0
222983,0,0,0
258071,0,0,0
146926,0,0,0
232646,0,0,0
130735,0,0,0
13721,0,0,0
213639,0,0,0
112564,0,0,0
394355,0,0,0
320491,0,0,0
96508,0,0,0
118605,0,0,0
259892,0,0,0
24456,0,0,0
364624,0,0,0
84979,0,0,0
382373,0,0,0
106690,0,0,0
202042,0,0,0
113320,0,0,0
176890,0,0,0
297784,0,0,0
358372,0,0,0
394537,0,0,0
17888,0,0,0
285951,0,0,0
114207,0,0,0
320663,0,0,0
281901,0,0,0
19395,0,0,0
71532,0,0,0
294274,0,0,0
18772,0,0,0
199246,0,0,0
88071,0,0,0
162567,0,0,0
8192,0,0,0
174112,0,0,0
103056,0,0,0
243178,0,0,0
401616,0,0,0
209609,0,0,0
227374,0,0,0
259514,0,0,0
152871,0,0,0
111538,0,0,0
205569,0,0,0
175889,0,0,0
126264,0,0,0
284879,0,0,0
217105,0,0,0
54246,0,0,0
195033,0,0,0
318273,0,0,0
346291,0,0,0
215534,0,0,0
262322,0,0,0
222976,0,0,0
216736,0,0,0
127815,0,0,0
116509,0,0,0
208132,0,0,0
41729,0,0,0
393236,0,0,0
248217,0,0,0
365668,0,0,0
17638,0,0,0
90022,0,0,0
30868,0,0,0
303203,0,0,0
223285,0,0,0
287916,0,0,0
351763,0,0,0
341132,0,0,0
180261,0,0,0
405499,0,0,0
53083,0,0,0
122543,0,0,0
387212,0,0,0
198810,0,0,0
203011,0,0,0
241015,0,0,0
310878,0,0,0
292309,0,0,0
389243,0,0,0
408378,0,0,0
106558,0,0,0
155897,0,0,0
290051,0,0,0
318475,0,0,0
402631,0,0,0
136661,0,0,0
78885,0,0,0
92754,0,0,0
247427,0,0,0
189384,0,0,0
356943,0,0,0
390735,0,0,0
13203,0,0,0
290485,0,0,0
190722,0,0,0
343275,0,0,0
264458,0,0,0
238793,0,0,0
171795,0,0,0
192926,0,0,0
390449,0,0,0
370742,0,0,0
326607,0,0,0
158609,0,0,0
132467,0,0,0
305513,0,0,0
291032,0,0,0
177636,0,0,0
103926,0,0,0
234296,0,0,0
168313,0,0,0
321141,0,0,0
300732,0,0,0
244803,0,0,0
266646,0,0,0
390411,0,0,0
249996,0,0,0
168285,0,0,0
2790,0,0,0
97348,0,0,0
8659,0,0,0
124558,0,0,0
351798,0,0,0
282386,0,0,0
180994,0,0,0
288060,0,0,0
401888,0,0,0
324648,0,0,0
76586,0,0,0
118953,0,0,0
205504,0,0,0
29100,0,0,0
222365,0,0,0
108030,0,0,0
178107,0,0,0
221271,0,0,0
181590,0,0,0
145209,0,0,0
119349,0,0,0
310131,0,0,0
359103,0,0,0
242992,0,0,0
132246,0,0,0
210634,0,0,0
143900,0,0,0
274515,0,0,0
28893,0,0,0
336871,0,0,0
80042,0,0,0
248352,0,0,0
168299,0,0,0
63317,0,0,0
257497,0,0,0
89389,0,0,0
264903,0,0,0
58780,0,0,0
115924,0,0,0
57488,0,0,0
14153,0,0,0
65571,0,0,0
148751,0,0,0
268471,0,0,0
200847,0,0,0
354852,0,0,0
223216,0,0,0
160028,0,0,0
367871,0,0,0
82669,0,0,0
120269,0,0,0
307256,0,0,0
395569,0,0,0
257911,0,0,0
326378,0,0,0
371511,0,0,0
359592,0,0,0
210861,0,0,0
200299,0,0,0
376043,0,0,0
51823,0,0,0
347190,0,0,0
102731,0,0,0
89640,0,0,0
276389,0,0,0
362701,0,0,0
109037,0,0,0
80114,0,0,0
348591,0,0,0
90265,0,0,0
45305,0,0,0
328181,0,0,0
70926,0,0,0
262002,0,0,0
382187,0,0,0
63890,0,0,0
45539,0,0,0
225033,0,0,0
223035,0,0,0
24327,0,0,0
63823,0,0,0
192340,0,0,0
187427,0,0,0
246798,0,0,0
399125,0,0,0
212536,0,0,0
43794,0,0,0
259304,0,0,0
2882,0,0,0
79542,0,0,0
119281,0,0,0
272650,0,0,0
16820,0,0,0
260158,0,0,0
62960,0,0,0
75828,0,0,0
261675,0,0,0
74331,0,0,0
181066,0,0,0
185354,0,0,0
408146,0,0,0
268695,0,0,0
115770,0,0,0
31095,0,0,0
317668,0,0,0
110810,0,0,0
209755,0,0,0
258061,0,0,0
53997,0,0,0
226363,0,0,0
125576,0,0,0
171821,0,0,0
221118,0,0,0
147551,0,0,0
356143,0,0,0
67950,0,0,0
206612,0,0,0
317205,0,0,0
97319,0,0,0
174334,0,0,0
334688,0,0,0
247896,0,0,0
295967,0,0,0
120577,0,0,0
22105,0,0,0
399717,0,0,0
332338,0,0,0
160388,0,0,0
394996,0,0,0
135494,0,0,0
250701,0,0,0
63853,0,0,0
376178,0,0,0
352614,0,0,0
309788,0,0,0
166655,0,0,0
243073,0,0,0
245262,0,0,0
299877,0,0,0
117496,0,0,0
388960,0,0,0
35926,0,0,0
305439,0,0,0
125886,0,0,0
66617,0,0,0
230252,0,0,0
203723,0,0,0
231694,0,0,0
254631,0,0,0
137229,0,0,0
13401,0,0,0
179247,0,0,0
42348,0,0,0
182700,0,0,0
359921,0,0,0
327313,0,0,0
306838,0,0,0
111291,0,0,0
381576,0,0,0
323869,0,0,0
250283,0,0,0
55245,0,0,0
320194,0,0,0
49216,0,0,0
12002,0,0,0
43258,0,0,0
282902,0,0,0
137355,0,0,0
350864,0,0,0
376582,0,0,0
49683,0,0,0
61693,0,0,0
212064,0,0,0
402161,0,0,0
14256,0,0,0
267118,0,0,0
262989,0,0,0
327084,0,0,0
358743,0,0,0
113129,0,0,0
130863,0,0,0
266862,0,0,0
178154,0,0,0
5294,0,0,0
3745,0,0,0
158340,0,0,0
130693,0,0,0
117296,0,0,0
201096,0,0,0
193810,0,0,0
5493,0,0,0
44460,0,0,0
29751,0,0,0
17774,0,0,0
315282,0,0,0
22047,0,0,0
134660,0,0,0
92574,0,0,0
209087,0,0,0
253949,0,0,0
174312,0,0,0
342411,0,0,0
99569,0,0,0
226269,0,0,0
292251,0,0,0
93901,0,0,0
68858,0,0,0
30672,0,0,0
180245,0,0,0
67403,0,0,0
126582,0,0,0
254403,0,0,0
102565,0,0,0
61654,0,0,0
56411,0,0,0
353740,0,0,0
231621,0,0,0
136366,0,0,0
333586,0,0,0
360738,0,0,0
23927,0,0,0
272329,0,0,0
260260,0,0,0
327722,0,0,0
243910,0,0,0
94008,0,0,0
311984,0,0,0
209776,0,0,0
250614,0,0,0
90756,0,0,0
5331,0,0,0
262340,0,0,0
201825,0,0,0
234050,0,0,0
177346,0,0,0
262080,0,0,0
245063,0,0,0
112886,0,0,0
99937,0,0,0
325901,0,0,0
41502,0,0,0
191035,0,0,0
2666,0,0,0
26918,0,0,0
59493,0,0,0
349497,0,0,0
166465,0,0,0
71995,0,0,0
236563,0,0,0
56306,0,0,0
76953,0,0,0
277482,0,0,0
246799,0,0,0
367513,0,0,0
104837,0,0,0
400316,0,0,0
115781,0,0,0
185910,0,0,0
336375,0,0,0
261837,0,0,0
390611,0,0,0
115243,0,0,0
344674,0,0,0
241962,0,0,0
410147,0,0,0
173083,0,0,0
117674,0,0,0
169449,0,0,0
400633,0,0,0
244809,0,0,0
222814,0,0,0
122566,0,0,0
113670,0,0,0
390172,0,0,0
270272,0,0,0
329533,0,0,0
95848,0,0,0
75222,0,0,0
203695,0,0,0
404832,0,0,0
393500,0,0,0
379696,0,0,0
107761,0,0,0
37757,0,0,0
285044,0,0,0
252902,0,0,0
374307,0,0,0
171531,0,0,0
279652,0,0,0
90536,0,0,0
319147,0,0,0
34735,0,0,0
5182,0,0,0
3093,0,0,0
261187,0,0,0
297781,0,0,0
213703,0,0,0
89133,0,0,0
182735,0,0,0
8219,0,0,0
42352,0,0,0
340561,0,0,0
151864,0,0,0
301386,0,0,0
134102,0,0,0
359100,0,0,0
62030,0,0,0
165425,0,0,0
358697,0,0,0
296224,0,0,0
140645,0,0,0
340948,0,0,0
403894,0,0,0
395366,0,0,0
285341,0,0,0
332696,0,0,0
375614,0,0,0
5550,0,0,0
243985,0,0,0
193991,0,0,0
120766,0,0,0
59836,0,0,0
32317,0,0,0
387246,0,0,0
314594,0,0,0
383142,0,0,0
409999,0,0,0
107409,0,0,0
141072,0,0,0
57390,0,0,0
237151,0,0,0
211224,0,0,0
249259,0,0,0
301905,0,0,0
173291,0,0,0
145807,0,0,0
71341,0,0,0
386382,0,0,0
329691,0,0,0
344073,0,0,0
179653,0,0,0
265728,0,0,0
142028,0,0,0
279603,0,0,0
378323,0,0,0
96531,0,0,0
68471,0,0,0
249360,0,0,0
324506,0,0,0
253562,0,0,0
117223,0,0,0
61973,0,0,0
57881,0,0,0
370421,0,0,0
222515,0,0,0
368898,0,0,0
225580,0,0,0
225425,0,0,0
179327,0,0,0
276868,0,0,0
108423,0,0,0
56504,0,0,0
44493,0,0,0
257662,0,0,0
273935,0,0,0
98452,0,0,0
204214,0,0,0
242569,0,0,0
216564,0,0,0
324545,0,0,0
322135,0,0,0
76746,0,0,0
122901,0,0,0
192774,0,0,0
116690,0,0,0
152854,0,0,0
25830,0,0,0
134915,0,0,0
250509,0,0,0
70229,0,0,0
173111,0,0,0
389897,0,0,0
208659,0,0,0
302466,0,0,0
353683,0,0,0
190994,0,0,0
239256,0,0,0
283868,0,0,0
335149,0,0,0
44260,0,0,0
401696,0,0,0
384785,0,0,0
313709,0,0,0
326193,0,0,0
219193,0,0,0
334544,0,0,0
70900,0,0,0
167216,0,0,0
181084,0,0,0
391339,0,0,0
237157,0,0,0
195142,0,0,0
308959,0,0,0
60954,0,0,0
322312,0,0,0
325184,0,0,0
410288,0,0,0
85934,0,0,0
309072,0,0,0
165220,0,0,0
44916,0,0,0
86267,0,0,0
197260,0,0,0
280678,0,0,0
274893,0,0,0
208322,0,0,0
399268,0,0,0
352982,0,0,0
13034,0,0,0
251062,0,0,0
204565,0,0,0
217112,0,0,0
175064,0,0,0
375904,0,0,0
24507,0,0,0
298250,0,0,0
239122,0,0,0
300941,0,0,0
103180,0,0,0
244456,0,0,0
303771,0,0,0
252844,0,0,0
229533,0,0,0
226837,0,0,0
194673,0,0,0
286200,0,0,0
112795,0,0,0
6813,0,0,0
139839,0,0,0
223817,0,0,0
236928,0,0,0
14486,0,0,0
57770,0,0,0
86475,0,0,0
346513,0,0,0
17080,0,0,0
171750,0,0,0
30540,0,0,0
57535,0,0,0
246808,0,0,0
256021,0,0,0
34985,0,0,0
152968,0,0,0
314016,0,0,0
76129,0,0,0
363321,0,0,0
78938,0,0,0
328068,0,0,0
100486,0,0,0
46166,0,0,0
131031,0,0,0
262042,0,0,0
246383,0,0,0
263955,0,0,0
80094,0,0,0
272142,0,0,0
140229,0,0,0
284614,0,0,0
337742,0,0,0
53954,0,0,0
271809,0,0,0
21054,0,0,0
316490,0,0,0
76104,0,0,0
154594,0,0,0
304541,0,0,0
170082,0,0,0
394962,0,0,0
137829,0,0,0
407322,0,0,0
148214,0,0,0
135560,0,0,0
144298,0,0,0
333461,0,0,0
44137,0,0,0
117003,0,0,0
316218,0,0,0
77966,0,0,0
346481,0,0,0
118179,0,0,0
235838,0,0,0
108156,0,0,0
344513,0,0,0
368652,0,0,0
270429,0,0,0
68982,0,0,0
384321,0,0,0
335565,0,0,0
336594,0,0,0
374032,0,0,0
273052,0,0,0
137096,0,0,0
47620,0,0,0
287196,0,0,0
56982,0,0,0
84087,0,0,0
51886,0,0,0
43755,0,0,0
183266,0,0,0
291202,0,0,0
139729,0,0,0
82315,0,0,0
27258,0,0,0
75779,0,0,0
128995,0,0,0
246405,0,0,0
72552,0,0,0
185174,0,0,0
126745,0,0,0
210567,0,0,0
189468,0,0,0
332739,0,0,0
138346,0,0,0
1345,0,0,0
253401,0,0,0
129960,0,0,0
126803,0,0,0
4764,0,0,0
327948,0,0,0
154070,0,0,0
348994,0,0,0
439,0,0,0
268262,0,0,0
139204,0,0,0
323374,0,0,0
216823,0,0,0
289575,0,0,0
240594,0,0,0
382990,0,0,0
123330,0,0,0
42258,0,0,0
166312,0,0,0
261366,0,0,0
321214,0,0,0
325174,0,0,0
234772,0,0,0
19249,0,0,0
122282,0,0,0
66901,0,0,0
258716,0,0,0
289891,0,0,0
117043,0,0,0
184789,0,0,0
257878,0,0,0
88446,0,0,0
188251,0,0,0
280466,0,0,0
24926,0,0,0
167673,0,0,0
304091,0,0,0
29488,0,0,0
16390,0,0,0
54379,0,0,0
187451,0,0,0
109119,0,0,0
314711,0,0,0
188098,0,0,0
117888,0,0,0
55383,0,0,0
106967,0,0,0
100172,0,0,0
193031,0,0,0
32358,0,0,0
293136,0,0,0
158766,0,0,0
58236,0,0,0
66570,0,0,0
24686,0,0,0
3155,0,0,0
356339,0,0,0
126425,0,0,0
78256,0,0,0
224742,0,0,0
365193,0,0,0
126033,0,0,0
194083,0,0,0
379969,0,0,0
117354,0,0,0
23831,0,0,0
169626,0,0,0
298431,0,0,0
376915,0,0,0
211869,0,0,0
101095,0,0,0
4885,0,0,0
62622,0,0,0
68213,0,0,0
39925,0,0,0
290518,0,0,0
373233,0,0,0
71559,0,0,0
374921,0,0,0
26180,0,0,0
304035,0,0,0
353398,0,0,0
392233,0,0,0
58745,0,0,0
24919,0,0,0
172572,0,0,0
52469,0,0,0
153093,0,0,0
98701,0,0,0
81596,0,0,0
293087,0,0,0
282363,0,0,0
181231,0,0,0
309845,0,0,0
251745,0,0,0
20731,0,0,0
130642,0,0,0
165836,0,0,0
150839,0,0,0
184583,0,0,0
60188,0,0,0
197954,0,0,0
175963,0,0,0
71517,0,0,0
346463,0,0,0
362007,0,0,0
115584,0,0,0
17469,0,0,0
40879,0,0,0
293816,0,0,0
206813,0,0,0
37675,0,0,0
329718,0,0,0
266070,0,0,0
342974,0,0,0
375009,0,0,0
21009,0,0,0
190519,0,0,0
174260,0,0,0
107610,0,0,0
174997,0,0,0
65222,0,0,0
164732,0,0,0
214629,0,0,0
263962,0,0,0
353895,0,0,0
190612,0,0,0
97064,0,0,0
340491,0,0,0
73811,0,0,0
252489,0,0,0
268870,0,0,0
323067,0,0,0
352018,0,0,0
273770,0,0,0
364104,0,0,0
402656,0,0,0
268943,0,0,0
379122,0,0,0
256493,0,0,0
365294,0,0,0
68549,0,0,0
176943,0,0,0
289555,0,0,0
320709,0,0,0
305982,0,0,0
323242,0,0,0
393390,0,0,0
401697,0,0,0
71713,0,0,0
275111,0,0,0
333961,0,0,0
393118,0,0,0
221018,0,0,0
12707,0,0,0
130581,0,0,0
236695,0,0,0
174847,0,0,0
104049,0,0,0
142070,0,0,0
290264,0,0,0
181456,0,0,0
92243,0,0,0
261470,0,0,0
107078,0,0,0
87693,0,0,0
64573,0,0,0
362080,0,0,0
330921,0,0,0
367216,0,0,0
296087,0,0,0
132351,0,0,0
220967,0,0,0
208533,0,0,0
403561,0,0,0
340816,0,0,0
362169,0,0,0
323074,0,0,0
394235,0,0,0
18070,0,0,0
145640,0,0,0
45332,0,0,0
30961,0,0,0
306640,0,0,0
90404,0,0,0
205385,0,0,0
286741,0,0,0
4181,0,0,0
9479,0,0,0
154746,0,0,0
199075,0,0,0
162300,0,0,0
404378,0,0,0
39560,0,0,0
325848,0,0,0
300804,0,0,0
112574,0,0,0
306664,0,0,0
396345,0,0,0
178235,0,0,0
265282,0,0,0
14720,0,0,0
92185,0,0,0
235968,0,0,0
81749,0,0,0
7284,0,0,0
8699,0,0,0
108325,0,0,0
157605,0,0,0
146437,0,0,0
236177,0,0,0
340918,0,0,0
74744,0,0,0
281899,0,0,0
116348,0,0,0
146683,0,0,0
409693,0,0,0
98639,0,0,0
77920,0,0,0
262680,0,0,0
326800,0,0,0
216423,0,0,0
226082,0,0,0
197080,0,0,0
216777,0,0,0
326280,0,0,0
343028,0,0,0
283690,0,0,0
280081,0,0,0
58959,0,0,0
5560,0,0,0
402767,0,0,0
222058,0,0,0
245035,0,0,0
322232,0,0,0
174517,0,0,0
275354,0,0,0
194806,0,0,0
399543,0,0,0
323326,0,0,0
216803,0,0,0
260765,0,0,0
287584,0,0,0
29146,0,0,0
327574,0,0,0
193708,0,0,0
351827,0,0,0
260168,0,0,0
360683,0,0,0
186764,0,0,0
97767,0,0,0
2834,0,0,0
238483,0,0,0
206686,0,0,0
123833,0,0,0
323940,0,0,0
404019,0,0,0
135179,0,0,0
170391,0,0,0
227520,0,0,0
65594,0,0,0
194085,0,0,0
58181,0,0,0
12178,0,0,0
63901,0,0,0
148116,0,0,0
307574,0,0,0
266021,0,0,0
113087,0,0,0
271783,0,0,0
380392,0,0,0
59813,0,0,0
21872,0,0,0
47255,0,0,0
163531,0,0,0
355581,0,0,0
151927,0,0,0
168340,0,0,0
44716,0,0,0
71672,0,0,0
397826,0,0,0
144997,0,0,0
200138,0,0,0
37710,0,0,0
11949,0,0,0
143425,0,0,0
69541,0,0,0
360095,0,0,0
94586,0,0,0
104468,0,0,0
244030,0,0,0
138424,0,0,0
63270,0,0,0
56219,0,0,0
385677,0,0,0
118297,0,0,0
230441,0,0,0
76067,0,0,0
285492,0,0,0
391424,0,0,0
292513,0,0,0
42187,0,0,0
281651,0,0,0
23287,0,0,0
97537,0,0,0
189241,0,0,0
266179,0,0,0
35049,0,0,0
354077,0,0,0
133787,0,0,0
1483,0,0,0
46851,0,0,0
264029,0,0,0
26070,0,0,0
89173,0,0,0
290063,0,0,0
22551,0,0,0
70264,0,0,0
324891,0,0,0
208816,0,0,0
57564,0,0,0
388691,0,0,0
148777,0,0,0
355238,0,0,0
247711,0,0,0
32034,0,0,0
241892,0,0,0
276844,0,0,0
271488,0,0,0
362326,0,0,0
61293,0,0,0
311704,0,0,0
72768,0,0,0
246407,0,0,0
282266,0,0,0
110323,0,0,0
95599,0,0,0
17298,0,0,0
256161,0,0,0
225541,0,0,0
404924,0,0,0
182440,0,0,0
155277,0,0,0
2015,0,0,0
268922,0,0,0
36355,0,0,0
351463,0,0,0
153735,0,0,0
3140,0,0,0
121294,0,0,0
215218,0,0,0
57851,0,0,0
328630,0,0,0
111691,0,0,0
133563,0,0,0
397192,0,0,0
5721,0,0,0
101052,0,0,0
303977,0,0,0
147213,0,0,0
321332,0,0,0
363471,0,0,0
239238,0,0,0
127639,0,0,0
128755,0,0,0
40454,0,0,0
47489,0,0,0
133573,0,0,0
411031,0,0,0
352908,0,0,0
372022,0,0,0
392359,0,0,0
112934,0,0,0
213992,0,0,0
35626,0,0,0
236640,0,0,0
195145,0,0,0
315869,0,0,0
230341,0,0,0
262493,0,0,0
112061,0,0,0
391528,0,0,0
292637,0,0,0
4208,0,0,0
334076,0,0,0
385118,0,0,0
228942,0,0,0
126909,0,0,0
283843,0,0,0
223966,0,0,0
85144,0,0,0
198932,0,0,0
303498,0,0,0
218441,0,0,0
247972,0,0,0
179758,0,0,0
387433,0,0,0
266656,0,0,0
176159,0,0,0
289571,0,0,0
293995,0,0,0
190570,0,0,0
363630,0,0,0
144118,0,0,0
333119,0,0,0
352626,0,0,0
368461,0,0,0
398034,0,0,0
65190,0,0,0
379688,0,0,0
56366,0,0,0
54644,0,0,0
221835,0,0,0
167411,0,0,0
275384,0,0,0
15003,0,0,0
257768,0,0,0
303033,0,0,0
80201,0,0,0
219160,0,0,0
104171,0,0,0
199815,0,0,0
69878,0,0,0
232683,0,0,0
324205,0,0,0
360192,0,0,0
7432,0,0,0
236477,0,0,0
149565,0,0,0
312303,0,0,0
271908,0,0,0
35020,0,0,0
46990,0,0,0
405100,0,0,0
335691,0,0,0
33012,0,0,0
172880,0,0,0
384812,0,0,0
183433,0,0,0
222371,0,0,0
91823,0,0,0
191307,0,0,0
33970,0,0,0
109949,0,0,0
58855,0,0,0
381250,0,0,0
238308,0,0,0
281832,0,0,0
42398,0,0,0
269612,0,0,0
145571,0,0,0
381563,0,0,0
278860,0,0,0
372048,0,0,0
77178,0,0,0
217036,0,0,0
394724,0,0,0
124425,0,0,0
356539,0,0,0
300611,0,0,0
93131,0,0,0
306905,0,0,0
271034,0,0,0
14418,0,0,0
305114,0,0,0
207262,0,0,0
162944,0,0,0
388951,0,0,0
99350,0,0,0
324948,0,0,0
280743,0,0,0
287578,0,0,0
91229,0,0,0
390222,0,0,0
211480,0,0,0
94053,0,0,0
308484,0,0,0
69777,0,0,0
214274,0,0,0
143515,0,0,0
277749,0,0,0
315734,0,0,0
395342,0,0,0
313990,0,0,0
74939,0,0,0
115893,0,0,0
146352,0,0,0
325245,0,0,0
956,0,0,0
341423,0,0,0
398961,0,0,0
164033,0,0,0
300017,0,0,0
176824,0,0,0
330048,0,0,0
24366,0,0,0
370990,0,0,0
95484,0,0,0
305876,0,0,0
174413,0,0,0
21459,0,0,0
259325,0,0,0
151585,0,0,0
19094,0,0,0
103389,0,0,0
70240,0,0,0
289125,0,0,0
95516,0,0,0
272480,0,0,0
99169,0,0,0
126912,0,0,0
355230,0,0,0
81348,0,0,0
98750,0,0,0
133371,0,0,0
42319,0,0,0
292812,0,0,0
142786,0,0,0
621,0,0,0
227159,0,0,0
105393,0,0,0
327542,0,0,0
270488,0,0,0
48654,0,0,0
174923,0,0,0
395571,0,0,0
164197,0,0,0
102913,0,0,0
342794,0,0,0
31148,0,0,0
90107,0,0,0
47264,0,0,0
72175,0,0,0
40953,0,0,0
160903,0,0,0
244083,0,0,0
409915,0,0,0
47019,0,0,0
150579,0,0,0
220633,0,0,0
323601,0,0,0
31306,0,0,0
196062,0,0,0
289343,0,0,0
128779,0,0,0
117604,0,0,0
171836,0,0,0
43683,0,0,0
71126,0,0,0
147746,0,0,0
354041,0,0,0
240346,0,0,0
352565,0,0,0
260691,0,0,0
165814,0,0,0
263959,0,0,0
383696,0,0,0
20963,0,0,0
145412,0,0,0
152817,0,0,0
349789,0,0,0
74304,0,0,0
329366,0,0,0
90126,0,0,0
389718,0,0,0
124906,0,0,0
106357,0,0,0
249867,0,0,0
65072,0,0,0
59567,0,0,0
185508,0,0,0
281186,0,0,0
121518,0,0,0
334869,0,0,0
245260,0,0,0
72890,0,0,0
91936,0,0,0
275177,0,0,0
54434,0,0,0
337701,0,0,0
329827,0,0,0
24948,0,0,0
313206,0,0,0
242163,0,0,0
322346,0,0,0
95542,0,0,0
125898,0,0,0
54970,0,0,0
109635,0,0,0
109218,0,0,0
310217,0,0,0
286530,0,0,0
50568,0,0,0
75449,0,0,0
339636,0,0,0
393894,0,0,0
346724,0,0,0
265771,0,0,0
42916,0,0,0
256825,0,0,0
314294,0,0,0
224681,0,0,0
130241,0,0,0
118734,0,0,0
316730,0,0,0
404146,0,0,0
373288,0,0,0
177742,0,0,0
392998,0,0,0
51968,0,0,0
178082,0,0,0
283541,0,0,0
235219,0,0,0
309710,0,0,0
45707,0,0,0
140006,0,0,0
236403,0,0,0
406562,0,0,0
401183,0,0,0
280399,0,0,0
58439,0,0,0
360400,0,0,0
101295,0,0,0
153514,0,0,0
118765,0,0,0
311529,0,0,0
361722,0,0,0
276580,0,0,0
59273,0,0,0
375726,0,0,0
328,0,0,0
65644,0,0,0
278624,0,0,0
369977,0,0,0
302913,0,0,0
58909,0,0,0
307086,0,0,0
258917,0,0,0
245704,0,0,0
67941,0,0,0
92173,0,0,0
331383,0,0,0
370708,0,0,0
340185,0,0,0
319860,0,0,0
381073,0,0,0
211931,0,0,0
71409,0,0,0
185583,0,0,0
365926,0,0,0
139545,0,0,0
284149,0,0,0
126625,0,0,0
350105,0,0,0
197533,0,0,0
26109,0,0,0
370202,0,0,0
277433,0,0,0
44523,0,0,0
160350,0,0,0
356427,0,0,0
25101,0,0,0
316402,0,0,0
210903,0,0,0
101690,0,0,0
2313,0,0,0
169364,0,0,0
392704,0,0,0
351898,0,0,0
295058,0,0,0
359759,0,0,0
183237,0,0,0
295223,0,0,0
170645,0,0,0
119640,0,0,0
393990,0,0,0
106309,0,0,0
364423,0,0,0
196932,0,0,0
343590,0,0,0
255404,0,0,0
303057,0,0,0
383419,0,0,0
120528,0,0,0
240900,0,0,0
332933,0,0,0
340577,0,0,0
323033,0,0,0
238286,0,0,0
168558,0,0,0
299913,0,0,0
319062,0,0,0
249436,0,0,0
115965,0,0,0
176249,0,0,0
23945,0,0,0
205047,0,0,0
18471,0,0,0
300635,0,0,0
238343,0,0,0
10471,0,0,0
343128,0,0,0
66609,0,0,0
277635,0,0,0
12776,0,0,0
351031,0,0,0
96755,0,0,0
336665,0,0,0
159219,0,0,0
140950,0,0,0
112306,0,0,0
99860,0,0,0
274576,0,0,0
336127,0,0,0
100301,0,0,0
113211,0,0,0
254127,0,0,0
182356,0,0,0
323367,0,0,0
396857,0,0,0
143706,0,0,0
284055,0,0,0
20119,0,0,0
277421,0,0,0
128226,0,0,0
382173,0,0,0
287301,0,0,0
88328,0,0,0
354033,0,0,0
222039,0,0,0
379084,0,0,0
303565,0,0,0
154389,0,0,0
224034,0,0,0
176322,0,0,0
52830,0,0,0
112020,0,0,0
347795,0,0,0
280109,0,0,0
261230,0,0,0
365584,0,0,0
391503,0,0,0
409569,0,0,0
325815,0,0,0
329435,0,0,0
66769,0,0,0
141137,0,0,0
319199,0,0,0
143365,0,0,0
51512,0,0,0
15969,0,0,0
221147,0,0,0
124772,0,0,0
54543,0,0,0
234967,0,0,0
54113,0,0,0
29619,0,0,0
384421,0,0,0
374116,0,0,0
48367,0,0,0
262468,0,0,0
50019,0,0,0
272288,0,0,0
6511,0,0,0
81002,0,0,0
203743,0,0,0
86414,0,0,0
358982,0,0,0
391824,0,0,0
403781,0,0,0
380006,0,0,0
174838,0,0,0
399293,0,0,0
366000,0,0,0
39931,0,0,0
127767,0,0,0
2372,0,0,0
364949,0,0,0
319679,0,0,0
1832,0,0,0
325055,0,0,0
61422,0,0,0
383551,0,0,0
196103,0,0,0
253277,0,0,0
106465,0,0,0
172983,0,0,0
198176,0,0,0
140903,0,0,0
96631,0,0,0
14215,0,0,0
64409,0,0,0
361274,0,0,0
118578,0,0,0
58274,0,0,0
257842,0,0,0
351938,0,0,0
311711,0,0,0
136206,0,0,0
159811,0,0,0
93920,0,0,0
158940,0,0,0
78305,0,0,0
129827,0,0,0
381237,0,0,0
331536,0,0,0
197688,0,0,0
396381,0,0,0
10217,0,0,0
37956,0,0,0
370090,0,0,0
213449,0,0,0
359433,0,0,0
266415,0,0,0
10214,0,0,0
100632,0,0,0
14708,0,0,0
388337,0,0,0
74488,0,0,0
103216,0,0,0
45018,0,0,0
70850,0,0,0
268505,0,0,0
176421,0,0,0
223819,0,0,0
81046,0,0,0
272387,0,0,0
375339,0,0,0
85804,0,0,0
272673,0,0,0
13896,0,0,0
170454,0,0,0
363686,0,0,0
76511,0,0,0
293595,0,0,0
400617,0,0,0
122468,0,0,0
68413,0,0,0
44090,0,0,0
332468,0,0,0
6613,0,0,0
100870,0,0,0
132985,0,0,0
181768,0,0,0
91854,0,0,0
329822,0,0,0
95406,0,0,0
406027,0,0,0
362126,0,0,0
337319,0,0,0
143994,0,0,0
400862,0,0,0
391281,0,0,0
90394,0,0,0
186509,0,0,0
79274,0,0,0
273485,0,0,0
319406,0,0,0
285239,0,0,0
326527,0,0,0
74372,0,0,0
380467,0,0,0
288661,0,0,0
265148,0,0,0
355459,0,0,0
125416,0,0,0
147091,0,0,0
145036,0,0,0
200283,0,0,0
43551,0,0,0
349139,0,0,0
66672,0,0,0
100455,0,0,0
16062,0,0,0
236121,0,0,0
217303,0,0,0
35203,0,0,0
38055,0,0,0
71727,0,0,0
306260,0,0,0
220416,0,0,0
45372,0,0,0
294972,0,0,0
389267,0,0,0
189022,0,0,0
321357,0,0,0
404966,0,0,0
65767,0,0,0
396889,0,0,0
283206,0,0,0
312228,0,0,0
292230,0,0,0
396056,0,0,0
287838,0,0,0
200020,0,0,0
50006,0,0,0
48996,0,0,0
126107,0,0,0
216406,0,0,0
398255,0,0,0
100004,0,0,0
62915,0,0,0
123976,0,0,0
376603,0,0,0
201433,0,0,0
239242,0,0,0
108335,0,0,0
138633,0,0,0
352047,0,0,0
156429,0,0,0
285398,0,0,0
102359,0,0,0
300480,0,0,0
164908,0,0,0
376635,0,0,0
240901,0,0,0
264345,0,0,0
208669,0,0,0
243758,0,0,0
349650,0,0,0
100902,0,0,0
288680,0,0,0
5919,0,0,0
337297,0,0,0
389364,0,0,0
105365,0,0,0
192329,0,0,0
32165,0,0,0
293671,0,0,0
217469,0,0,0
92397,0,0,0
388156,0,0,0
16733,0,0,0
314562,0,0,0
256479,0,0,0
137057,0,0,0
258943,0,0,0
335255,0,0,0
241482,0,0,0
54931,0,0,0
71851,0,0,0
22247,0,0,0
141105,0,0,0
238155,0,0,0
47434,0,0,0
228423,0,0,0
24219,0,0,0
43928,0,0,0
268453,0,0,0
302400,0,0,0
230559,0,0,0
275977,0,0,0
372603,0,0,0
155981,0,0,0
176166,0,0,0
405624,0,0,0
112333,0,0,0
405812,0,0,0
261713,0,0,0
365040,0,0,0
54190,0,0,0
47271,0,0,0
377572,0,0,0
219677,0,0,0
396406,0,0,0
257032,0,0,0
43805,0,0,0
317469,0,0,0
200114,0,0,0
220015,0,0,0
269510,0,0,0
206731,0,0,0
82227,0,0,0
269031,0,0,0
161105,0,0,0
360693,0,0,0
363776,0,0,0
99664,0,0,0
27353,0,0,0
307313,0,0,0
402755,0,0,0
109690,0,0,0
216278,0,0,0
230610,0,0,0
409384,0,0,0
391742,0,0,0
303094,0,0,0
213809,0,0,0
174699,0,0,0
118202,0,0,0
243650,0,0,0
233411,0,0,0
77082,0,0,0
208863,0,0,0
16780,0,0,0
131059,0,0,0
360598,0,0,0
331326,0,0,0
225856,0,0,0
123553,0,0,0
15451,0,0,0
252020,0,0,0
346500,0,0,0
346207,0,0,0
350907,0,0,0
22959,0,0,0
232674,0,0,0
114483,0,0,0
168490,0,0,0
22473,0,0,0
317470,0,0,0
248021,0,0,0
142983,0,0,0
48528,0,0,0
84108,0,0,0
350809,0,0,0
373323,0,0,0
98312,0,0,0
74773,0,0,0
170733,0,0,0
114638,0,0,0
70338,0,0,0
123354,0,0,0
12233,0,0,0
119450,0,0,0
196795,0,0,0
225618,0,0,0
50317,0,0,0
281334,0,0,0
258572,0,0,0
379682,0,0,0
307980,0,0,0
258311,0,0,0
330389,0,0,0
49957,0,0,0
333111,0,0,0
210196,0,0,0
234880,0,0,0
216905,0,0,0
29027,0,0,0
168033,0,0,0
99799,0,0,0
351880,0,0,0
153613,0,0,0
136820,0,0,0
103647,0,0,0
54484,0,0,0
343572,0,0,0
76049,0,0,0
261627,0,0,0
152654,0,0,0
283714,0,0,0
219033,0,0,0
10183,0,0,0
348857,0,0,0
90482,0,0,0
350689,0,0,0
187199,0,0,0
182045,0,0,0
242938,0,0,0
203294,0,0,0
210009,0,0,0
160076,0,0,0
4198,0,0,0
67848,0,0,0
133189,0,0,0
370640,0,0,0
135464,0,0,0
128612,0,0,0
102164,0,0,0
226207,0,0,0
59421,0,0,0
68053,0,0,0
142860,0,0,0
44432,0,0,0
264091,0,0,0
78821,0,0,0
405571,0,0,0
259830,0,0,0
213879,0,0,0
67617,0,0,0
351959,0,0,0
183639,0,0,0
126999,0,0,0
40444,0,0,0
249522,0,0,0
253333,0,0,0
78839,0,0,0
205752,0,0,0
403263,0,0,0
6576,0,0,0
316879,0,0,0
355712,0,0,0
197423,0,0,0
86503,0,0,0
167490,0,0,0
186769,0,0,0
319763,0,0,0
240015,0,0,0
106519,0,0,0
91509,0,0,0
157984,0,0,0
72399,0,0,0
63430,0,0,0
225871,0,0,0
316188,0,0,0
400373,0,0,0
391868,0,0,0
124957,0,0,0
281269,0,0,0
200447,0,0,0
66991,0,0,0
310433,0,0,0
71354,0,0,0
326366,0,0,0
137437,0,0,0
116900,0,0,0
243585,0,0,0
230304,0,0,0
118299,0,0,0
398715,0,0,0
404745,0,0,0
225720,0,0,0
367048,0,0,0
223542,0,0,0
57099,0,0,0
84348,0,0,0
391393,0,0,0
119081,0,0,0
310764,0,0,0
177330,0,0,0
11446,0,0,0
329243,0,0,0
332764,0,0,0
70616,0,0,0
106972,0,0,0
237927,0,0,0
36119,0,0,0
57668,0,0,0
20504,0,0,0
150019,0,0,0
390442,0,0,0
17488,0,0,0
250942,0,0,0
404278,0,0,0
96827,0,0,0
149986,0,0,0
209336,0,0,0
72549,0,0,0
97078,0,0,0
98548,0,0,0
172187,0,0,0
93922,0,0,0
365314,0,0,0
293193,0,0,0
350612,0,0,0
262901,0,0,0
69744,0,0,0
116558,0,0,0
10119,0,0,0
141111,0,0,0
311919,0,0,0
106344,0,0,0
107954,0,0,0
336423,0,0,0
78726,0,0,0
234031,0,0,0
235949,0,0,0
183732,0,0,0
88229,0,0,0
401528,0,0,0
206226,0,0,0
361253,0,0,0
156720,0,0,0
234091,0,0,0
144423,0,0,0
309337,0,0,0
101412,0,0,0
129591,0,0,0
25793,0,0,0
355961,0,0,0
18885,0,0,0
199737,0,0,0
254534,0,0,0
118551,0,0,0
328440,0,0,0
206786,0,0,0
104277,0,0,0
160848,0,0,0
57982,0,0,0
135634,0,0,0
102950,0,0,0
234374,0,0,0
20696,0,0,0
75997,0,0,0
130137,0,0,0
260474,0,0,0
170421,0,0,0
53700,0,0,0
126185,0,0,0
32294,0,0,0
307684,0,0,0
292703,0,0,0
244054,0,0,0
402932,0,0,0
185673,0,0,0
293537,0,0,0
100850,0,0,0
336491,0,0,0
369340,0,0,0
132591,0,0,0
297853,0,0,0
143700,0,0,0
26288,0,0,0
359543,0,0,0
285442,0,0,0
166695,0,0,0
382771,0,0,0
302198,0,0,0
376936,0,0,0
259869,0,0,0
328787,0,0,0
310717,0,0,0
114424,0,0,0
372146,0,0,0
316637,0,0,0
375280,0,0,0
153125,0,0,0
204190,0,0,0
220124,0,0,0
10840,0,0,0
17854,0,0,0
370719,0,0,0
37307,0,0,0
280754,0,0,0
174597,0,0,0
206172,0,0,0
120744,0,0,0
192170,0,0,0
214300,0,0,0
200264,0,0,0
80085,0,0,0
88695,0,0,0
102422,0,0,0
113621,0,0,0
197953,0,0,0
114529,0,0,0
224298,0,0,0
51958,0,0,0
185213,0,0,0
170518,0,0,0
238506,0,0,0
388556,0,0,0
8271,0,0,0
76496,0,0,0
317949,0,0,0
44907,0,0,0
181886,0,0,0
49141,0,0,0
162110,0,0,0
378956,0,0,0
128357,0,0,0
57818,0,0,0
129553,0,0,0
257400,0,0,0
217277,0,0,0
365079,0,0,0
153750,0,0,0
330555,0,0,0
333771,0,0,0
397722,0,0,0
193196,0,0,0
163646,0,0,0
199212,0,0,0
235233,0,0,0
343490,0,0,0
406487,0,0,0
84575,0,0,0
245951,0,0,0
301115,0,0,0
49311,0,0,0
122054,0,0,0
9521,0,0,0
265359,0,0,0
85589,0,0,0
399276,0,0,0
105527,0,0,0
131879,0,0,0
229015,0,0,0
164698,0,0,0
18041,0,0,0
352259,0,0,0
155586,0,0,0
275725,0,0,0
353764,0,0,0
33107,0,0,0
359917,0,0,0
75026,0,0,0
258661,0,0,0
280369,0,0,0
178970,0,0,0
93745,0,0,0
335981,0,0,0
407176,0,0,0
227953,0,0,0
263002,0,0,0
78695,0,0,0
130991,0,0,0
267437,0,0,0
123512,0,0,0
143335,0,0,0
23733,0,0,0
160618,0,0,0
351693,0,0,0
168070,0,0,0
384552,0,0,0
311516,0,0,0
72840,0,0,0
80034,0,0,0
327547,0,0,0
9336,0,0,0
224403,0,0,0
8594,0,0,0
144807,0,0,0
288722,0,0,0
155678,0,0,0
2347,0,0,0
320339,0,0,0
335125,0,0,0
176808,0,0,0
127551,0,0,0
390785,0,0,0
116516,0,0,0
116762,0,0,0
164436,0,0,0
39947,0,0,0
280350,0,0,0
87369,0,0,0
300952,0,0,0
315202,0,0,0
202019,0,0,0
277086,0,0,0
400162,0,0,0
402886,0,0,0
237815,0,0,0
112983,0,0,0
173939,0,0,0
361901,0,0,0
340401,0,0,0
407593,0,0,0
219337,0,0,0
293449,0,0,0
71587,0,0,0
175551,0,0,0
234952,0,0,0
223643,0,0,0
219283,0,0,0
370836,0,0,0
82287,0,0,0
137724,0,0,0
368435,0,0,0
302379,0,0,0
301518,0,0,0
207111,0,0,0
248644,0,0,0
291661,0,0,0
235245,0,0,0
209940,0,0,0
361629,0,0,0
388870,0,0,0
368601,0,0,0
17505,0,0,0
178642,0,0,0
133311,0,0,0
348666,0,0,0
214957,0,0,0
331989,0,0,0
125098,0,0,0
13967,0,0,0
161318,0,0,0
195595,0,0,0
215711,0,0,0
219646,0,0,0
389808,0,0,0
349757,0,0,0
62096,0,0,0
242360,0,0,0
336260,0,0,0
9416,0,0,0
4035,0,0,0
326994,0,0,0
114336,0,0,0
401277,0,0,0
219517,0,0,0
332741,0,0,0
200344,0,0,0
232824,0,0,0
357752,0,0,0
374217,0,0,0
265828,0,0,0
33471,0,0,0
332051,0,0,0
301349,0,0,0
177336,0,0,0
190129,0,0,0
166757,0,0,0
53652,0,0,0
341112,0,0,0
37446,0,0,0
186491,0,0,0
205633,0,0,0
110124,0,0,0
148130,0,0,0
111890,0,0,0
150770,0,0,0
16916,0,0,0
341582,0,0,0
47220,0,0,0
261158,0,0,0
409263,0,0,0
222095,0,0,0
109125,0,0,0
135900,0,0,0
69051,0,0,0
223597,0,0,0
271922,0,0,0
329231,0,0,0
78266,0,0,0
96809,0,0,0
138980,0,0,0
203103,0,0,0
247313,0,0,0
363779,0,0,0
164910,0,0,0
384584,0,0,0
371514,0,0,0
299167,0,0,0
94947,0,0,0
21948,0,0,0
231677,0,0,0
270466,0,0,0
195141,0,0,0
321892,0,0,0
177414,0,0,0
122301,0,0,0
379877,0,0,0
252858,0,0,0
127383,0,0,0
226527,0,0,0
307364,0,0,0
68115,0,0,0
39659,0,0,0
98927,0,0,0
348313,0,0,0
357008,0,0,0
163488,0,0,0
206681,0,0,0
134426,0,0,0
193206,0,0,0
293724,0,0,0
97603,0,0,0
104842,0,0,0
123191,0,0,0
366260,0,0,0
13141,0,0,0
226405,0,0,0
198762,0,0,0
286844,0,0,0
378601,0,0,0
298075,0,0,0
326292,0,0,0
391751,0,0,0
401519,0,0,0
143845,0,0,0
288455,0,0,0
372410,0,0,0
224811,0,0,0
338168,0,0,0
362096,0,0,0
23069,0,0,0
119994,0,0,0
178744,0,0,0
99278,0,0,0
160075,0,0,0
105573,0,0,0
142209,0,0,0
309355,0,0,0
232003,0,0,0
236271,0,0,0
132192,0,0,0
94291,0,0,0
1867,0,0,0
38302,0,0,0
173444,0,0,0
44756,0,0,0
336456,0,0,0
52075,0,0,0
391709,0,0,0
164710,0,0,0
199579,0,0,0
235321,0,0,0
107760,0,0,0
300391,0,0,0
164183,0,0,0
405678,0,0,0
138365,0,0,0
211953,0,0,0
174725,0,0,0
142268,0,0,0
242641,0,0,0
29030,0,0,0
306669,0,0,0
26705,0,0,0
197019,0,0,0
150355,0,0,0
306187,0,0,0
46327,0,0,0
202040,0,0,0
283324,0,0,0
167866,0,0,0
234609,0,0,0
396631,0,0,0
65115,0,0,0
325859,0,0,0
163428,0,0,0
376100,0,0,0
32590,0,0,0
147916,0,0,0
59088,0,0,0
207253,0,0,0
154832,0,0,0
18096,0,0,0
123706,0,0,0
130167,0,0,0
262634,0,0,0
376839,0,0,0
226832,0,0,0
20118,0,0,0
101232,0,0,0
245499,0,0,0
80879,0,0,0
206041,0,0,0
380314,0,0,0
270309,0,0,0
338837,0,0,0
156578,0,0,0
331964,0,0,0
288253,0,0,0
367723,0,0,0
235303,0,0,0
207789,0,0,0
341198,0,0,0
185374,0,0,0
47245,0,0,0
353561,0,0,0
361888,0,0,0
54679,0,0,0
48217,0,0,0
382374,0,0,0
32638,0,0,0
266586,0,0,0
152588,0,0,0
339078,0,0,0
236071,0,0,0
234816,0,0,0
274026,0,0,0
411241,0,0,0
280353,0,0,0
124536,0,0,0
224540,0,0,0
25713,0,0,0
332127,0,0,0
171596,0,0,0
143172,0,0,0
140828,0,0,0
289339,0,0,0
202389,0,0,0
260473,0,0,0
209618,0,0,0
360371,0,0,0
938,0,0,0
173088,0,0,0
118324,0,0,0
363138,0,0,0
240106,0,0,0
333489,0,0,0
306296,0,0,0
404612,0,0,0
234304,0,0,0
253795,0,0,0
388343,0,0,0
130313,0,0,0
65707,0,0,0
375781,0,0,0
185164,0,0,0
231641,0,0,0
263238,0,0,0
174640,0,0,0
234570,0,0,0
346000,0,0,0
314,0,0,0
37412,0,0,0
156995,0,0,0
116585,0,0,0
325664,0,0,0
61312,0,0,0
182275,0,0,0
366470,0,0,0
92493,0,0,0
333317,0,0,0
261472,0,0,0
377712,0,0,0
16885,0,0,0
157175,0,0,0
323626,0,0,0
307582,0,0,0
312382,0,0,0
326180,0,0,0
298559,0,0,0
104632,0,0,0
144407,0,0,0
351189,0,0,0
26766,0,0,0
132142,0,0,0
132069,0,0,0
93591,0,0,0
378315,0,0,0
60299,0,0,0
234664,0,0,0
256118,0,0,0
127390,0,0,0
251892,0,0,0
125374,0,0,0
179647,0,0,0
193956,0,0,0
344324,0,0,0
83722,0,0,0
144692,0,0,0
255904,0,0,0
367000,0,0,0
320632,0,0,0
89747,0,0,0
114455,0,0,0
167447,0,0,0
315624,0,0,0
187560,0,0,0
354028,0,0,0
347788,0,0,0
375727,0,0,0
78131,0,0,0
64322,0,0,0
145683,0,0,0
177370,0,0,0
13586,0,0,0
124403,0,0,0
391337,0,0,0
225292,0,0,0
330642,0,0,0
227204,0,0,0
323718,0,0,0
50529,0,0,0
146585,0,0,0
45821,0,0,0
41836,0,0,0
362306,0,0,0
404231,0,0,0
52542,0,0,0
224644,0,0,0
327105,0,0,0
232140,0,0,0
213451,0,0,0
53076,0,0,0
210972,0,0,0
280587,0,0,0
199213,0,0,0
17768,0,0,0
166400,0,0,0
106676,0,0,0
71011,0,0,0
12115,0,0,0
92076,0,0,0
252752,0,0,0
374259,0,0,0
162116,0,0,0
405389,0,0,0
343633,0,0,0
209460,0,0,0
150761,0,0,0
251534,0,0,0
154660,0,0,0
59381,0,0,0
200934,0,0,0
261244,0,0,0
383998,0,0,0
117819,0,0,0
330928,0,0,0
210078,0,0,0
388150,0,0,0
230103,0,0,0
231895,0,0,0
61462,0,0,0
252592,0,0,0
252711,0,0,0
68659,0,0,0
153932,0,0,0
66723,0,0,0
370504,0,0,0
394181,0,0,0
161334,0,0,0
228760,0,0,0
267603,0,0,0
20970,0,0,0
176264,0,0,0
337509,0,0,0
132716,0,0,0
95214,0,0,0
281860,0,0,0
228954,0,0,0
169733,0,0,0
98467,0,0,0
245366,0,0,0
110188,0,0,0
307619,0,0,0
209489,0,0,0
386224,0,0,0
103102,0,0,0
239698,0,0,0
24162,0,0,0
205229,0,0,0
201146,0,0,0
9976,0,0,0
289862,0,0,0
315671,0,0,0
39537,0,0,0
337203,0,0,0
70198,0,0,0
141402,0,0,0
303104,0,0,0
250608,0,0,0
194020,0,0,0
347535,0,0,0
379953,0,0,0
189024,0,0,0
73415,0,0,0
357559,0,0,0
138987,0,0,0
93684,0,0,0
347768,0,0,0
77288,0,0,0
361470,0,0,0
198158,0,0,0
83365,0,0,0
129850,0,0,0
248342,0,0,0
160905,0,0,0
196004,0,0,0
17975,0,0,0
183510,0,0,0
411027,0,0,0
277725,0,0,0
37299,0,0,0
200499,0,0,0
110567,0,0,0
357899,0,0,0
320422,0,0,0
338964,0,0,0
35320,0,0,0
400120,0,0,0
312414,0,0,0
226983,0,0,0
260397,0,0,0
320815,0,0,0
52018,0,0,0
131154,0,0,0
277521,0,0,0
371534,0,0,0
285467,0,0,0
53630,0,0,0
110898,0,0,0
136509,0,0,0
112019,0,0,0
235577,0,0,0
118263,0,0,0
46336,0,0,0
148591,0,0,0
191974,0,0,0
61439,0,0,0
179158,0,0,0
60324,0,0,0
336265,0,0,0
165357,0,0,0
355750,0,0,0
2489,0,0,0
343965,0,0,0
391588,0,0,0
206894,0,0,0
110191,0,0,0
399468,0,0,0
34346,0,0,0
18351,0,0,0
322848,0,0,0
18221,0,0,0
92988,0,0,0
193754,0,0,0
111940,0,0,0
53969,0,0,0
112544,0,0,0
352367,0,0,0
332053,0,0,0
73889,0,0,0
94753,0,0,0
54270,0,0,0
397182,0,0,0
221006,0,0,0
359125,0,0,0
289985,0,0,0
231763,0,0,0
53220,0,0,0
260898,0,0,0
302904,0,0,0
297147,0,0,0
195703,0,0,0
310606,0,0,0
35523,0,0,0
305903,0,0,0
188411,0,0,0
10043,0,0,0
350767,0,0,0
73597,0,0,0
360257,0,0,0
3497,0,0,0
350064,0,0,0
170384,0,0,0
164904,0,0,0
71240,0,0,0
60129,0,0,0
346757,0,0,0
226052,0,0,0
268805,0,0,0
108766,0,0,0
363690,0,0,0
124019,0,0,0
299403,0,0,0
21483,0,0,0
117163,0,0,0
280007,0,0,0
328374,0,0,0
240537,0,0,0
65858,0,0,0
106861,0,0,0
135420,0,0,0
14570,0,0,0
37095,0,0,0
201742,0,0,0
60904,0,0,0
231392,0,0,0
164496,0,0,0
339350,0,0,0
141845,0,0,0
383058,0,0,0
290754,0,0,0
179524,0,0,0
6348,0,0,0
85830,0,0,0
325546,0,0,0
153759,0,0,0
129245,0,0,0
376898,0,0,0
133428,0,0,0
125721,0,0,0
324728,0,0,0
179864,0,0,0
284613,0,0,0
234028,0,0,0
335490,0,0,0
309174,0,0,0
230593,0,0,0
205946,0,0,0
129578,0,0,0
205780,0,0,0
106510,0,0,0
264378,0,0,0
158949,0,0,0
260097,0,0,0
174902,0,0,0
13309,0,0,0
107552,0,0,0
96855,0,0,0
385541,0,0,0
40128,0,0,0
164180,0,0,0
61946,0,0,0
68257,0,0,0
52721,0,0,0
401524,0,0,0
167778,0,0,0
99313,0,0,0
198134,0,0,0
265392,0,0,0
388072,0,0,0
309322,0,0,0
375169,0,0,0
310329,0,0,0
378713,0,0,0
185204,0,0,0
103838,0,0,0
405339,0,0,0
27935,0,0,0
167783,0,0,0
140137,0,0,0
104431,0,0,0
46720,0,0,0
30252,0,0,0
100732,0,0,0
220447,0,0,0
61015,0,0,0
381720,0,0,0
290066,0,0,0
84133,0,0,0
238865,0,0,0
237613,0,0,0
409142,0,0,0
204695,0,0,0
143470,0,0,0
336592,0,0,0
179713,0,0,0
153306,0,0,0
245375,0,0,0
70409,0,0,0
377990,0,0,0
245265,0,0,0
202443,0,0,0
276879,0,0,0
328140,0,0,0
58250,0,0,0
118319,0,0,0
46157,0,0,0
266898,0,0,0
340478,0,0,0
169147,0,0,0
56299,0,0,0
384239,0,0,0
27851,0,0,0
284411,0,0,0
14348,0,0,0
19528,0,0,0
271912,0,0,0
30483,0,0,0
248525,0,0,0
193483,0,0,0
104457,0,0,0
279749,0,0,0
342074,0,0,0
111979,0,0,0
88388,0,0,0
207044,0,0,0
44492,0,0,0
138827,0,0,0
165496,0,0,0
213830,0,0,0
136468,0,0,0
282442,0,0,0
307642,0,0,0
206100,0,0,0
368163,0,0,0
151264,0,0,0
135247,0,0,0
505,0,0,0
239886,0,0,0
97365,0,0,0
264107,0,0,0
96240,0,0,0
362906,0,0,0
165825,0,0,0
282892,0,0,0
11789,0,0,0
122331,0,0,0
193492,0,0,0
300618,0,0,0
109519,0,0,0
27939,0,0,0
57807,0,0,0
106696,0,0,0
215014,0,0,0
326939,0,0,0
359803,0,0,0
103560,0,0,0
313037,0,0,0
65058,0,0,0
189436,0,0,0
25952,0,0,0
187792,0,0,0
182453,0,0,0
123003,0,0,0
379784,0,0,0
331379,0,0,0
353531,0,0,0
129109,0,0,0
228043,0,0,0
388749,0,0,0
375896,0,0,0
356041,0,0,0
131147,0,0,0
391305,0,0,0
178337,0,0,0
150699,0,0,0
88098,0,0,0
271347,0,0,0
183524,0,0,0
246779,0,0,0
324084,0,0,0
255181,0,0,0
254157,0,0,0
98163,0,0,0
368304,0,0,0
50436,0,0,0
263390,0,0,0
172425,0,0,0
7219,0,0,0
381538,0,0,0
253015,0,0,0
135887,0,0,0
76098,0,0,0
194617,0,0,0
332836,0,0,0
374386,0,0,0
9374,0,0,0
135593,0,0,0
186830,0,0,0
309513,0,0,0
253248,0,0,0
23005,0,0,0
208,0,0,0
335221,0,0,0
225876,0,0,0
181124,0,0,0
1549,0,0,0
16162,0,0,0
346663,0,0,0
86378,0,0,0
59867,0,0,0
292815,0,0,0
89107,0,0,0
28419,0,0,0
284456,0,0,0
392116,0,0,0
39855,0,0,0
34818,0,0,0
81387,0,0,0
234119,0,0,0
256515,0,0,0
108103,0,0,0
159024,0,0,0
406868,0,0,0
340972,0,0,0
87569,0,0,0
287938,0,0,0
278935,0,0,0
249730,0,0,0
34456,0,0,0
388035,0,0,0
405039,0,0,0
238592,0,0,0
90147,0,0,0
334335,0,0,0
227098,0,0,0
183704,0,0,0
223378,0,0,0
81020,0,0,0
405756,0,0,0
37007,0,0,0
296494,0,0,0
211805,0,0,0
204595,0,0,0
273452,0,0,0
270178,0,0,0
153074,0,0,0
255837,0,0,0
272445,0,0,0
272887,0,0,0
15864,0,0,0
81455,0,0,0
48117,0,0,0
166152,0,0,0
406790,0,0,0
404712,0,0,0
411061,0,0,0
291713,0,0,0
387856,0,0,0
263891,0,0,0
285407,0,0,0
303536,0,0,0
227086,0,0,0
84502,0,0,0
104760,0,0,0
141423,0,0,0
218568,0,0,0
8715,0,0,0
313788,0,0,0
263229,0,0,0
383555,0,0,0
50640,0,0,0
164957,0,0,0
375847,0,0,0
390498,0,0,0
202010,0,0,0
170607,0,0,0
197748,0,0,0
34302,0,0,0
145917,0,0,0
38631,0,0,0
36447,0,0,0
374051,0,0,0
164509,0,0,0
146433,0,0,0
124097,0,0,0
163771,0,0,0
162695,0,0,0
314556,0,0,0
40002,0,0,0
294795,0,0,0
44591,0,0,0
40017,0,0,0
404520,0,0,0
390858,0,0,0
128206,0,0,0
7810,0,0,0
176561,0,0,0
283555,0,0,0
326820,0,0,0
95275,0,0,0
173441,0,0,0
5360,0,0,0
298989,0,0,0
253614,0,0,0
386610,0,0,0
221569,0,0,0
276066,0,0,0
59110,0,0,0
144949,0,0,0
234319,0,0,0
308412,0,0,0
78011,0,0,0
333239,0,0,0
394850,0,0,0
126417,0,0,0
30379,0,0,0
299129,0,0,0
1887,0,0,0
188258,0,0,0
36556,0,0,0
133596,0,0,0
18590,0,0,0
21379,0,0,0
311030,0,0,0
243172,0,0,0
248515,0,0,0
135851,0,0,0
12520,0,0,0
82899,0,0,0
51591,0,0,0
39775,0,0,0
157557,0,0,0
334114,0,0,0
227371,0,0,0
123831,0,0,0
249213,0,0,0
395637,0,0,0
111241,0,0,0
32033,0,0,0
288639,0,0,0
253735,0,0,0
84437,0,0,0
298435,0,0,0
168989,0,0,0
146310,0,0,0
254990,0,0,0
7981,0,0,0
256767,0,0,0
198127,0,0,0
112131,0,0,0
93458,0,0,0
63216,0,0,0
270977,0,0,0
169027,0,0,0
228520,0,0,0
38765,0,0,0
243869,0,0,0
134379,0,0,0
391189,0,0,0
151875,0,0,0
108532,0,0,0
178962,0,0,0
122390,0,0,0
396403,0,0,0
309196,0,0,0
378586,0,0,0
361931,0,0,0
131267,0,0,0
202365,0,0,0
95104,0,0,0
29388,0,0,0
328528,0,0,0
396971,0,0,0
5972,0,0,0
93366,0,0,0
40449,0,0,0
400880,0,0,0
166671,0,0,0
114036,0,0,0
350849,0,0,0
203057,0,0,0
114168,0,0,0
404154,0,0,0
341082,0,0,0
39777,0,0,0
7087,0,0,0
202119,0,0,0
369981,0,0,0
274608,0,0,0
122558,0,0,0
331493,0,0,0
308562,0,0,0
124254,0,0,0
157287,0,0,0
35493,0,0,0
34056,0,0,0
23351,0,0,0
82410,0,0,0
353989,0,0,0
409410,0,0,0
168185,0,0,0
326633,0,0,0
182738,0,0,0
85246,0,0,0
159013,0,0,0
137223,0,0,0
314492,0,0,0
319046,0,0,0
200756,0,0,0
306213,0,0,0
91730,0,0,0
331635,0,0,0
6382,0,0,0
113944,0,0,0
234204,0,0,0
350427,0,0,0
130338,0,0,0
245881,0,0,0
158650,0,0,0
141449,0,0,0
225062,0,0,0
323984,0,0,0
95966,0,0,0
244003,0,0,0
131786,0,0,0
163196,0,0,0
205580,0,0,0
331188,0,0,0
393133,0,0,0
283938,0,0,0
22223,0,0,0
263260,0,0,0
263896,0,0,0
160175,0,0,0
20226,0,0,0
193879,0,0,0
220342,0,0,0
48789,0,0,0
93680,0,0,0
206160,0,0,0
201980,0,0,0
241640,0,0,0
285545,0,0,0
179896,0,0,0
107494,0,0,0
245031,0,0,0
201128,0,0,0
261608,0,0,0
284000,0,0,0
359092,0,0,0
15150,0,0,0
378897,0,0,0
39208,0,0,0
316496,0,0,0
378208,0,0,0
270315,0,0,0
253818,0,0,0
23440,0,0,0
224550,0,0,0
233887,0,0,0
36518,0,0,0
143699,0,0,0
279512,0,0,0
79270,0,0,0
168172,0,0,0
37878,0,0,0
26447,0,0,0
374552,0,0,0
38660,0,0,0
77997,0,0,0
329154,0,0,0
32587,0,0,0
64957,0,0,0
334396,0,0,0
335366,0,0,0
384312,0,0,0
155073,0,0,0
327852,0,0,0
157445,0,0,0
323998,0,0,0
327108,0,0,0
215466,0,0,0
254308,0,0,0
389252,0,0,0
120615,0,0,0
297810,0,0,0
107914,0,0,0
118175,0,0,0
122368,0,0,0
59917,0,0,0
404429,0,0,0
327365,0,0,0
164487,0,0,0
380112,0,0,0
234913,0,0,0
142598,0,0,0
183923,0,0,0
255138,0,0,0
298793,0,0,0
253424,0,0,0
239552,0,0,0
368719,0,0,0
258901,0,0,0
410333,0,0,0
155737,0,0,0
317111,0,0,0
311836,0,0,0
2081,0,0,0
318562,0,0,0
265982,0,0,0
43934,0,0,0
34210,0,0,0
23268,0,0,0
236665,0,0,0
284574,0,0,0
226202,0,0,0
387542,0,0,0
99377,0,0,0
190256,0,0,0
168950,0,0,0
326084,0,0,0
252057,0,0,0
305477,0,0,0
362749,0,0,0
371025,0,0,0
245623,0,0,0
152897,0,0,0
141453,0,0,0
249469,0,0,0
223391,0,0,0
260729,0,0,0
19820,0,0,0
60780,0,0,0
229340,0,0,0
257013,0,0,0
49580,0,0,0
21551,0,0,0
112200,0,0,0
17300,0,0,0
105626,0,0,0
280557,0,0,0
181322,0,0,0
298175,0,0,0
37701,0,0,0
58966,0,0,0
273274,0,0,0
66814,0,0,0
144328,0,0,0
39236,0,0,0
160354,0,0,0
54461,0,0,0
388793,0,0,0
224271,0,0,0
190511,0,0,0
82507,0,0,0
302382,0,0,0
165108,0,0,0
260418,0,0,0
324977,0,0,0
380528,0,0,0
52888,0,0,0
9742,0,0,0
208867,0,0,0
133447,0,0,0
332043,0,0,0
85924,0,0,0
385556,0,0,0
59730,0,0,0
365012,0,0,0
165037,0,0,0
257943,0,0,0
200301,0,0,0
396771,0,0,0
346466,0,0,0
193028,0,0,0
52228,0,0,0
73060,0,0,0
358618,0,0,0
343813,0,0,0
106609,0,0,0
281880,0,0,0
131183,0,0,0
137639,0,0,0
116416,0,0,0
108376,0,0,0
261566,0,0,0
135026,0,0,0
381396,0,0,0
363319,0,0,0
218263,0,0,0
205489,0,0,0
310272,0,0,0
12125,0,0,0
59949,0,0,0
106318,0,0,0
179516,0,0,0
83869,0,0,0
258604,0,0,0
325407,0,0,0
37019,0,0,0
215260,0,0,0
15488,0,0,0
5246,0,0,0
16708,0,0,0
325870,0,0,0
54302,0,0,0
212355,0,0,0
154426,0,0,0
24719,0,0,0
296756,0,0,0
11382,0,0,0
72322,0,0,0
394093,0,0,0
107732,0,0,0
289316,0,0,0
410322,0,0,0
333774,0,0,0
334362,0,0,0
351439,0,0,0
305371,0,0,0
45413,0,0,0
339464,0,0,0
46506,0,0,0
328594,0,0,0
63315,0,0,0
59058,0,0,0
184904,0,0,0
68295,0,0,0
341565,0,0,0
234278,0,0,0
174074,0,0,0
81979,0,0,0
906,0,0,0
243381,0,0,0
318256,0,0,0
387355,0,0,0
338532,0,0,0
236374,0,0,0
322222,0,0,0
317956,0,0,0
128257,0,0,0
186023,0,0,0
100121,0,0,0
386696,0,0,0
391595,0,0,0
152988,0,0,0
367805,0,0,0
313496,0,0,0
189078,0,0,0
405284,0,0,0
332204,0,0,0
315411,0,0,0
127503,0,0,0
64644,0,0,0
120798,0,0,0
300063,0,0,0
33187,0,0,0
101340,0,0,0
254693,0,0,0
314159,0,0,0
372967,0,0,0
358312,0,0,0
45758,0,0,0
115171,0,0,0
56656,0,0,0
388630,0,0,0
318702,0,0,0
296477,0,0,0
274023,0,0,0
275398,0,0,0
391237,0,0,0
193364,0,0,0
131160,0,0,0
390136,0,0,0
112618,0,0,0
378617,0,0,0
392449,0,0,0
153277,0,0,0
307779,0,0,0
106605,0,0,0
85772,0,0,0
141614,0,0,0
375434,0,0,0
128426,0,0,0
205502,0,0,0
8575,0,0,0
260284,0,0,0
217230,0,0,0
118593,0,0,0
40665,0,0,0
276394,0,0,0
54938,0,0,0
52866,0,0,0
160161,0,0,0
134644,0,0,0
43154,0,0,0
33080,0,0,0
108097,0,0,0
65747,0,0,0
406431,0,0,0
368907,0,0,0
123794,0,0,0
17035,0,0,0
274173,0,0,0
392624,0,0,0
305260,0,0,0
100760,0,0,0
261981,0,0,0
57603,0,0,0
244303,0,0,0
106193,0,0,0
392416,0,0,0
77116,0,0,0
153020,0,0,0
205843,0,0,0
120917,0,0,0
247876,0,0,0
227972,0,0,0
34613,0,0,0
394955,0,0,0
50220,0,0,0
143899,0,0,0
17068,0,0,0
349607,0,0,0
307730,0,0,0
282813,0,0,0
177533,0,0,0
2188,0,0,0
346008,0,0,0
29262,0,0,0
30690,0,0,0
389728,0,0,0
211483,0,0,0
8336,0,0,0
178946,0,0,0
347985,0,0,0
118563,0,0,0
134120,0,0,0
257480,0,0,0
377191,0,0,0
301025,0,0,0
236566,0,0,0
131689,0,0,0
183084,0,0,0
91516,0,0,0
288957,0,0,0
244057,0,0,0
39161,0,0,0
32786,0,0,0
32651,0,0,0
208591,0,0,0
117935,0,0,0
77659,0,0,0
245614,0,0,0
347172,0,0,0
336367,0,0,0
163809,0,0,0
165668,0,0,0
312201,0,0,0
33173,0,0,0
222389,0,0,0
237194,0,0,0
63066,0,0,0
355568,0,0,0
130843,0,0,0
151139,0,0,0
308033,0,0,0
402375,0,0,0
342805,0,0,0
326215,0,0,0
357674,0,0,0
179383,0,0,0
134175,0,0,0
276080,0,0,0
240685,0,0,0
291743,0,0,0
299483,0,0,0
118622,0,0,0
228978,0,0,0
185889,0,0,0
242746,0,0,0
259627,0,0,0
292579,0,0,0
336430,0,0,0
138856,0,0,0
43896,0,0,0
58155,0,0,0
214070,0,0,0
91255,0,0,0
84241,0,0,0
36590,0,0,0
298976,0,0,0
31609,0,0,0
313994,0,0,0
152815,0,0,0
358611,0,0,0
192437,0,0,0
296996,0,0,0
211668,0,0,0
56796,0,0,0
72051,0,0,0
237244,0,0,0
373910,0,0,0
61880,0,0,0
93108,0,0,0
153921,0,0,0
184783,0,0,0
111139,0,0,0
344360,0,0,0
50265,0,0,0
135630,0,0,0
35170,0,0,0
9864,0,0,0
326952,0,0,0
334103,0,0,0
39457,0,0,0
54110,0,0,0
341856,0,0,0
255697,0,0,0
83189,0,0,0
146061,0,0,0
157948,0,0,0
151237,0,0,0
195540,0,0,0
5438,0,0,0
393715,0,0,0
117021,0,0,0
200780,0,0,0
30166,0,0,0
158579,0,0,0
316696,0,0,0
6310,0,0,0
217211,0,0,0
125489,0,0,0
243865,0,0,0
288594,0,0,0
280155,0,0,0
297105,0,0,0
303606,0,0,0
117007,0,0,0
393676,0,0,0
77172,0,0,0
89452,0,0,0
250624,0,0,0
358444,0,0,0
5971,0,0,0
242395,0,0,0
187523,0,0,0
373831,0,0,0
388679,0,0,0
188773,0,0,0
344532,0,0,0
306550,0,0,0
46069,0,0,0
60239,0,0,0
167802,0,0,0
50917,0,0,0
94284,0,0,0
103467,0,0,0
300793,0,0,0
305293,0,0,0
398688,0,0,0
28255,0,0,0
6993,0,0,0
202086,0,0,0
207370,0,0,0
170304,0,0,0
298685,0,0,0
304956,0,0,0
386837,0,0,0
372992,0,0,0
118009,0,0,0
290312,0,0,0
246677,0,0,0
293946,0,0,0
259798,0,0,0
167318,0,0,0
410615,0,0,0
368641,0,0,0
106741,0,0,0
198649,0,0,0
391627,0,0,0
390363,0,0,0
186119,0,0,0
62290,0,0,0
357706,0,0,0
135328,0,0,0
111156,0,0,0
8268,0,0,0
206945,0,0,0
285811,0,0,0
315692,0,0,0
285317,0,0,0
269332,0,0,0
216766,0,0,0
26221,0,0,0
7354,0,0,0
95939,0,0,0
83332,0,0,0
182288,0,0,0
284802,0,0,0
248436,0,0,0
249970,0,0,0
297017,0,0,0
237091,0,0,0
336986,0,0,0
231381,0,0,0
368784,0,0,0
22933,0,0,0
370476,0,0,0
160749,0,0,0
390440,0,0,0
166348,0,0,0
317960,0,0,0
225675,0,0,0
285499,0,0,0
283158,0,0,0
155780,0,0,0
239289,0,0,0
238762,0,0,0
145035,0,0,0
253598,0,0,0
295405,0,0,0
332796,0,0,0
215776,0,0,0
18065,0,0,0
90721,0,0,0
82793,0,0,0
335453,0,0,0
301602,0,0,0
154209,0,0,0
268559,0,0,0
376460,0,0,0
161263,0,0,0
1713,0,0,0
70756,0,0,0
265211,0,0,0
8167,0,0,0
275108,0,0,0
330756,0,0,0
355016,0,0,0
102467,0,0,0
57376,0,0,0
96867,0,0,0
43169,0,0,0
121657,0,0,0
341229,0,0,0
105854,0,0,0
33592,0,0,0
228536,0,0,0
18336,0,0,0
361167,0,0,0
113740,0,0,0
2523,0,0,0
286095,0,0,0
342022,0,0,0
143564,0,0,0
253049,0,0,0
40150,0,0,0
377056,0,0,0
109025,0,0,0
113735,0,0,0
115861,0,0,0
278442,0,0,0
291571,0,0,0
371656,0,0,0
282680,0,0,0
193033,0,0,0
282129,0,0,0
115454,0,0,0
202522,0,0,0
275020,0,0,0
65227,0,0,0
311131,0,0,0
257470,0,0,0
385179,0,0,0
384343,0,0,0
143205,0,0,0
389660,0,0,0
125212,0,0,0
377474,0,0,0
345955,0,0,0
220782,0,0,0
90032,0,0,0
157440,0,0,0
313191,0,0,0
358121,0,0,0
336943,0,0,0
41211,0,0,0
388590,0,0,0
215897,0,0,0
252550,0,0,0
375218,0,0,0
405485,0,0,0
329732,0,0,0
343145,0,0,0
368340,0,0,0
267664,0,0,0
354724,0,0,0
76397,0,0,0
227412,0,0,0
95937,0,0,0
310864,0,0,0
27670,0,0,0
6570,0,0,0
38151,0,0,0
141425,0,0,0
161560,0,0,0
296160,0,0,0
279595,0,0,0
165527,0,0,0
209668,0,0,0
249449,0,0,0
381814,0,0,0
334161,0,0,0
378342,0,0,0
147666,0,0,0
334088,0,0,0
54616,0,0,0
314667,0,0,0
5621,0,0,0
55842,0,0,0
107918,0,0,0
377811,0,0,0
207513,0,0,0
282939,0,0,0
331879,0,0,0
74280,0,0,0
397954,0,0,0
218042,0,0,0
300902,0,0,0
2231,0,0,0
129045,0,0,0
353516,0,0,0
19412,0,0,0
107007,0,0,0
321544,0,0,0
187975,0,0,0
249248,0,0,0
245371,0,0,0
50793,0,0,0
369230,0,0,0
224883,0,0,0
63722,0,0,0
410095,0,0,0
351061,0,0,0
258613,0,0,0
226824,0,0,0
39650,0,0,0
162236,0,0,0
176875,0,0,0
207238,0,0,0
348580,0,0,0
159460,0,0,0
324244,0,0,0
374904,0,0,0
34548,0,0,0
77430,0,0,0
16047,0,0,0
350874,0,0,0
407960,0,0,0
235205,0,0,0
38486,0,0,0
327600,0,0,0
171249,0,0,0
190227,0,0,0
43027,0,0,0
137121,0,0,0
167691,0,0,0
374744,0,0,0
221097,0,0,0
79418,0,0,0
246893,0,0,0
55628,0,0,0
202698,0,0,0
68046,0,0,0
201159,0,0,0
17762,0,0,0
345331,0,0,0
15045,0,0,0
397533,0,0,0
305286,0,0,0
392167,0,0,0
197287,0,0,0
210620,0,0,0
50281,0,0,0
289308,0,0,0
164650,0,0,0
59422,0,0,0
64932,0,0,0
79956,0,0,0
49550,0,0,0
230568,0,0,0
314356,0,0,0
102377,0,0,0
67267,0,0,0
297264,0,0,0
184794,0,0,0
34828,0,0,0
144212,0,0,0
205582,0,0,0
56520,0,0,0
394362,0,0,0
383267,0,0,0
145847,0,0,0
271889,0,0,0
301778,0,0,0
73340,0,0,0
347853,0,0,0
116454,0,0,0
388867,0,0,0
262112,0,0,0
79791,0,0,0
14927,0,0,0
135341,0,0,0
84853,0,0,0
406732,0,0,0
352595,0,0,0
161386,0,0,0
97388,0,0,0
70627,0,0,0
213557,0,0,0
33132,0,0,0
361030,0,0,0
152293,0,0,0
345580,0,0,0
69825,0,0,0
327333,0,0,0
319792,0,0,0
65302,0,0,0
160020,0,0,0
45698,0,0,0
187954,0,0,0
299352,0,0,0
343645,0,0,0
220603,0,0,0
173886,0,0,0
326833,0,0,0
339329,0,0,0
278896,0,0,0
209293,0,0,0
49105,0,0,0
65987,0,0,0
32031,0,0,0
340066,0,0,0
373545,0,0,0
272775,0,0,0
94553,0,0,0
169765,0,0,0
239688,0,0,0
365182,0,0,0
207356,0,0,0
222809,0,0,0
205885,0,0,0
229415,0,0,0
153899,0,0,0
353461,0,0,0
203795,0,0,0
364107,0,0,0
216846,0,0,0
135646,0,0,0
291978,0,0,0
241656,0,0,0
307276,0,0,0
13955,0,0,0
114398,0,0,0
399447,0,0,0
375037,0,0,0
373128,0,0,0
231857,0,0,0
159994,0,0,0
200624,0,0,0
183602,0,0,0
105546,0,0,0
129314,0,0,0
402993,0,0,0
37181,0,0,0
381982,0,0,0
115132,0,0,0
328428,0,0,0
281647,0,0,0
243045,0,0,0
372424,0,0,0
210184,0,0,0
107992,0,0,0
288020,0,0,0
51347,0,0,0
15437,0,0,0
346400,0,0,0
312037,0,0,0
347042,0,0,0
319096,0,0,0
61690,0,0,0
299479,0,0,0
172012,0,0,0
16317,0,0,0
366644,0,0,0
114223,0,0,0
247598,0,0,0
19918,0,0,0
275526,0,0,0
84649,0,0,0
341505,0,0,0
247331,0,0,0
59757,0,0,0
219215,0,0,0
93672,0,0,0
114294,0,0,0
188707,0,0,0
326367,0,0,0
73138,0,0,0
255503,0,0,0
179191,0,0,0
311603,0,0,0
202296,0,0,0
1335,0,0,0
22470,0,0,0
309219,0,0,0
210685,0,0,0
313682,0,0,0
326838,0,0,0
29136,0,0,0
266367,0,0,0
19550,0,0,0
28280,0,0,0
375871,0,0,0
408737,0,0,0
381577,0,0,0
249009,0,0,0
356181,0,0,0
258279,0,0,0
308986,0,0,0
403686,0,0,0
39357,0,0,0
113333,0,0,0
320132,0,0,0
58473,0,0,0
126462,0,0,0
76068,0,0,0
218716,0,0,0
125571,0,0,0
154487,0,0,0
236242,0,0,0
75365,0,0,0
124192,0,0,0
182531,0,0,0
11254,0,0,0
31935,0,0,0
20073,0,0,0
357698,0,0,0
270339,0,0,0
72431,0,0,0
259604,0,0,0
84823,0,0,0
358794,0,0,0
192559,0,0,0
156535,0,0,0
123756,0,0,0
32695,0,0,0
270231,0,0,0
13726,0,0,0
352314,0,0,0
227342,0,0,0
12974,0,0,0
137646,0,0,0
257439,0,0,0
176182,0,0,0
48581,0,0,0
364444,0,0,0
229244,0,0,0
365836,0,0,0
314141,0,0,0
105919,0,0,0
201650,0,0,0
385856,0,0,0
94743,0,0,0
171398,0,0,0
223872,0,0,0
375243,0,0,0
26747,0,0,0
261207,0,0,0
53900,0,0,0
237254,0,0,0
369862,0,0,0
363388,0,0,0
209758,0,0,0
259701,0,0,0
121957,0,0,0
187773,0,0,0
402357,0,0,0
310655,0,0,0
63313,0,0,0
235740,0,0,0
65506,0,0,0
368156,0,0,0
43080,0,0,0
99594,0,0,0
337599,0,0,0
110373,0,0,0
67935,0,0,0
43987,0,0,0
289731,0,0,0
125666,0,0,0
228258,0,0,0
40547,0,0,0
345392,0,0,0
85559,0,0,0
398380,0,0,0
7563,0,0,0
177790,0,0,0
223562,0,0,0
232189,0,0,0
148694,0,0,0
317389,0,0,0
102345,0,0,0
369265,0,0,0
172384,0,0,0
88011,0,0,0
138084,0,0,0
398697,0,0,0
132147,0,0,0
27837,0,0,0
263246,0,0,0
165309,0,0,0
169331,0,0,0
399165,0,0,0
153677,0,0,0
165317,0,0,0
184292,0,0,0
28862,0,0,0
382769,0,0,0
59540,0,0,0
36251,0,0,0
255160,0,0,0
101786,0,0,0
324281,0,0,0
223360,0,0,0
83560,0,0,0
243468,0,0,0
378890,0,0,0
275750,0,0,0
48739,0,0,0
8235,0,0,0
232579,0,0,0
241453,0,0,0
147274,0,0,0
312934,0,0,0
9000,0,0,0
227162,0,0,0
6479,0,0,0
313590,0,0,0
37326,0,0,0
95429,0,0,0
257516,0,0,0
387639,0,0,0
84226,0,0,0
359544,0,0,0
192609,0,0,0
344929,0,0,0
61048,0,0,0
50146,0,0,0
411343,0,0,0
177643,0,0,0
76328,0,0,0
336485,0,0,0
139432,0,0,0
147388,0,0,0
387332,0,0,0
256043,0,0,0
209860,0,0,0
233158,0,0,0
80268,0,0,0
148799,0,0,0
345945,0,0,0
239116,0,0,0
411236,0,0,0
85260,0,0,0
234986,0,0,0
327821,0,0,0
70844,0,0,0
387661,0,0,0
319810,0,0,0
183566,0,0,0
81265,0,0,0
200104,0,0,0
133244,0,0,0
377397,0,0,0
3852,0,0,0
39529,0,0,0
326245,0,0,0
199664,0,0,0
5508,0,0,0
119010,0,0,0
9643,0,0,0
142019,0,0,0
105960,0,0,0
340523,0,0,0
143360,0,0,0
244052,0,0,0
311211,0,0,0
402632,0,0,0
83263,0,0,0
42775,0,0,0
265023,0,0,0
96087,0,0,0
317850,0,0,0
235033,0,0,0
306622,0,0,0
177982,0,0,0
139137,0,0,0
26737,0,0,0
80492,0,0,0
227286,0,0,0
216800,0,0,0
405585,0,0,0
31210,0,0,0
189971,0,0,0
322340,0,0,0
215098,0,0,0
326231,0,0,0
125233,0,0,0
28507,0,0,0
232830,0,0,0
360272,0,0,0
338832,0,0,0
190556,0,0,0
245663,0,0,0
5436,0,0,0
351144,0,0,0
312846,0,0,0
12095,0,0,0
182933,0,0,0
408556,0,0,0
195510,0,0,0
200908,0,0,0
12636,0,0,0
371102,0,0,0
36260,0,0,0
302721,0,0,0
206797,0,0,0
366247,0,0,0
110109,0,0,0
170755,0,0,0
410001,0,0,0
338874,0,0,0
266368,0,0,0
324242,0,0,0
87167,0,0,0
401603,0,0,0
176715,0,0,0
255975,0,0,0
304471,0,0,0
222081,0,0,0
141938,0,0,0
47909,0,0,0
150252,0,0,0
172867,0,0,0
184391,0,0,0
400400,0,0,0
244105,0,0,0
25033,0,0,0
328831,0,0,0
335166,0,0,0
365059,0,0,0
244534,0,0,0
25369,0,0,0
38361,0,0,0
2937,0,0,0
80838,0,0,0
270729,0,0,0
332841,0,0,0
288953,0,0,0
94678,0,0,0
62022,0,0,0
312004,0,0,0
323749,0,0,0
394883,0,0,0
90675,0,0,0
252477,0,0,0
259205,0,0,0
27262,0,0,0
381839,0,0,0
378273,0,0,0
29789,0,0,0
135338,0,0,0
32750,0,0,0
204516,0,0,0
197110,0,0,0
78155,0,0,0
193958,0,0,0
167962,0,0,0
289266,0,0,0
284408,0,0,0
342175,0,0,0
44997,0,0,0
110001,0,0,0
49038,0,0,0
229289,0,0,0
219627,0,0,0
78679,0,0,0
107063,0,0,0
90734,0,0,0
311569,0,0,0
10279,0,0,0
366013,0,0,0
67027,0,0,0
191453,0,0,0
313561,0,0,0
50742,0,0,0
72458,0,0,0
391458,0,0,0
280476,0,0,0
285804,0,0,0
390699,0,0,0
97561,0,0,0
211415,0,0,0
58450,0,0,0
53153,0,0,0
107261,0,0,0
54256,0,0,0
332737,0,0,0
32336,0,0,0
389909,0,0,0
185276,0,0,0
231410,0,0,0
255677,0,0,0
267528,0,0,0
250349,0,0,0
371002,0,0,0
309680,0,0,0
250394,0,0,0
22457,0,0,0
196129,0,0,0
295527,0,0,0
111348,0,0,0
100449,0,0,0
75555,0,0,0
86042,0,0,0
369147,0,0,0
163347,0,0,0
24723,0,0,0
371042,0,0,0
380367,0,0,0
143138,0,0,0
94843,0,0,0
64376,0,0,0
236882,0,0,0
411425,0,0,0
326046,0,0,0
178122,0,0,0
43976,0,0,0
323166,0,0,0
314398,0,0,0
141210,0,0,0
396652,0,0,0
12792,0,0,0
257984,0,0,0
350438,0,0,0
14742,0,0,0
167709,0,0,0
169525,0,0,0
298994,0,0,0
66501,0,0,0
51763,0,0,0
56799,0,0,0
196201,0,0,0
237072,0,0,0
122004,0,0,0
378714,0,0,0
271737,0,0,0
246038,0,0,0
344140,0,0,0
371723,0,0,0
255354,0,0,0
14991,0,0,0
321420,0,0,0
335568,0,0,0
71466,0,0,0
94582,0,0,0
381996,0,0,0
237709,0,0,0
157580,0,0,0
403541,0,0,0
152715,0,0,0
307390,0,0,0
181393,0,0,0
315369,0,0,0
267684,0,0,0
206457,0,0,0
237067,0,0,0
291408,0,0,0
105395,0,0,0
263288,0,0,0
315493,0,0,0
136500,0,0,0
143151,0,0,0
107955,0,0,0
13220,0,0,0
363181,0,0,0
276416,0,0,0
126994,0,0,0
95829,0,0,0
402223,0,0,0
290032,0,0,0
257879,0,0,0
343158,0,0,0
81715,0,0,0
45890,0,0,0
361321,0,0,0
89306,0,0,0
410939,0,0,0
128148,0,0,0
179432,0,0,0
117515,0,0,0
316489,0,0,0
397841,0,0,0
41714,0,0,0
154976,0,0,0
96282,0,0,0
111926,0,0,0
23732,0,0,0
399521,0,0,0
308642,0,0,0
17196,0,0,0
253198,0,0,0
223061,0,0,0
354522,0,0,0
229175,0,0,0
181098,0,0,0
134832,0,0,0
120925,0,0,0
354473,0,0,0
9671,0,0,0
297763,0,0,0
24244,0,0,0
152459,0,0,0
277354,0,0,0
302001,0,0,0
112734,0,0,0
382424,0,0,0
319188,0,0,0
407118,0,0,0
56435,0,0,0
286219,0,0,0
180468,0,0,0
103207,0,0,0
108640,0,0,0
36066,0,0,0
269869,0,0,0
123448,0,0,0
67815,0,0,0
255168,0,0,0
317645,0,0,0
155968,0,0,0
138515,0,0,0
34066,0,0,0
131355,0,0,0
240761,0,0,0
301764,0,0,0
358945,0,0,0
327346,0,0,0
899,0,0,0
20855,0,0,0
41129,0,0,0
250426,0,0,0
357697,0,0,0
288771,0,0,0
305049,0,0,0
151318,0,0,0
166256,0,0,0
235992,0,0,0
111557,0,0,0
2764,0,0,0
193166,0,0,0
143992,0,0,0
156595,0,0,0
363043,0,0,0
155795,0,0,0
34522,0,0,0
15405,0,0,0
200592,0,0,0
358169,0,0,0
144700,0,0,0
303416,0,0,0
198807,0,0,0
132495,0,0,0
283128,0,0,0
8674,0,0,0
19989,0,0,0
263773,0,0,0
277362,0,0,0
295016,0,0,0
174994,0,0,0
319114,0,0,0
336639,0,0,0
160083,0,0,0
265838,0,0,0
200818,0,0,0
18703,0,0,0
44665,0,0,0
215838,0,0,0
229692,0,0,0
128929,0,0,0
284508,0,0,0
57456,0,0,0
70600,0,0,0
325929,0,0,0
222076,0,0,0
239426,0,0,0
279897,0,0,0
179804,0,0,0
61441,0,0,0
250806,0,0,0
91979,0,0,0
145799,0,0,0
53626,0,0,0
113346,0,0,0
109285,0,0,0
363903,0,0,0
11282,0,0,0
256992,0,0,0
89332,0,0,0
168411,0,0,0
2400,0,0,0
299012,0,0,0
242414,0,0,0
305308,0,0,0
139513,0,0,0
202634,0,0,0
207199,0,0,0
359722,0,0,0
109981,0,0,0
70991,0,0,0
334162,0,0,0
37094,0,0,0
345055,0,0,0
100313,0,0,0
222041,0,0,0
20628,0,0,0
395265,0,0,0
362863,0,0,0
83148,0,0,0
229090,0,0,0
130475,0,0,0
142743,0,0,0
31814,0,0,0
88871,0,0,0
361611,0,0,0
344901,0,0,0
295613,0,0,0
128024,0,0,0
288473,0,0,0
133331,0,0,0
151606,0,0,0
381214,0,0,0
360501,0,0,0
215119,0,0,0
34253,0,0,0
98148,0,0,0
334224,0,0,0
148111,0,0,0
408291,0,0,0
207516,0,0,0
303998,0,0,0
170691,0,0,0
278986,0,0,0
126540,0,0,0
334214,0,0,0
63434,0,0,0
205085,0,0,0
112533,0,0,0
235893,0,0,0
198048,0,0,0
69249,0,0,0
288119,0,0,0
132181,0,0,0
394843,0,0,0
238083,0,0,0
196761,0,0,0
260782,0,0,0
353894,0,0,0
367455,0,0,0
32220,0,0,0
40315,0,0,0
240003,0,0,0
50406,0,0,0
333513,0,0,0
328857,0,0,0
360375,0,0,0
138175,0,0,0
103304,0,0,0
68629,0,0,0
227992,0,0,0
123082,0,0,0
168101,0,0,0
217441,0,0,0
221429,0,0,0
363643,0,0,0
305328,0,0,0
264401,0,0,0
333606,0,0,0
179340,0,0,0
33439,0,0,0
192459,0,0,0
398623,0,0,0
308635,0,0,0
253962,0,0,0
326085,0,0,0
341701,0,0,0
123627,0,0,0
352726,0,0,0
31914,0,0,0
195961,0,0,0
372681,0,0,0
35188,0,0,0
163590,0,0,0
327373,0,0,0
235852,0,0,0
340692,0,0,0
199941,0,0,0
354862,0,0,0
36206,0,0,0
61086,0,0,0
395797,0,0,0
204861,0,0,0
323785,0,0,0
349879,0,0,0
189422,0,0,0
128632,0,0,0
370320,0,0,0
233877,0,0,0
382809,0,0,0
68354,0,0,0
329058,0,0,0
284876,0,0,0
356020,0,0,0
193266,0,0,0
402647,0,0,0
113982,0,0,0
12573,0,0,0
325414,0,0,0
224836,0,0,0
285338,0,0,0
365860,0,0,0
94222,0,0,0
139048,0,0,0
254967,0,0,0
316177,0,0,0
274158,0,0,0
278170,0,0,0
318775,0,0,0
238962,0,0,0
301839,0,0,0
274922,0,0,0
310813,0,0,0
311046,0,0,0
244292,0,0,0
145944,0,0,0
170127,0,0,0
291481,0,0,0
135638,0,0,0
162584,0,0,0
315324,0,0,0
54198,0,0,0
289643,0,0,0
341654,0,0,0
18751,0,0,0
268048,0,0,0
378154,0,0,0
327635,0,0,0
179533,0,0,0
402453,0,0,0
88545,0,0,0
234542,0,0,0
148798,0,0,0
217086,0,0,0
224174,0,0,0
39479,0,0,0
140336,0,0,0
310127,0,0,0
363314,0,0,0
19127,0,0,0
184454,0,0,0
239496,0,0,0
95856,0,0,0
142136,0,0,0
282009,0,0,0
90528,0,0,0
149578,0,0,0
76676,0,0,0
13364,0,0,0
130670,0,0,0
159177,0,0,0
359490,0,0,0
150624,0,0,0
271786,0,0,0
260832,0,0,0
123934,0,0,0
249796,0,0,0
27543,0,0,0
192444,0,0,0
393730,0,0,0
173319,0,0,0
207968,0,0,0
62431,0,0,0
233736,0,0,0
349141,0,0,0
283491,0,0,0
397534,0,0,0
312850,0,0,0
391814,0,0,0
25031,0,0,0
163634,0,0,0
167217,0,0,0
197707,0,0,0
246627,0,0,0
322258,0,0,0
119322,0,0,0
184506,0,0,0
232967,0,0,0
180237,0,0,0
399232,0,0,0
159133,0,0,0
301264,0,0,0
28699,0,0,0
64660,0,0,0
189520,0,0,0
290513,0,0,0
474,0,0,0
303219,0,0,0
404132,0,0,0
352898,0,0,0
14387,0,0,0
267003,0,0,0
304387,0,0,0
163507,0,0,0
336057,0,0,0
95480,0,0,0
126375,0,0,0
320666,0,0,0
39665,0,0,0
288391,0,0,0
18699,0,0,0
246066,0,0,0
72978,0,0,0
316997,0,0,0
201499,0,0,0
56099,0,0,0
201409,0,0,0
81586,0,0,0
90618,0,0,0
257735,0,0,0
100151,0,0,0
354220,0,0,0
328652,0,0,0
220392,0,0,0
266121,0,0,0
121527,0,0,0
252532,0,0,0
78773,0,0,0
244421,0,0,0
380556,0,0,0
74021,0,0,0
254442,0,0,0
329067,0,0,0
394556,0,0,0
342739,0,0,0
269935,0,0,0
213220,0,0,0
146371,0,0,0
152255,0,0,0
216136,0,0,0
81156,0,0,0
134204,0,0,0
98867,0,0,0
169979,0,0,0
220164,0,0,0
31354,0,0,0
167330,0,0,0
76190,0,0,0
394363,0,0,0
138608,0,0,0
192530,0,0,0
195386,0,0,0
151472,0,0,0
188790,0,0,0
24866,0,0,0
406323,0,0,0
146958,0,0,0
264191,0,0,0
85533,0,0,0
224464,0,0,0
241988,0,0,0
314572,0,0,0
5934,0,0,0
191545,0,0,0
95967,0,0,0
4779,0,0,0
217639,0,0,0
376924,0,0,0
167275,0,0,0
237240,0,0,0
292817,0,0,0
218869,0,0,0
325390,0,0,0
217061,0,0,0
248876,0,0,0
142785,0,0,0
240306,0,0,0
276836,0,0,0
315706,0,0,0
403864,0,0,0
87668,0,0,0
342174,0,0,0
147168,0,0,0
270329,0,0,0
43548,0,0,0
114571,0,0,0
369657,0,0,0
39737,0,0,0
236643,0,0,0
163108,0,0,0
366390,0,0,0
145904,0,0,0
33532,0,0,0
299296,0,0,0
90738,0,0,0
29900,0,0,0
355872,0,0,0
172650,0,0,0
202393,0,0,0
192405,0,0,0
254270,0,0,0
157101,0,0,0
156077,0,0,0
275392,0,0,0
57722,0,0,0
255868,0,0,0
359958,0,0,0
325018,0,0,0
233196,0,0,0
363491,0,0,0
332018,0,0,0
281997,0,0,0
59226,0,0,0
165488,0,0,0
57607,0,0,0
287818,0,0,0
364204,0,0,0
373710,0,0,0
1936,0,0,0
227368,0,0,0
406359,0,0,0
284314,0,0,0
204979,0,0,0
410042,0,0,0
268644,0,0,0
75362,0,0,0
43090,0,0,0
259008,0,0,0
287058,0,0,0
361116,0,0,0
42158,0,0,0
215592,0,0,0
406166,0,0,0
63165,0,0,0
94840,0,0,0
381367,0,0,0
9744,0,0,0
262638,0,0,0
11268,0,0,0
35423,0,0,0
330817,0,0,0
260357,0,0,0
195154,0,0,0
315820,0,0,0
213997,0,0,0
11508,0,0,0
3987,0,0,0
404934,0,0,0
307562,0,0,0
274712,0,0,0
277608,0,0,0
105363,0,0,0
254742,0,0,0
204684,0,0,0
369833,0,0,0
188206,0,0,0
253146,0,0,0
91092,0,0,0
91775,0,0,0
303512,0,0,0
42189,0,0,0
328799,0,0,0
171312,0,0,0
52531,0,0,0
208204,0,0,0
159405,0,0,0
214002,0,0,0
196874,0,0,0
130892,0,0,0
318367,0,0,0
298644,0,0,0
215978,0,0,0
186706,0,0,0
235278,0,0,0
100536,0,0,0
299552,0,0,0
81757,0,0,0
275129,0,0,0
251499,0,0,0
203999,0,0,0
122162,0,0,0
75916,0,0,0
226644,0,0,0
85794,0,0,0
355809,0,0,0
279111,0,0,0
349924,0,0,0
319107,0,0,0
260633,0,0,0
65339,0,0,0
82624,0,0,0
2610,0,0,0
306047,0,0,0
297390,0,0,0
45970,0,0,0
248962,0,0,0
38344,0,0,0
47492,0,0,0
292581,0,0,0
137212,0,0,0
317227,0,0,0
277096,0,0,0
141440,0,0,0
114087,0,0,0
405613,0,0,0
326787,0,0,0
22187,0,0,0
221322,0,0,0
40207,0,0,0
120553,0,0,0
331511,0,0,0
170139,0,0,0
173754,0,0,0
123942,0,0,0
215105,0,0,0
132512,0,0,0
198355,0,0,0
188571,0,0,0
354699,0,0,0
388824,0,0,0
47234,0,0,0
199031,0,0,0
19044,0,0,0
408173,0,0,0
256702,0,0,0
119445,0,0,0
257196,0,0,0
163754,0,0,0
293006,0,0,0
236926,0,0,0
136377,0,0,0
275714,0,0,0
125649,0,0,0
39983,0,0,0
51283,0,0,0
253387,0,0,0
301962,0,0,0
42743,0,0,0
338914,0,0,0
377630,0,0,0
410367,0,0,0
40186,0,0,0
93322,0,0,0
228320,0,0,0
99958,0,0,0
96277,0,0,0
401248,0,0,0
198866,0,0,0
297586,0,0,0
285860,0,0,0
288421,0,0,0
365038,0,0,0
47583,0,0,0
20375,0,0,0
313327,0,0,0
288426,0,0,0
303270,0,0,0
178435,0,0,0
175177,0,0,0
235459,0,0,0
302731,0,0,0
302228,0,0,0
106752,0,0,0
321638,0,0,0
341440,0,0,0
370906,0,0,0
265252,0,0,0
120461,0,0,0
271632,0,0,0
306014,0,0,0
369281,0,0,0
199419,0,0,0
283628,0,0,0
128654,0,0,0
266832,0,0,0
314500,0,0,0
33766,0,0,0
141927,0,0,0
334488,0,0,0
219946,0,0,0
214470,0,0,0
69330,0,0,0
389981,0,0,0
172045,0,0,0
112441,0,0,0
19732,0,0,0
156701,0,0,0
410185,0,0,0
392444,0,0,0
237524,0,0,0
50379,0,0,0
269757,0,0,0
210973,0,0,0
237395,0,0,0
233246,0,0,0
184459,0,0,0
148610,0,0,0
110747,0,0,0
63773,0,0,0
187190,0,0,0
407089,0,0,0
303667,0,0,0
72244,0,0,0
326576,0,0,0
410858,0,0,0
101010,0,0,0
199049,0,0,0
140042,0,0,0
16633,0,0,0
399173,0,0,0
126137,0,0,0
168305,0,0,0
12106,0,0,0
266767,0,0,0
276385,0,0,0
190004,0,0,0
409374,0,0,0
215008,0,0,0
15861,0,0,0
264799,0,0,0
4009,0,0,0
305002,0,0,0
184084,0,0,0
183656,0,0,0
403154,0,0,0
397255,0,0,0
93792,0,0,0
283762,0,0,0
332770,0,0,0
114805,0,0,0
17841,0,0,0
397291,0,0,0
63087,0,0,0
286169,0,0,0
77562,0,0,0
69997,0,0,0
147172,0,0,0
52805,0,0,0
349439,0,0,0
118391,0,0,0
401508,0,0,0
73162,0,0,0
103231,0,0,0
377429,0,0,0
145296,0,0,0
329956,0,0,0
263005,0,0,0
354507,0,0,0
315267,0,0,0
339914,0,0,0
343918,0,0,0
278758,0,0,0
354767,0,0,0
290231,0,0,0
325172,0,0,0
353166,0,0,0
405189,0,0,0
372084,0,0,0
120133,0,0,0
203924,0,0,0
194134,0,0,0
35158,0,0,0
229772,0,0,0
145778,0,0,0
72861,0,0,0
395401,0,0,0
386219,0,0,0
162076,0,0,0
240879,0,0,0
181073,0,0,0
226511,0,0,0
275716,0,0,0
99018,0,0,0
172171,0,0,0
230324,0,0,0
333066,0,0,0
4209,0,0,0
330700,0,0,0
336596,0,0,0
39323,0,0,0
407207,0,0,0
143931,0,0,0
312471,0,0,0
319170,0,0,0
190682,0,0,0
155077,0,0,0
109322,0,0,0
352182,0,0,0
43254,0,0,0
70167,0,0,0
136856,0,0,0
211156,0,0,0
176528,0,0,0
276719,0,0,0
116199,0,0,0
347769,0,0,0
188619,0,0,0
51635,0,0,0
101592,0,0,0
39994,0,0,0
106284,0,0,0
342287,0,0,0
276310,0,0,0
278657,0,0,0
314710,0,0,0
94022,0,0,0
274330,0,0,0
192731,0,0,0
298246,0,0,0
380672,0,0,0
278265,0,0,0
16437,0,0,0
115788,0,0,0
33687,0,0,0
165794,0,0,0
55646,0,0,0
317607,0,0,0
199597,0,0,0
378753,0,0,0
298954,0,0,0
354822,0,0,0
291354,0,0,0
100057,0,0,0
166008,0,0,0
223461,0,0,0
174133,0,0,0
410336,0,0,0
160003,0,0,0
313341,0,0,0
122517,0,0,0
97342,0,0,0
26947,0,0,0
105782,0,0,0
207822,0,0,0
357524,0,0,0
153502,0,0,0
165933,0,0,0
34013,0,0,0
30281,0,0,0
317940,0,0,0
184568,0,0,0
71236,0,0,0
264983,0,0,0
235484,0,0,0
287165,0,0,0
79001,0,0,0
147560,0,0,0
20170,0,0,0
7863,0,0,0
185613,0,0,0
65031,0,0,0
97713,0,0,0
125038,0,0,0
358313,0,0,0
402219,0,0,0
3860,0,0,0
374637,0,0,0
57577,0,0,0
390330,0,0,0
230153,0,0,0
239574,0,0,0
325973,0,0,0
231758,0,0,0
8018,0,0,0
43795,0,0,0
409118,0,0,0
214535,0,0,0
113249,0,0,0
116609,0,0,0
392552,0,0,0
139500,0,0,0
165276,0,0,0
34584,0,0,0
193267,0,0,0
196280,0,0,0
134128,0,0,0
377113,0,0,0
306090,0,0,0
403438,0,0,0
270676,0,0,0
312420,0,0,0
141858,0,0,0
29011,0,0,0
272874,0,0,0
211105,0,0,0
210203,0,0,0
356832,0,0,0
172481,0,0,0
202779,0,0,0
150096,0,0,0
236953,0,0,0
210334,0,0,0
90458,0,0,0
218584,0,0,0
17808,0,0,0
294739,0,0,0
344189,0,0,0
36855,0,0,0
407155,0,0,0
142384,0,0,0
232743,0,0,0
252358,0,0,0
142753,0,0,0
120731,0,0,0
67490,0,0,0
243504,0,0,0
105102,0,0,0
385919,0,0,0
377194,0,0,0
144778,0,0,0
180632,0,0,0
118599,0,0,0
289485,0,0,0
389374,0,0,0
279745,0,0,0
218721,0,0,0
286162,0,0,0
41077,0,0,0
51045,0,0,0
283673,0,0,0
296704,0,0,0
16960,0,0,0
410391,0,0,0
84503,0,0,0
235768,0,0,0
147010,0,0,0
378240,0,0,0
196606,0,0,0
338004,0,0,0
65916,0,0,0
135602,0,0,0
145958,0,0,0
6076,0,0,0
405536,0,0,0
69612,0,0,0
344907,0,0,0
182710,0,0,0
297126,0,0,0
176370,0,0,0
44540,0,0,0
388277,0,0,0
25815,0,0,0
379016,0,0,0
311233,0,0,0
309829,0,0,0
54956,0,0,0
44190,0,0,0
167938,0,0,0
170949,0,0,0
40263,0,0,0
108722,0,0,0
124088,0,0,0
360170,0,0,0
164103,0,0,0
113867,0,0,0
248728,0,0,0
1278,0,0,0
126678,0,0,0
123572,0,0,0
130733,0,0,0
373748,0,0,0
235380,0,0,0
41054,0,0,0
7811,0,0,0
350633,0,0,0
121237,0,0,0
275722,0,0,0
115840,0,0,0
274639,0,0,0
78096,0,0,0
22808,0,0,0
177402,0,0,0
242546,0,0,0
59681,0,0,0
261678,0,0,0
335738,0,0,0
265633,0,0,0
293027,0,0,0
278093,0,0,0
41637,0,0,0
49104,0,0,0
143592,0,0,0
269270,0,0,0
141152,0,0,0
102981,0,0,0
228149,0,0,0
57728,0,0,0
222196,0,0,0
305856,0,0,0
72673,0,0,0
408044,0,0,0
376095,0,0,0
151441,0,0,0
233298,0,0,0
30024,0,0,0
301664,0,0,0
147012,0,0,0
11053,0,0,0
221470,0,0,0
100320,0,0,0
145812,0,0,0
316625,0,0,0
137422,0,0,0
339622,0,0,0
276016,0,0,0
150169,0,0,0
96387,0,0,0
229479,0,0,0
199103,0,0,0
329110,0,0,0
277673,0,0,0
74217,0,0,0
39518,0,0,0
377304,0,0,0
73605,0,0,0
354241,0,0,0
122427,0,0,0
349528,0,0,0
299490,0,0,0
136032,0,0,0
265433,0,0,0
289556,0,0,0
254988,0,0,0
193039,0,0,0
188754,0,0,0
406335,0,0,0
129271,0,0,0
134257,0,0,0
58226,0,0,0
171161,0,0,0
151810,0,0,0
94751,0,0,0
169954,0,0,0
376120,0,0,0
126823,0,0,0
4377,0,0,0
372208,0,0,0
158947,0,0,0
39345,0,0,0
204637,0,0,0
399541,0,0,0
137280,0,0,0
326727,0,0,0
133268,0,0,0
15044,0,0,0
224948,0,0,0
90596,0,0,0
78577,0,0,0
172667,0,0,0
297935,0,0,0
274552,0,0,0
385733,0,0,0
299711,0,0,0
35177,0,0,0
83283,0,0,0
406846,0,0,0
379315,0,0,0
271405,0,0,0
223072,0,0,0
253654,0,0,0
45339,0,0,0
208168,0,0,0
226502,0,0,0
171059,0,0,0
24673,0,0,0
334916,0,0,0
293319,0,0,0
38770,0,0,0
39150,0,0,0
390997,0,0,0
238309,0,0,0
313498,0,0,0
83924,0,0,0
353994,0,0,0
240842,0,0,0
54345,0,0,0
410315,0,0,0
106971,0,0,0
309756,0,0,0
263240,0,0,0
217958,0,0,0
61426,0,0,0
159082,0,0,0
21663,0,0,0
3630,0,0,0
394047,0,0,0
306002,0,0,0
91097,0,0,0
200167,0,0,0
378461,0,0,0
406577,0,0,0
66526,0,0,0
164963,0,0,0
270698,0,0,0
270445,0,0,0
267390,0,0,0
167395,0,0,0
89737,0,0,0
234462,0,0,0
261181,0,0,0
67294,0,0,0
329626,0,0,0
156381,0,0,0
298095,0,0,0
355322,0,0,0
339680,0,0,0
200989,0,0,0
245246,0,0,0
116956,0,0,0
101468,0,0,0
29525,0,0,0
96470,0,0,0
190395,0,0,0
30886,0,0,0
288800,0,0,0
306471,0,0,0
60039,0,0,0
130585,0,0,0
299982,0,0,0
252976,0,0,0
38042,0,0,0
128352,0,0,0
206254,0,0,0
379607,0,0,0
173489,0,0,0
265399,0,0,0
204649,0,0,0
205326,0,0,0
331558,0,0,0
208909,0,0,0
337960,0,0,0
197790,0,0,0
232633,0,0,0
39538,0,0,0
35306,0,0,0
318806,0,0,0
86641,0,0,0
42322,0,0,0
311068,0,0,0
217508,0,0,0
49748,0,0,0
29362,0,0,0
319040,0,0,0
118413,0,0,0
398216,0,0,0
70851,0,0,0
94093,0,0,0
357135,0,0,0
153835,0,0,0
139247,0,0,0
127342,0,0,0
190618,0,0,0
47318,0,0,0
170314,0,0,0
239186,0,0,0
216906,0,0,0
243388,0,0,0
209237,0,0,0
392684,0,0,0
296582,0,0,0
355615,0,0,0
171940,0,0,0
189934,0,0,0
232262,0,0,0
72822,0,0,0
287409,0,0,0
87952,0,0,0
361092,0,0,0
79581,0,0,0
43935,0,0,0
46394,0,0,0
363532,0,0,0
74691,0,0,0
230846,0,0,0
315963,0,0,0
152137,0,0,0
95300,0,0,0
270395,0,0,0
76972,0,0,0
91368,0,0,0
55881,0,0,0
33519,0,0,0
97121,0,0,0
9554,0,0,0
204888,0,0,0
126182,0,0,0
8670,0,0,0
318104,0,0,0
252264,0,0,0
220245,0,0,0
385513,0,0,0
283954,0,0,0
391919,0,0,0
338514,0,0,0
312360,0,0,0
291451,0,0,0
253793,0,0,0
160852,0,0,0
383783,0,0,0
197056,0,0,0
190329,0,0,0
310615,0,0,0
253331,0,0,0
118928,0,0,0
382352,0,0,0
393027,0,0,0
114668,0,0,0
61543,0,0,0
157888,0,0,0
378795,0,0,0
283035,0,0,0
87608,0,0,0
287101,0,0,0
297125,0,0,0
148980,0,0,0
223732,0,0,0
287557,0,0,0
82125,0,0,0
135977,0,0,0
125306,0,0,0
250537,0,0,0
391130,0,0,0
290086,0,0,0
204759,0,0,0
407186,0,0,0
197706,0,0,0
338938,0,0,0
145374,0,0,0
163167,0,0,0
320480,0,0,0
301660,0,0,0
88597,0,0,0
362595,0,0,0
411411,0,0,0
15015,0,0,0
272339,0,0,0
402227,0,0,0
55573,0,0,0
294262,0,0,0
275847,0,0,0
333526,0,0,0
405006,0,0,0
214759,0,0,0
330844,0,0,0
32218,0,0,0
388888,0,0,0
76663,0,0,0
35509,0,0,0
2140,0,0,0
296915,0,0,0
314480,0,0,0
46036,0,0,0
134749,0,0,0
372268,0,0,0
307005,0,0,0
241084,0,0,0
39355,0,0,0
159117,0,0,0
12853,0,0,0
4410,0,0,0
373289,0,0,0
70269,0,0,0
183484,0,0,0
104834,0,0,0
184711,0,0,0
352052,0,0,0
40550,0,0,0
187660,0,0,0
235078,0,0,0
292387,0,0,0
397328,0,0,0
17089,0,0,0
62641,0,0,0
358132,0,0,0
326159,0,0,0
363673,0,0,0
33062,0,0,0
20140,0,0,0
328177,0,0,0
407382,0,0,0
410572,0,0,0
60884,0,0,0
288233,0,0,0
36318,0,0,0
347225,0,0,0
231138,0,0,0
47002,0,0,0
92361,0,0,0
210693,0,0,0
42206,0,0,0
81437,0,0,0
390675,0,0,0
400951,0,0,0
197560,0,0,0
73042,0,0,0
274038,0,0,0
404656,0,0,0
326962,0,0,0
220646,0,0,0
112309,0,0,0
129940,0,0,0
178571,0,0,0
92773,0,0,0
305930,0,0,0
379095,0,0,0
229063,0,0,0
89210,0,0,0
90965,0,0,0
63151,0,0,0
129042,0,0,0
1450,0,0,0
390660,0,0,0
332595,0,0,0
333053,0,0,0
396768,0,0,0
214304,0,0,0
190313,0,0,0
114313,0,0,0
127768,0,0,0
46623,0,0,0
149325,0,0,0
281080,0,0,0
200439,0,0,0
114968,0,0,0
97777,0,0,0
56615,0,0,0
202954,0,0,0
379648,0,0,0
131967,0,0,0
111685,0,0,0
110712,0,0,0
130297,0,0,0
182685,0,0,0
156918,0,0,0
134299,0,0,0
238278,0,0,0
106016,0,0,0
399667,0,0,0
332274,0,0,0
137319,0,0,0
306036,0,0,0
242673,0,0,0
25483,0,0,0
71830,0,0,0
91925,0,0,0
75540,0,0,0
201548,0,0,0
279346,0,0,0
36568,0,0,0
337312,0,0,0
292653,0,0,0
120612,0,0,0
73904,0,0,0
159287,0,0,0
52624,0,0,0
9546,0,0,0
62289,0,0,0
202106,0,0,0
404412,0,0,0
404046,0,0,0
343916,0,0,0
123029,0,0,0
40579,0,0,0
133548,0,0,0
87058,0,0,0
307993,0,0,0
382692,0,0,0
24380,0,0,0
187060,0,0,0
254096,0,0,0
64029,0,0,0
256929,0,0,0
402952,0,0,0
166424,0,0,0
66103,0,0,0
15224,0,0,0
328553,0,0,0
301132,0,0,0
405936,0,0,0
253084,0,0,0
196295,0,0,0
82883,0,0,0
104861,0,0,0
317763,0,0,0
104429,0,0,0
132852,0,0,0
32024,0,0,0
349154,0,0,0
350808,0,0,0
31613,0,0,0
278773,0,0,0
383999,0,0,0
54147,0,0,0
278119,0,0,0
240746,0,0,0
132757,0,0,0
135171,0,0,0
97783,0,0,0
33473,0,0,0
103348,0,0,0
117423,0,0,0
350936,0,0,0
267394,0,0,0
62139,0,0,0
181461,0,0,0
265183,0,0,0
117787,0,0,0
92064,0,0,0
14855,0,0,0
284051,0,0,0
58403,0,0,0
131445,0,0,0
15282,0,0,0
250897,0,0,0
162131,0,0,0
173591,0,0,0
143273,0,0,0
370357,0,0,0
197801,0,0,0
353188,0,0,0
318936,0,0,0
290837,0,0,0
268887,0,0,0
92134,0,0,0
58290,0,0,0
45034,0,0,0
23916,0,0,0
9861,0,0,0
401107,0,0,0
75790,0,0,0
385775,0,0,0
366438,0,0,0
241995,0,0,0
352219,0,0,0
793,0,0,0
94181,0,0,0
278685,0,0,0
92512,0,0,0
28321,0,0,0
209822,0,0,0
165580,0,0,0
148296,0,0,0
341889,0,0,0
23983,0,0,0
342193,0,0,0
271175,0,0,0
212004,0,0,0
263443,0,0,0
62213,0,0,0
160798,0,0,0
171861,0,0,0
55480,0,0,0
155055,0,0,0
175460,0,0,0
148395,0,0,0
262454,0,0,0
290583,0,0,0
89560,0,0,0
348104,0,0,0
49400,0,0,0
235960,0,0,0
77541,0,0,0
357774,0,0,0
272407,0,0,0
204650,0,0,0
171102,0,0,0
165841,0,0,0
314324,0,0,0
38880,0,0,0
50962,0,0,0
129816,0,0,0
334189,0,0,0
354332,0,0,0
99823,0,0,0
251342,0,0,0
135213,0,0,0
4252,0,0,0
382282,0,0,0
371830,0,0,0
15288,0,0,0
408060,0,0,0
104515,0,0,0
23681,0,0,0
396992,0,0,0
340662,0,0,0
174652,0,0,0
316844,0,0,0
384085,0,0,0
350632,0,0,0
286770,0,0,0
158137,0,0,0
131096,0,0,0
46470,0,0,0
139583,0,0,0
183354,0,0,0
20620,0,0,0
239962,0,0,0
271509,0,0,0
134732,0,0,0
251947,0,0,0
271515,0,0,0
377600,0,0,0
411147,0,0,0
36698,0,0,0
331835,0,0,0
165318,0,0,0
408759,0,0,0
311308,0,0,0
380439,0,0,0
86497,0,0,0
410643,0,0,0
308121,0,0,0
164663,0,0,0
324711,0,0,0
252774,0,0,0
1480,0,0,0
234798,0,0,0
274085,0,0,0
316866,0,0,0
390724,0,0,0
282178,0,0,0
46774,0,0,0
108878,0,0,0
409798,0,0,0
349867,0,0,0
44201,0,0,0
346880,0,0,0
101174,0,0,0
190072,0,0,0
236100,0,0,0
396855,0,0,0
234440,0,0,0
266037,0,0,0
171396,0,0,0
302786,0,0,0
72248,0,0,0
110363,0,0,0
31254,0,0,0
195712,0,0,0
407053,0,0,0
15793,0,0,0
135925,0,0,0
156150,0,0,0
320901,0,0,0
287081,0,0,0
263369,0,0,0
275568,0,0,0
330675,0,0,0
127792,0,0,0
178483,0,0,0
279376,0,0,0
101666,0,0,0
122494,0,0,0
21995,0,0,0
161184,0,0,0
6927,0,0,0
326191,0,0,0
160531,0,0,0
50085,0,0,0
240018,0,0,0
376197,0,0,0
402415,0,0,0
252457,0,0,0
38557,0,0,0
344525,0,0,0
399671,0,0,0
236350,0,0,0
166961,0,0,0
190748,0,0,0
369953,0,0,0
371380,0,0,0
68401,0,0,0
92954,0,0,0
294638,0,0,0
369181,0,0,0
409080,0,0,0
171676,0,0,0
134640,0,0,0
199416,0,0,0
149264,0,0,0
264445,0,0,0
407127,0,0,0
145413,0,0,0
5419,0,0,0
349907,0,0,0
365586,0,0,0
394475,0,0,0
100445,0,0,0
362822,0,0,0
33718,0,0,0
260584,0,0,0
404950,0,0,0
28828,0,0,0
123404,0,0,0
136183,0,0,0
270435,0,0,0
67496,0,0,0
277231,0,0,0
68546,0,0,0
87515,0,0,0
70617,0,0,0
369951,0,0,0
226844,0,0,0
226989,0,0,0
204794,0,0,0
330839,0,0,0
52244,0,0,0
134237,0,0,0
100648,0,0,0
237545,0,0,0
15130,0,0,0
292494,0,0,0
303877,0,0,0
197911,0,0,0
155910,0,0,0
274428,0,0,0
93687,0,0,0
225908,0,0,0
245874,0,0,0
4673,0,0,0
246857,0,0,0
296504,0,0,0
283953,0,0,0
356966,0,0,0
227568,0,0,0
338279,0,0,0
128844,0,0,0
19450,0,0,0
1595,0,0,0
357526,0,0,0
98236,0,0,0
144311,0,0,0
24828,0,0,0
142876,0,0,0
270411,0,0,0
392737,0,0,0
105195,0,0,0
409448,0,0,0
164295,0,0,0
225585,0,0,0
388101,0,0,0
117123,0,0,0
361334,0,0,0
202272,0,0,0
303597,0,0,0
327891,0,0,0
184249,0,0,0
34687,0,0,0
166272,0,0,0
116742,0,0,0
274927,0,0,0
2928,0,0,0
12737,0,0,0
162756,0,0,0
126577,0,0,0
335848,0,0,0
363694,0,0,0
365283,0,0,0
202382,0,0,0
285446,0,0,0
132160,0,0,0
356843,0,0,0
143411,0,0,0
157178,0,0,0
304462,0,0,0
343400,0,0,0
374638,0,0,0
110410,0,0,0
187004,0,0,0
149506,0,0,0
168284,0,0,0
21490,0,0,0
395772,0,0,0
364829,0,0,0
314198,0,0,0
194731,0,0,0
326781,0,0,0
170885,0,0,0
209626,0,0,0
379393,0,0,0
408501,0,0,0
254659,0,0,0
325499,0,0,0
383364,0,0,0
338534,0,0,0
58283,0,0,0
398044,0,0,0
31654,0,0,0
339034,0,0,0
273119,0,0,0
380246,0,0,0
204097,0,0,0
185380,0,0,0
108349,0,0,0
4457,0,0,0
171719,0,0,0
349506,0,0,0
374102,0,0,0
148664,0,0,0
155458,0,0,0
364934,0,0,0
324590,0,0,0
289382,0,0,0
138837,0,0,0
347444,0,0,0
122192,0,0,0
306131,0,0,0
92764,0,0,0
328087,0,0,0
262023,0,0,0
411352,0,0,0
342889,0,0,0
165528,0,0,0
155349,0,0,0
26559,0,0,0
332206,0,0,0
151202,0,0,0
7273,0,0,0
382810,0,0,0
355285,0,0,0
125379,0,0,0
190195,0,0,0
380039,0,0,0
66631,0,0,0
156688,0,0,0
60970,0,0,0
20365,0,0,0
20235,0,0,0
387358,0,0,0
280286,0,0,0
38984,0,0,0
362009,0,0,0
22426,0,0,0
264804,0,0,0
371781,0,0,0
320144,0,0,0
174391,0,0,0
297525,0,0,0
324897,0,0,0
409728,0,0,0
155094,0,0,0
163162,0,0,0
103276,0,0,0
134043,0,0,0
270660,0,0,0
224432,0,0,0
141073,0,0,0
330794,0,0,0
261999,0,0,0
353396,0,0,0
173828,0,0,0
312714,0,0,0
105681,0,0,0
335947,0,0,0
258174,0,0,0
342251,0,0,0
121135,0,0,0
96719,0,0,0
4579,0,0,0
29303,0,0,0
191567,0,0,0
62324,0,0,0
221335,0,0,0
332633,0,0,0
174135,0,0,0
47003,0,0,0
188049,0,0,0
12482,0,0,0
380937,0,0,0
257223,0,0,0
104855,0,0,0
287947,0,0,0
178977,0,0,0
51554,0,0,0
54436,0,0,0
187854,0,0,0
350549,0,0,0
132804,0,0,0
74647,0,0,0
147794,0,0,0
206748,0,0,0
60482,0,0,0
393810,0,0,0
247489,0,0,0
257080,0,0,0
254853,0,0,0
121590,0,0,0
21520,0,0,0
174095,0,0,0
374918,0,0,0
107789,0,0,0
93384,0,0,0
344681,0,0,0
65412,0,0,0
115463,0,0,0
265619,0,0,0
203296,0,0,0
381026,0,0,0
371443,0,0,0
131202,0,0,0
236364,0,0,0
394848,0,0,0
339283,0,0,0
74009,0,0,0
101693,0,0,0
51792,0,0,0
341614,0,0,0
380257,0,0,0
405575,0,0,0
278159,0,0,0
328479,0,0,0
399952,0,0,0
393879,0,0,0
309885,0,0,0
152549,0,0,0
116842,0,0,0
127147,0,0,0
198263,0,0,0
29225,0,0,0
312624,0,0,0
29945,0,0,0
29740,0,0,0
101956,0,0,0
88587,0,0,0
261961,0,0,0
393450,0,0,0
233699,0,0,0
409171,0,0,0
134127,0,0,0
10867,0,0,0
32166,0,0,0
365534,0,0,0
137373,0,0,0
367107,0,0,0
17838,0,0,0
115643,0,0,0
49892,0,0,0
250192,0,0,0
72737,0,0,0
394195,0,0,0
293241,0,0,0
111034,0,0,0
359122,0,0,0
325560,0,0,0
209653,0,0,0
290641,0,0,0
259821,0,0,0
113265,0,0,0
140055,0,0,0
90220,0,0,0
380203,0,0,0
195144,0,0,0
209154,0,0,0
5676,0,0,0
133231,0,0,0
273468,0,0,0
302329,0,0,0
218293,0,0,0
61349,0,0,0
276339,0,0,0
183392,0,0,0
357684,0,0,0
62593,0,0,0
376247,0,0,0
356021,0,0,0
399142,0,0,0
243594,0,0,0
251713,0,0,0
131724,0,0,0
298872,0,0,0
249675,0,0,0
61975,0,0,0
44387,0,0,0
260149,0,0,0
227637,0,0,0
380135,0,0,0
122097,0,0,0
318308,0,0,0
280877,0,0,0
393007,0,0,0
274878,0,0,0
200901,0,0,0
129084,0,0,0
9062,0,0,0
66830,0,0,0
296376,0,0,0
87706,0,0,0
368295,0,0,0
231323,0,0,0
226258,0,0,0
11802,0,0,0
266611,0,0,0
215079,0,0,0
269342,0,0,0
222821,0,0,0
301707,0,0,0
107431,0,0,0
196586,0,0,0
392331,0,0,0
285760,0,0,0
264598,0,0,0
290896,0,0,0
225361,0,0,0
43804,0,0,0
369288,0,0,0
397786,0,0,0
121213,0,0,0
35243,0,0,0
135663,0,0,0
387523,0,0,0
106633,0,0,0
83212,0,0,0
356084,0,0,0
327488,0,0,0
241043,0,0,0
93410,0,0,0
227051,0,0,0
73721,0,0,0
87502,0,0,0
35913,0,0,0
95434,0,0,0
114070,0,0,0
271762,0,0,0
239778,0,0,0
143726,0,0,0
238055,0,0,0
72302,0,0,0
349875,0,0,0
127835,0,0,0
191755,0,0,0
47888,0,0,0
108077,0,0,0
248423,0,0,0
386532,0,0,0
407427,0,0,0
23805,0,0,0
227202,0,0,0
281203,0,0,0
1179,0,0,0
85835,0,0,0
30358,0,0,0
299548,0,0,0
84392,0,0,0
263350,0,0,0
383743,0,0,0
234949,0,0,0
357949,0,0,0
361156,0,0,0
177961,0,0,0
119227,0,0,0
280650,0,0,0
255026,0,0,0
103987,0,0,0
407112,0,0,0
182800,0,0,0
14112,0,0,0
160745,0,0,0
88885,0,0,0
140811,0,0,0
311931,0,0,0
124789,0,0,0
17670,0,0,0
285460,0,0,0
344842,0,0,0
115027,0,0,0
332070,0,0,0
137594,0,0,0
405853,0,0,0
19076,0,0,0
330872,0,0,0
182917,0,0,0
67532,0,0,0
231069,0,0,0
260234,0,0,0
396108,0,0,0
211085,0,0,0
323714,0,0,0
409422,0,0,0
194808,0,0,0
101180,0,0,0
245856,0,0,0
177873,0,0,0
368323,0,0,0
387108,0,0,0
295941,0,0,0
219623,0,0,0
67296,0,0,0
341585,0,0,0
266825,0,0,0
154227,0,0,0
363726,0,0,0
304141,0,0,0
342154,0,0,0
387954,0,0,0
113062,0,0,0
238968,0,0,0
99324,0,0,0
57738,0,0,0
135545,0,0,0
190951,0,0,0
255671,0,0,0
16163,0,0,0
350009,0,0,0
316986,0,0,0
95175,0,0,0
299078,0,0,0
81172,0,0,0
375023,0,0,0
102453,0,0,0
354838,0,0,0
361477,0,0,0
387407,0,0,0
91132,0,0,0
42777,0,0,0
186731,0,0,0
182168,0,0,0
181571,0,0,0
119698,0,0,0
158415,0,0,0
286099,0,0,0
202824,0,0,0
280105,0,0,0
72529,0,0,0
324478,0,0,0
129233,0,0,0
54325,0,0,0
58143,0,0,0
229511,0,0,0
74754,0,0,0
239059,0,0,0
141993,0,0,0
346772,0,0,0
341390,0,0,0
241552,0,0,0
106007,0,0,0
143852,0,0,0
232454,0,0,0
120795,0,0,0
36063,0,0,0
50557,0,0,0
335092,0,0,0
389668,0,0,0
204298,0,0,0
111874,0,0,0
263644,0,0,0
108483,0,0,0
20584,0,0,0
290897,0,0,0
368465,0,0,0
328638,0,0,0
159293,0,0,0
19268,0,0,0
80680,0,0,0
199105,0,0,0
277239,0,0,0
128761,0,0,0
65176,0,0,0
336343,0,0,0
348290,0,0,0
48291,0,0,0
100985,0,0,0
39624,0,0,0
403666,0,0,0
42628,0,0,0
388058,0,0,0
359084,0,0,0
318487,0,0,0
36620,0,0,0
83137,0,0,0
178290,0,0,0
275971,0,0,0
156310,0,0,0
77326,0,0,0
38327,0,0,0
32407,0,0,0
127073,0,0,0
269544,0,0,0
105911,0,0,0
167792,0,0,0
89861,0,0,0
332075,0,0,0
38715,0,0,0
274146,0,0,0
3804,0,0,0
343011,0,0,0
7109,0,0,0
203338,0,0,0
211450,0,0,0
294744,0,0,0
137492,0,0,0
272072,0,0,0
162532,0,0,0
410011,0,0,0
319640,0,0,0
320320,0,0,0
380336,0,0,0
235181,0,0,0
11059,0,0,0
354326,0,0,0
252375,0,0,0
128132,0,0,0
285315,0,0,0
8826,0,0,0
269886,0,0,0
118710,0,0,0
50390,0,0,0
407706,0,0,0
69817,0,0,0
262927,0,0,0
66269,0,0,0
294701,0,0,0
390985,0,0,0
106927,0,0,0
381744,0,0,0
273931,0,0,0
353553,0,0,0
6690,0,0,0
31657,0,0,0
405107,0,0,0
401154,0,0,0
79814,0,0,0
303240,0,0,0
362351,0,0,0
150984,0,0,0
403567,0,0,0
359448,0,0,0
204014,0,0,0
25506,0,0,0
110447,0,0,0
264002,0,0,0
250979,0,0,0
62694,0,0,0
350150,0,0,0
164563,0,0,0
374528,0,0,0
283531,0,0,0
224151,0,0,0
98072,0,0,0
345874,0,0,0
407655,0,0,0
293198,0,0,0
305510,0,0,0
173206,0,0,0
124520,0,0,0
301613,0,0,0
6369,0,0,0
170780,0,0,0
224626,0,0,0
399522,0,0,0
275501,0,0,0
241243,0,0,0
216979,0,0,0
102676,0,0,0
395182,0,0,0
303401,0,0,0
357033,0,0,0
311200,0,0,0
354894,0,0,0
167548,0,0,0
111794,0,0,0
202580,0,0,0
60525,0,0,0
9619,0,0,0
117320,0,0,0
70646,0,0,0
174560,0,0,0
58629,0,0,0
72874,0,0,0
245088,0,0,0
161006,0,0,0
215250,0,0,0
69015,0,0,0
371506,0,0,0
40614,0,0,0
195915,0,0,0
407660,0,0,0
143418,0,0,0
40828,0,0,0
365009,0,0,0
191888,0,0,0
330966,0,0,0
295199,0,0,0
161308,0,0,0
17281,0,0,0
184673,0,0,0
333817,0,0,0
328712,0,0,0
397863,0,0,0
243489,0,0,0
113339,0,0,0
104622,0,0,0
310956,0,0,0
6195,0,0,0
353408,0,0,0
411058,0,0,0
200966,0,0,0
26455,0,0,0
176188,0,0,0
207100,0,0,0
46950,0,0,0
360639,0,0,0
48411,0,0,0
135930,0,0,0
283500,0,0,0
342356,0,0,0
391432,0,0,0
404898,0,0,0
346602,0,0,0
163637,0,0,0
408557,0,0,0
236334,0,0,0
405190,0,0,0
114950,0,0,0
282776,0,0,0
211910,0,0,0
221743,0,0,0
383907,0,0,0
161898,0,0,0
116083,0,0,0
161049,0,0,0
16598,0,0,0
242520,0,0,0
147994,0,0,0
331869,0,0,0
154087,0,0,0
187595,0,0,0
59819,0,0,0
93690,0,0,0
309941,0,0,0
72413,0,0,0
409022,0,0,0
257539,0,0,0
295697,0,0,0
165758,0,0,0
317870,0,0,0
393384,0,0,0
243770,0,0,0
34282,0,0,0
286303,0,0,0
212686,0,0,0
352482,0,0,0
255380,0,0,0
320272,0,0,0
4137,0,0,0
215129,0,0,0
20194,0,0,0
239669,0,0,0
285197,0,0,0
233618,0,0,0
308935,0,0,0
22690,0,0,0
94783,0,0,0
218232,0,0,0
352406,0,0,0
226006,0,0,0
3950,0,0,0
399001,0,0,0
260614,0,0,0
128760,0,0,0
141297,0,0,0
299518,0,0,0
371562,0,0,0
121581,0,0,0
329143,0,0,0
364745,0,0,0
85188,0,0,0
36248,0,0,0
185630,0,0,0
98204,0,0,0
183678,0,0,0
216964,0,0,0
196533,0,0,0
184973,0,0,0
379578,0,0,0
284814,0,0,0
342414,0,0,0
42019,0,0,0
69977,0,0,0
346069,0,0,0
331758,0,0,0
139843,0,0,0
18802,0,0,0
408711,0,0,0
4214,0,0,0
59349,0,0,0
381162,0,0,0
432,0,0,0
262244,0,0,0
145426,0,0,0
205050,0,0,0
283097,0,0,0
54495,0,0,0
407893,0,0,0
121613,0,0,0
360142,0,0,0
207051,0,0,0
384940,0,0,0
353958,0,0,0
222462,0,0,0
57043,0,0,0
318177,0,0,0
116389,0,0,0
24900,0,0,0
214048,0,0,0
202749,0,0,0
138986,0,0,0
267178,0,0,0
184269,0,0,0
360964,0,0,0
239772,0,0,0
161951,0,0,0
39782,0,0,0
165398,0,0,0
221325,0,0,0
150950,0,0,0
387987,0,0,0
187590,0,0,0
48777,0,0,0
362598,0,0,0
14623,0,0,0
182448,0,0,0
223109,0,0,0
312567,0,0,0
155705,0,0,0
42210,0,0,0
130121,0,0,0
258137,0,0,0
127279,0,0,0
25503,0,0,0
204968,0,0,0
391878,0,0,0
2830,0,0,0
379645,0,0,0
184240,0,0,0
114530,0,0,0
234079,0,0,0
258506,0,0,0
180224,0,0,0
196109,0,0,0
315700,0,0,0
374132,0,0,0
226223,0,0,0
342227,0,0,0
87595,0,0,0
222186,0,0,0
112991,0,0,0
335169,0,0,0
92629,0,0,0
321100,0,0,0
204742,0,0,0
216833,0,0,0
294462,0,0,0
249479,0,0,0
45639,0,0,0
387183,0,0,0
181305,0,0,0
281170,0,0,0
9394,0,0,0
327451,0,0,0
118075,0,0,0
105806,0,0,0
50191,0,0,0
48158,0,0,0
263204,0,0,0
357060,0,0,0
318556,0,0,0
158681,0,0,0
352696,0,0,0
266670,0,0,0
324066,0,0,0
399019,0,0,0
195107,0,0,0
355350,0,0,0
70557,0,0,0
308172,0,0,0
78946,0,0,0
409039,0,0,0
36050,0,0,0
55437,0,0,0
139239,0,0,0
105543,0,0,0
196436,0,0,0
64053,0,0,0
327453,0,0,0
268297,0,0,0
171654,0,0,0
203535,0,0,0
86848,0,0,0
377724,0,0,0
38424,0,0,0
194924,0,0,0
348730,0,0,0
253757,0,0,0
189372,0,0,0
33048,0,0,0
215887,0,0,0
281289,0,0,0
361535,0,0,0
342957,0,0,0
214104,0,0,0
61749,0,0,0
127472,0,0,0
60727,0,0,0
34592,0,0,0
236363,0,0,0
261447,0,0,0
123001,0,0,0
196856,0,0,0
207108,0,0,0
35113,0,0,0
281050,0,0,0
271416,0,0,0
36205,0,0,0
324680,0,0,0
27910,0,0,0
346300,0,0,0
92690,0,0,0
33440,0,0,0
33476,0,0,0
17289,0,0,0
147881,0,0,0
366585,0,0,0
21422,0,0,0
367492,0,0,0
301331,0,0,0
169296,0,0,0
266563,0,0,0
217653,0,0,0
169908,0,0,0
243566,0,0,0
311838,0,0,0
336923,0,0,0
168215,0,0,0
93789,0,0,0
114243,0,0,0
268058,0,0,0
2178,0,0,0
43578,0,0,0
239231,0,0,0
298634,0,0,0
292889,0,0,0
148013,0,0,0
68379,0,0,0
179366,0,0,0
27624,0,0,0
262426,0,0,0
13602,0,0,0
35278,0,0,0
383191,0,0,0
116098,0,0,0
198313,0,0,0
162623,0,0,0
182035,0,0,0
373632,0,0,0
361118,0,0,0
328667,0,0,0
271614,0,0,0
229983,0,0,0
400901,0,0,0
212842,0,0,0
16684,0,0,0
91617,0,0,0
384333,0,0,0
326656,0,0,0
62453,0,0,0
223172,0,0,0
63115,0,0,0
101470,0,0,0
305058,0,0,0
241676,0,0,0
173227,0,0,0
327844,0,0,0
151083,0,0,0
395573,0,0,0
316606,0,0,0
294614,0,0,0
402594,0,0,0
370101,0,0,0
269045,0,0,0
397952,0,0,0
334247,0,0,0
409846,0,0,0
269447,0,0,0
102112,0,0,0
45753,0,0,0
55401,0,0,0
162969,0,0,0
295226,0,0,0
199061,0,0,0
175700,0,0,0
411154,0,0,0
100231,0,0,0
263882,0,0,0
1678,0,0,0
106528,0,0,0
411244,0,0,0
290984,0,0,0
318388,0,0,0
249339,0,0,0
302275,0,0,0
201441,0,0,0
113530,0,0,0
354656,0,0,0
143589,0,0,0
363976,0,0,0
224526,0,0,0
218935,0,0,0
299856,0,0,0
112116,0,0,0
385369,0,0,0
220496,0,0,0
281044,0,0,0
198669,0,0,0
189074,0,0,0
303600,0,0,0
190348,0,0,0
2003,0,0,0
204374,0,0,0
240281,0,0,0
397785,0,0,0
404096,0,0,0
328403,0,0,0
391637,0,0,0
342376,0,0,0
267907,0,0,0
9541,0,0,0
336521,0,0,0
133754,0,0,0
199716,0,0,0
172624,0,0,0
174610,0,0,0
215517,0,0,0
351197,0,0,0
110532,0,0,0
134046,0,0,0
187327,0,0,0
279416,0,0,0
275133,0,0,0
102699,0,0,0
240046,0,0,0
62753,0,0,0
42511,0,0,0
237081,0,0,0
234048,0,0,0
225962,0,0,0
309821,0,0,0
57610,0,0,0
246565,0,0,0
327899,0,0,0
255770,0,0,0
362621,0,0,0
403706,0,0,0
70479,0,0,0
81653,0,0,0
87658,0,0,0
125431,0,0,0
317758,0,0,0
335410,0,0,0
289727,0,0,0
225398,0,0,0
228096,0,0,0
53661,0,0,0
214250,0,0,0
151129,0,0,0
77256,0,0,0
21356,0,0,0
342811,0,0,0
300108,0,0,0
257116,0,0,0
368831,0,0,0
312304,0,0,0
357839,0,0,0
211202,0,0,0
257001,0,0,0
264368,0,0,0
142844,0,0,0
230644,0,0,0
315870,0,0,0
263823,0,0,0
344836,0,0,0
139670,0,0,0
139295,0,0,0
157538,0,0,0
332552,0,0,0
158259,0,0,0
286573,0,0,0
6094,0,0,0
325131,0,0,0
47367,0,0,0
390932,0,0,0
302898,0,0,0
10495,0,0,0
352730,0,0,0
241112,0,0,0
120458,0,0,0
200920,0,0,0
345232,0,0,0
392530,0,0,0
56739,0,0,0
391345,0,0,0
22994,0,0,0
241197,0,0,0
210005,0,0,0
361438,0,0,0
290881,0,0,0
43495,0,0,0
375644,0,0,0
35142,0,0,0
266882,0,0,0
148714,0,0,0
87699,0,0,0
226426,0,0,0
9490,0,0,0
382288,0,0,0
146772,0,0,0
150073,0,0,0
302524,0,0,0
309541,0,0,0
211454,0,0,0
93318,0,0,0
210446,0,0,0
124514,0,0,0
316958,0,0,0
276284,0,0,0
32021,0,0,0
361929,0,0,0
54059,0,0,0
175421,0,0,0
323987,0,0,0
46969,0,0,0
400569,0,0,0
49636,0,0,0
408008,0,0,0
104974,0,0,0
396078,0,0,0
209158,0,0,0
399015,0,0,0
297118,0,0,0
173502,0,0,0
156959,0,0,0
161632,0,0,0
349179,0,0,0
292341,0,0,0
126212,0,0,0
299061,0,0,0
320715,0,0,0
334779,0,0,0
106816,0,0,0
82801,0,0,0
381904,0,0,0
303068,0,0,0
109992,0,0,0
234382,0,0,0
340474,0,0,0
353231,0,0,0
407017,0,0,0
246504,0,0,0
51482,0,0,0
289968,0,0,0
23670,0,0,0
112355,0,0,0
46912,0,0,0
218947,0,0,0
109534,0,0,0
351264,0,0,0
117036,0,0,0
178295,0,0,0
209650,0,0,0
326115,0,0,0
109634,0,0,0
341277,0,0,0
96494,0,0,0
323308,0,0,0
80086,0,0,0
327279,0,0,0
82673,0,0,0
6565,0,0,0
321939,0,0,0
344638,0,0,0
309532,0,0,0
330915,0,0,0
324868,0,0,0
116819,0,0,0
4151,0,0,0
61902,0,0,0
241924,0,0,0
230278,0,0,0
47730,0,0,0
373647,0,0,0
213909,0,0,0
153673,0,0,0
103354,0,0,0
118345,0,0,0
185492,0,0,0
280094,0,0,0
141663,0,0,0
276678,0,0,0
321942,0,0,0
220085,0,0,0
1042,0,0,0
270976,0,0,0
115554,0,0,0
131636,0,0,0
45484,0,0,0
204771,0,0,0
163329,0,0,0
256648,0,0,0
390462,0,0,0
41842,0,0,0
112546,0,0,0
406249,0,0,0
398853,0,0,0
408534,0,0,0
5617,0,0,0
218346,0,0,0
129013,0,0,0
303036,0,0,0
66168,0,0,0
260246,0,0,0
236287,0,0,0
379290,0,0,0
392686,0,0,0
320827,0,0,0
118684,0,0,0
193151,0,0,0
40968,0,0,0
333671,0,0,0
408051,0,0,0
254461,0,0,0
257413,0,0,0
396265,0,0,0
211825,0,0,0
338996,0,0,0
17285,0,0,0
187232,0,0,0
119944,0,0,0
283434,0,0,0
314278,0,0,0
88049,0,0,0
385460,0,0,0
85119,0,0,0
152257,0,0,0
143249,0,0,0
54950,0,0,0
215336,0,0,0
331976,0,0,0
87898,0,0,0
371574,0,0,0
400362,0,0,0
351754,0,0,0
263333,0,0,0
243846,0,0,0
218184,0,0,0
211545,0,0,0
347681,0,0,0
19057,0,0,0
280396,0,0,0
42922,0,0,0
267683,0,0,0
289216,0,0,0
94211,0,0,0
197166,0,0,0
374950,0,0,0
54183,0,0,0
279591,0,0,0
137957,0,0,0
382045,0,0,0
101063,0,0,0
109645,0,0,0
381350,0,0,0
246552,0,0,0
365761,0,0,0
290978,0,0,0
182482,0,0,0
190472,0,0,0
318761,0,0,0
158642,0,0,0
29513,0,0,0
57579,0,0,0
25130,0,0,0
173822,0,0,0
207028,0,0,0
108253,0,0,0
11398,0,0,0
333988,0,0,0
405350,0,0,0
325066,0,0,0
165181,0,0,0
15115,0,0,0
52379,0,0,0
544,0,0,0
290282,0,0,0
155785,0,0,0
214226,0,0,0
84815,0,0,0
254910,0,0,0
213803,0,0,0
99801,0,0,0
74272,0,0,0
93580,0,0,0
48243,0,0,0
17523,0,0,0
411051,0,0,0
227993,0,0,0
354137,0,0,0
283910,0,0,0
26418,0,0,0
246343,0,0,0
46191,0,0,0
230028,0,0,0
109057,0,0,0
354793,0,0,0
268516,0,0,0
46979,0,0,0
269457,0,0,0
347232,0,0,0
336384,0,0,0
206106,0,0,0
140849,0,0,0
57091,0,0,0
119067,0,0,0
35371,0,0,0
136483,0,0,0
128625,0,0,0
385889,0,0,0
36343,0,0,0
333540,0,0,0
250450,0,0,0
380015,0,0,0
352368,0,0,0
187139,0,0,0
344392,0,0,0
102701,0,0,0
301976,0,0,0
409860,0,0,0
277831,0,0,0
18696,0,0,0
202642,0,0,0
331514,0,0,0
49567,0,0,0
351879,0,0,0
149880,0,0,0
113023,0,0,0
392446,0,0,0
373160,0,0,0
189628,0,0,0
176141,0,0,0
26173,0,0,0
129205,0,0,0
360743,0,0,0
6572,0,0,0
215494,0,0,0
168145,0,0,0
94165,0,0,0
163220,0,0,0
78626,0,0,0
99840,0,0,0
330919,0,0,0
168487,0,0,0
243775,0,0,0
44043,0,0,0
342382,0,0,0
393717,0,0,0
379407,0,0,0
407985,0,0,0
207083,0,0,0
399643,0,0,0
88001,0,0,0
357872,0,0,0
139526,0,0,0
226918,0,0,0
391789,0,0,0
88602,0,0,0
73842,0,0,0
104477,0,0,0
262423,0,0,0
223296,0,0,0
65136,0,0,0
207423,0,0,0
191767,0,0,0
29715,0,0,0
196152,0,0,0
71882,0,0,0
356113,0,0,0
135180,0,0,0
232297,0,0,0
302553,0,0,0
732,0,0,0
391980,0,0,0
184791,0,0,0
83784,0,0,0
319515,0,0,0
242685,0,0,0
63986,0,0,0
70568,0,0,0
174680,0,0,0
262727,0,0,0
19885,0,0,0
379043,0,0,0
224040,0,0,0
196013,0,0,0
325599,0,0,0
11439,0,0,0
148713,0,0,0
59810,0,0,0
423,0,0,0
177808,0,0,0
4829,0,0,0
60834,0,0,0
81571,0,0,0
299093,0,0,0
384191,0,0,0
232472,0,0,0
297996,0,0,0
1742,0,0,0
255007,0,0,0
171270,0,0,0
384797,0,0,0
378589,0,0,0
76374,0,0,0
391549,0,0,0
337875,0,0,0
81249,0,0,0
185783,0,0,0
154128,0,0,0
115547,0,0,0
404443,0,0,0
49732,0,0,0
384479,0,0,0
96460,0,0,0
22619,0,0,0
214183,0,0,0
189375,0,0,0
116269,0,0,0
5426,0,0,0
87025,0,0,0
233904,0,0,0
271363,0,0,0
374502,0,0,0
61676,0,0,0
337810,0,0,0
268931,0,0,0
197200,0,0,0
360807,0,0,0
228162,0,0,0
304971,0,0,0
8088,0,0,0
336123,0,0,0
81626,0,0,0
281470,0,0,0
114384,0,0,0
350927,0,0,0
252703,0,0,0
259720,0,0,0
219146,0,0,0
63431,0,0,0
210163,0,0,0
226658,0,0,0
237909,0,0,0
60944,0,0,0
9991,0,0,0
280158,0,0,0
392720,0,0,0
383014,0,0,0
182819,0,0,0
396296,0,0,0
211944,0,0,0
22633,0,0,0
14467,0,0,0
334711,0,0,0
407761,0,0,0
311675,0,0,0
44025,0,0,0
148720,0,0,0
227658,0,0,0
191298,0,0,0
18294,0,0,0
388048,0,0,0
41473,0,0,0
2660,0,0,0
181017,0,0,0
270918,0,0,0
201165,0,0,0
125475,0,0,0
165733,0,0,0
295596,0,0,0
312712,0,0,0
91187,0,0,0
358702,0,0,0
323383,0,0,0
172755,0,0,0
17339,0,0,0
184315,0,0,0
224623,0,0,0
287498,0,0,0
283983,0,0,0
317268,0,0,0
265550,0,0,0
8687,0,0,0
390375,0,0,0
118979,0,0,0
95362,0,0,0
296442,0,0,0
11914,0,0,0
106457,0,0,0
344987,0,0,0
267014,0,0,0
286791,0,0,0
228492,0,0,0
16328,0,0,0
44862,0,0,0
348621,0,0,0
357503,0,0,0
316003,0,0,0
230286,0,0,0
70330,0,0,0
3100,0,0,0
270240,0,0,0
119212,0,0,0
96830,0,0,0
12264,0,0,0
164457,0,0,0
347978,0,0,0
333177,0,0,0
252208,0,0,0
297866,0,0,0
404419,0,0,0
29546,0,0,0
342091,0,0,0
214063,0,0,0
399463,0,0,0
196967,0,0,0
270126,0,0,0
143914,0,0,0
192744,0,0,0
406484,0,0,0
195765,0,0,0
258999,0,0,0
188963,0,0,0
244737,0,0,0
134750,0,0,0
295906,0,0,0
298894,0,0,0
133618,0,0,0
341442,0,0,0
251799,0,0,0
293327,0,0,0
7369,0,0,0
140023,0,0,0
409522,0,0,0
216802,0,0,0
106748,0,0,0
281051,0,0,0
254746,0,0,0
52836,0,0,0
336373,0,0,0
153660,0,0,0
127638,0,0,0
242177,0,0,0
82976,0,0,0
277410,0,0,0
318491,0,0,0
286541,0,0,0
334742,0,0,0
114273,0,0,0
371644,0,0,0
368459,0,0,0
27032,0,0,0
327187,0,0,0
150616,0,0,0
303135,0,0,0
262161,0,0,0
335928,0,0,0
371012,0,0,0
304265,0,0,0
114179,0,0,0
347364,0,0,0
195436,0,0,0
125534,0,0,0
379954,0,0,0
9088,0,0,0
46139,0,0,0
97279,0,0,0
172414,0,0,0
86768,0,0,0
236487,0,0,0
169146,0,0,0
205408,0,0,0
50274,0,0,0
380765,0,0,0
127802,0,0,0
145522,0,0,0
289342,0,0,0
55668,0,0,0
282907,0,0,0
344233,0,0,0
28114,0,0,0
210652,0,0,0
44610,0,0,0
168958,0,0,0
367103,0,0,0
263444,0,0,0
115191,0,0,0
108944,0,0,0
156008,0,0,0
393269,0,0,0
178796,0,0,0
406653,0,0,0
258706,0,0,0
296844,0,0,0
252128,0,0,0
185729,0,0,0
242382,0,0,0
84848,0,0,0
28024,0,0,0
12648,0,0,0
211690,0,0,0
44283,0,0,0
74600,0,0,0
38434,0,0,0
378162,0,0,0
391546,0,0,0
186846,0,0,0
283452,0,0,0
275959,0,0,0
349849,0,0,0
227275,0,0,0
177948,0,0,0
358657,0,0,0
286629,0,0,0
143376,0,0,0
350523,0,0,0
169729,0,0,0
243555,0,0,0
107104,0,0,0
271975,0,0,0
308587,0,0,0
123380,0,0,0
301393,0,0,0
361385,0,0,0
328567,0,0,0
256486,0,0,0
243366,0,0,0
60724,0,0,0
11457,0,0,0
275139,0,0,0
55525,0,0,0
248875,0,0,0
88462,0,0,0
218532,0,0,0
329483,0,0,0
128686,0,0,0
222656,0,0,0
233579,0,0,0
322633,0,0,0
6257,0,0,0
74581,0,0,0
261747,0,0,0
93184,0,0,0
281074,0,0,0
73827,0,0,0
113354,0,0,0
29300,0,0,0
186521,0,0,0
251467,0,0,0
334914,0,0,0
261002,0,0,0
269781,0,0,0
37123,0,0,0
39254,0,0,0
127796,0,0,0
262215,0,0,0
207324,0,0,0
214468,0,0,0
68853,0,0,0
318626,0,0,0
397507,0,0,0
91788,0,0,0
52295,0,0,0
140978,0,0,0
246888,0,0,0
203502,0,0,0
53440,0,0,0
80223,0,0,0
55114,0,0,0
313034,0,0,0
34390,0,0,0
124276,0,0,0
163941,0,0,0
13892,0,0,0
49172,0,0,0
354869,0,0,0
294918,0,0,0
355718,0,0,0
227920,0,0,0
77408,0,0,0
216479,0,0,0
374166,0,0,0
294472,0,0,0
307839,0,0,0
372519,0,0,0
290561,0,0,0
324287,0,0,0
83744,0,0,0
175439,0,0,0
137351,0,0,0
47201,0,0,0
409065,0,0,0
201509,0,0,0
162719,0,0,0
8042,0,0,0
172338,0,0,0
2896,0,0,0
226571,0,0,0
220026,0,0,0
201937,0,0,0
115208,0,0,0
211351,0,0,0
154523,0,0,0
132000,0,0,0
316895,0,0,0
255407,0,0,0
308576,0,0,0
273201,0,0,0
104740,0,0,0
304206,0,0,0
184695,0,0,0
312658,0,0,0
208516,0,0,0
45801,0,0,0
174333,0,0,0
165555,0,0,0
390516,0,0,0
244549,0,0,0
39798,0,0,0
356093,0,0,0
155183,0,0,0
126061,0,0,0
86025,0,0,0
209265,0,0,0
370913,0,0,0
113293,0,0,0
14590,0,0,0
148311,0,0,0
398523,0,0,0
402425,0,0,0
37112,0,0,0
56409,0,0,0
183470,0,0,0
156820,0,0,0
60675,0,0,0
408591,0,0,0
378715,0,0,0
228783,0,0,0
400653,0,0,0
13578,0,0,0
125213,0,0,0
40001,0,0,0
129977,0,0,0
296730,0,0,0
127357,0,0,0
46930,0,0,0
410579,0,0,0
197411,0,0,0
292353,0,0,0
67522,0,0,0
359757,0,0,0
202447,0,0,0
108607,0,0,0
106027,0,0,0
156064,0,0,0
234336,0,0,0
12026,0,0,0
89337,0,0,0
38583,0,0,0
37262,0,0,0
377847,0,0,0
251435,0,0,0
356115,0,0,0
327278,0,0,0
123220,0,0,0
198444,0,0,0
230200,0,0,0
209019,0,0,0
374342,0,0,0
239697,0,0,0
239683,0,0,0
333571,0,0,0
205791,0,0,0
136030,0,0,0
103921,0,0,0
342341,0,0,0
141246,0,0,0
106275,0,0,0
183606,0,0,0
197167,0,0,0
291940,0,0,0
257255,0,0,0
84160,0,0,0
79799,0,0,0
217339,0,0,0
267243,0,0,0
230008,0,0,0
279280,0,0,0
407006,0,0,0
217189,0,0,0
197237,0,0,0
372782,0,0,0
224135,0,0,0
101733,0,0,0
309422,0,0,0
273247,0,0,0
146376,0,0,0
74800,0,0,0
406733,0,0,0
57901,0,0,0
122702,0,0,0
79391,0,0,0
125107,0,0,0
391580,0,0,0
126231,0,0,0
140867,0,0,0
226214,0,0,0
299280,0,0,0
215693,0,0,0
383239,0,0,0
146776,0,0,0
325774,0,0,0
373870,0,0,0
321953,0,0,0
261801,0,0,0
392947,0,0,0
302036,0,0,0
51621,0,0,0
204880,0,0,0
384767,0,0,0
317626,0,0,0
52800,0,0,0
91662,0,0,0
70067,0,0,0
92517,0,0,0
355906,0,0,0
312972,0,0,0
88947,0,0,0
309738,0,0,0
141970,0,0,0
230921,0,0,0
85069,0,0,0
283362,0,0,0
207116,0,0,0
386292,0,0,0
365032,0,0,0
107987,0,0,0
250383,0,0,0
76186,0,0,0
35659,0,0,0
154563,0,0,0
114265,0,0,0
362352,0,0,0
107094,0,0,0
201136,0,0,0
121329,0,0,0
380209,0,0,0
309720,0,0,0
100393,0,0,0
8395,0,0,0
331385,0,0,0
135088,0,0,0
404797,0,0,0
218654,0,0,0
80611,0,0,0
209546,0,0,0
397498,0,0,0
135490,0,0,0
384289,0,0,0
30360,0,0,0
255663,0,0,0
257740,0,0,0
56338,0,0,0
289581,0,0,0
2394,0,0,0
395110,0,0,0
346678,0,0,0
2380,0,0,0
298916,0,0,0
318317,0,0,0
42446,0,0,0
196260,0,0,0
173204,0,0,0
66934,0,0,0
162761,0,0,0
343395,0,0,0
202213,0,0,0
36254,0,0,0
225935,0,0,0
348907,0,0,0
196973,0,0,0
357904,0,0,0
153499,0,0,0
41461,0,0,0
239130,0,0,0
171295,0,0,0
9260,0,0,0
33784,0,0,0
316587,0,0,0
91598,0,0,0
2044,0,0,0
373605,0,0,0
277094,0,0,0
306185,0,0,0
99784,0,0,0
232375,0,0,0
33244,0,0,0
164756,0,0,0
88978,0,0,0
7370,0,0,0
398722,0,0,0
91308,0,0,0
351497,0,0,0
248326,0,0,0
185379,0,0,0
107898,0,0,0
33670,0,0,0
358348,0,0,0
379993,0,0,0
93748,0,0,0
148117,0,0,0
375089,0,0,0
167287,0,0,0
50040,0,0,0
133698,0,0,0
291351,0,0,0
190487,0,0,0
77329,0,0,0
204036,0,0,0
255739,0,0,0
363478,0,0,0
252769,0,0,0
65483,0,0,0
6948,0,0,0
28740,0,0,0
320601,0,0,0
55261,0,0,0
134408,0,0,0
253985,0,0,0
205320,0,0,0
316050,0,0,0
82430,0,0,0
142602,0,0,0
103958,0,0,0
227684,0,0,0
168027,0,0,0
278585,0,0,0
177495,0,0,0
239675,0,0,0
254473,0,0,0
47400,0,0,0
194153,0,0,0
122997,0,0,0
401301,0,0,0
256506,0,0,0
170344,0,0,0
313109,0,0,0
295277,0,0,0
24343,0,0,0
267634,0,0,0
310997,0,0,0
226038,0,0,0
228963,0,0,0
216024,0,0,0
317793,0,0,0
380622,0,0,0
261968,0,0,0
247298,0,0,0
277593,0,0,0
405191,0,0,0
262316,0,0,0
117013,0,0,0
228996,0,0,0
74890,0,0,0
196855,0,0,0
245003,0,0,0
47800,0,0,0
109805,0,0,0
370517,0,0,0
164127,0,0,0
309760,0,0,0
227018,0,0,0
144947,0,0,0
368122,0,0,0
77709,0,0,0
145552,0,0,0
85281,0,0,0
341467,0,0,0
202947,0,0,0
116535,0,0,0
58707,0,0,0
359095,0,0,0
178230,0,0,0
190920,0,0,0
141671,0,0,0
247837,0,0,0
348453,0,0,0
170064,0,0,0
399845,0,0,0
78300,0,0,0
70754,0,0,0
30176,0,0,0
147438,0,0,0
129996,0,0,0
40587,0,0,0
13345,0,0,0
384616,0,0,0
190381,0,0,0
322842,0,0,0
163611,0,0,0
1536,0,0,0
27372,0,0,0
373597,0,0,0
329924,0,0,0
94845,0,0,0
22979,0,0,0
300360,0,0,0
170835,0,0,0
69618,0,0,0
151125,0,0,0
878,0,0,0
143092,0,0,0
253302,0,0,0
259713,0,0,0
401544,0,0,0
243565,0,0,0
122035,0,0,0
273382,0,0,0
46256,0,0,0
94348,0,0,0
284562,0,0,0
319285,0,0,0
227091,0,0,0
52702,0,0,0
147289,0,0,0
175258,0,0,0
295953,0,0,0
93046,0,0,0
46077,0,0,0
181591,0,0,0
325910,0,0,0
337055,0,0,0
360726,0,0,0
132570,0,0,0
185050,0,0,0
218961,0,0,0
46387,0,0,0
88561,0,0,0
86738,0,0,0
106597,0,0,0
389782,0,0,0
383961,0,0,0
115614,0,0,0
387076,0,0,0
80919,0,0,0
73269,0,0,0
349093,0,0,0
3282,0,0,0
18516,0,0,0
344072,0,0,0
85055,0,0,0
95395,0,0,0
367297,0,0,0
350651,0,0,0
375523,0,0,0
187668,0,0,0
130149,0,0,0
95642,0,0,0
139364,0,0,0
350389,0,0,0
147973,0,0,0
378503,0,0,0
214295,0,0,0
153414,0,0,0
70806,0,0,0
112718,0,0,0
313129,0,0,0
57301,0,0,0
117006,0,0,0
164435,0,0,0
253342,0,0,0
10948,0,0,0
185409,0,0,0
330344,0,0,0
37154,0,0,0
100182,0,0,0
245897,0,0,0
5379,0,0,0
265286,0,0,0
251597,0,0,0
190415,0,0,0
8677,0,0,0
388889,0,0,0
234709,0,0,0
121800,0,0,0
182147,0,0,0
72392,0,0,0
172402,0,0,0
314451,0,0,0
399370,0,0,0
320890,0,0,0
281863,0,0,0
354189,0,0,0
224717,0,0,0
294225,0,0,0
283805,0,0,0
187591,0,0,0
369725,0,0,0
210858,0,0,0
249207,0,0,0
68626,0,0,0
149546,0,0,0
167223,0,0,0
298443,0,0,0
182864,0,0,0
168432,0,0,0
57104,0,0,0
104309,0,0,0
106424,0,0,0
125378,0,0,0
195546,0,0,0
261539,0,0,0
51152,0,0,0
179364,0,0,0
120391,0,0,0
78833,0,0,0
409496,0,0,0
245370,0,0,0
177751,0,0,0
284247,0,0,0
362375,0,0,0
123944,0,0,0
320939,0,0,0
350783,0,0,0
36029,0,0,0
334976,0,0,0
119387,0,0,0
328732,0,0,0
161957,0,0,0
1162,0,0,0
68449,0,0,0
10021,0,0,0
48797,0,0,0
178147,0,0,0
128677,0,0,0
52096,0,0,0
105823,0,0,0
155453,0,0,0
220041,0,0,0
235242,0,0,0
353728,0,0,0
261916,0,0,0
329550,0,0,0
36686,0,0,0
369628,0,0,0
271901,0,0,0
143966,0,0,0
194462,0,0,0
167886,0,0,0
277461,0,0,0
315959,0,0,0
108957,0,0,0
332183,0,0,0
268385,0,0,0
35062,0,0,0
278069,0,0,0
162614,0,0,0
18119,0,0,0
345057,0,0,0
241400,0,0,0
229821,0,0,0
105940,0,0,0
329492,0,0,0
371079,0,0,0
282580,0,0,0
226089,0,0,0
308848,0,0,0
217853,0,0,0
199860,0,0,0
330867,0,0,0
227146,0,0,0
242088,0,0,0
10591,0,0,0
212169,0,0,0
254860,0,0,0
84986,0,0,0
12530,0,0,0
234738,0,0,0
282856,0,0,0
82889,0,0,0
318974,0,0,0
297939,0,0,0
131763,0,0,0
225736,0,0,0
326328,0,0,0
178151,0,0,0
249501,0,0,0
263453,0,0,0
244605,0,0,0
404221,0,0,0
10550,0,0,0
202510,0,0,0
165981,0,0,0
144317,0,0,0
376337,0,0,0
81643,0,0,0
198949,0,0,0
54723,0,0,0
91685,0,0,0
33007,0,0,0
237317,0,0,0
219611,0,0,0
361306,0,0,0
44014,0,0,0
106854,0,0,0
387803,0,0,0
254735,0,0,0
165601,0,0,0
293058,0,0,0
38599,0,0,0
15085,0,0,0
77377,0,0,0
317681,0,0,0
10931,0,0,0
186259,0,0,0
312693,0,0,0
403990,0,0,0
250248,0,0,0
148071,0,0,0
306842,0,0,0
127326,0,0,0
202980,0,0,0
93613,0,0,0
6745,0,0,0
277756,0,0,0
228400,0,0,0
67129,0,0,0
301900,0,0,0
139949,0,0,0
405160,0,0,0
382822,0,0,0
18825,0,0,0
133355,0,0,0
214630,0,0,0
202830,0,0,0
54506,0,0,0
11062,0,0,0
248819,0,0,0
385949,0,0,0
90818,0,0,0
294688,0,0,0
253938,0,0,0
382048,0,0,0
88588,0,0,0
161529,0,0,0
299914,0,0,0
173673,0,0,0
123152,0,0,0
374472,0,0,0
147281,0,0,0
158744,0,0,0
50856,0,0,0
120473,0,0,0
72748,0,0,0
89470,0,0,0
173253,0,0,0
220391,0,0,0
171187,0,0,0
23520,0,0,0
209912,0,0,0
91210,0,0,0
301992,0,0,0
306714,0,0,0
54043,0,0,0
74473,0,0,0
163258,0,0,0
361091,0,0,0
212310,0,0,0
170208,0,0,0
225695,0,0,0
240897,0,0,0
323694,0,0,0
103542,0,0,0
203206,0,0,0
40114,0,0,0
58582,0,0,0
183726,0,0,0
258813,0,0,0
376111,0,0,0
36637,0,0,0
400527,0,0,0
160704,0,0,0
109790,0,0,0
114889,0,0,0
107910,0,0,0
402621,0,0,0
82493,0,0,0
37812,0,0,0
40422,0,0,0
385911,0,0,0
266492,0,0,0
387310,0,0,0
61802,0,0,0
204340,0,0,0
114392,0,0,0
397364,0,0,0
85534,0,0,0
373009,0,0,0
271129,0,0,0
185079,0,0,0
276810,0,0,0
203388,0,0,0
284259,0,0,0
36594,0,0,0
1890,0,0,0
387561,0,0,0
314441,0,0,0
143207,0,0,0
24414,0,0,0
59043,0,0,0
35778,0,0,0
349985,0,0,0
27512,0,0,0
386317,0,0,0
174034,0,0,0
365873,0,0,0
81064,0,0,0
38052,0,0,0
370759,0,0,0
86277,0,0,0
90034,0,0,0
144741,0,0,0
218835,0,0,0
158004,0,0,0
310912,0,0,0
290175,0,0,0
408352,0,0,0
271196,0,0,0
268114,0,0,0
358735,0,0,0
287290,0,0,0
167359,0,0,0
43305,0,0,0
58939,0,0,0
135037,0,0,0
313931,0,0,0
196968,0,0,0
70476,0,0,0
66150,0,0,0
264559,0,0,0
327888,0,0,0
339892,0,0,0
13207,0,0,0
22119,0,0,0
104299,0,0,0
229220,0,0,0
21906,0,0,0
82075,0,0,0
178155,0,0,0
317008,0,0,0
233979,0,0,0
16197,0,0,0
242731,0,0,0
394696,0,0,0
282779,0,0,0
111053,0,0,0
216506,0,0,0
134111,0,0,0
63440,0,0,0
312996,0,0,0
23664,0,0,0
239298,0,0,0
109648,0,0,0
402627,0,0,0
239734,0,0,0
237920,0,0,0
249294,0,0,0
318901,0,0,0
176481,0,0,0
89275,0,0,0
111954,0,0,0
59974,0,0,0
276970,0,0,0
64525,0,0,0
118996,0,0,0
168881,0,0,0
51247,0,0,0
291021,0,0,0
260957,0,0,0
265222,0,0,0
51769,0,0,0
389064,0,0,0
350835,0,0,0
77158,0,0,0
21845,0,0,0
20212,0,0,0
286529,0,0,0
58414,0,0,0
82419,0,0,0
226475,0,0,0
219124,0,0,0
15051,0,0,0
325255,0,0,0
378141,0,0,0
395474,0,0,0
323141,0,0,0
262345,0,0,0
134877,0,0,0
112475,0,0,0
184222,0,0,0
390284,0,0,0
29500,0,0,0
381620,0,0,0
291694,0,0,0
63144,0,0,0
173904,0,0,0
395978,0,0,0
95509,0,0,0
322898,0,0,0
200426,0,0,0
122471,0,0,0
180210,0,0,0
331067,0,0,0
33372,0,0,0
333710,0,0,0
200670,0,0,0
287891,0,0,0
97039,0,0,0
27569,0,0,0
311531,0,0,0
183060,0,0,0
133768,0,0,0
1875,0,0,0
370856,0,0,0
71504,0,0,0
83187,0,0,0
163003,0,0,0
379401,0,0,0
395774,0,0,0
348564,0,0,0
282254,0,0,0
358187,0,0,0
286724,0,0,0
230520,0,0,0
365803,0,0,0
290732,0,0,0
386750,0,0,0
376090,0,0,0
28205,0,0,0
5858,0,0,0
134112,0,0,0
262531,0,0,0
31497,0,0,0
14231,0,0,0
278220,0,0,0
210197,0,0,0
372237,0,0,0
327544,0,0,0
275627,0,0,0
174039,0,0,0
20274,0,0,0
68313,0,0,0
290261,0,0,0
366530,0,0,0
322567,0,0,0
290886,0,0,0
215567,0,0,0
360750,0,0,0
407029,0,0,0
383583,0,0,0
393021,0,0,0
150852,0,0,0
193859,0,0,0
156921,0,0,0
363515,0,0,0
364866,0,0,0
263226,0,0,0
269687,0,0,0
172001,0,0,0
85879,0,0,0
155306,0,0,0
30971,0,0,0
176292,0,0,0
154935,0,0,0
54705,0,0,0
124675,0,0,0
144524,0,0,0
145581,0,0,0
189542,0,0,0
127462,0,0,0
294328,0,0,0
407402,0,0,0
213146,0,0,0
271381,0,0,0
385943,0,0,0
325744,0,0,0
103213,0,0,0
398594,0,0,0
72680,0,0,0
49127,0,0,0
261108,0,0,0
150205,0,0,0
85859,0,0,0
396312,0,0,0
393892,0,0,0
227995,0,0,0
63978,0,0,0
876,0,0,0
382717,0,0,0
298353,0,0,0
402639,0,0,0
116991,0,0,0
381788,0,0,0
311536,0,0,0
4943,0,0,0
244661,0,0,0
150824,0,0,0
221903,0,0,0
17842,0,0,0
386329,0,0,0
81351,0,0,0
288146,0,0,0
227757,0,0,0
60270,0,0,0
60668,0,0,0
318290,0,0,0
202722,0,0,0
51237,0,0,0
403175,0,0,0
320415,0,0,0
362228,0,0,0
252971,0,0,0
377648,0,0,0
224952,0,0,0
232002,0,0,0
83186,0,0,0
32599,0,0,0
187546,0,0,0
172960,0,0,0
242423,0,0,0
209275,0,0,0
287686,0,0,0
353806,0,0,0
174017,0,0,0
93216,0,0,0
285966,0,0,0
19814,0,0,0
335713,0,0,0
301084,0,0,0
32120,0,0,0
144610,0,0,0
106042,0,0,0
160355,0,0,0
32462,0,0,0
32837,0,0,0
168723,0,0,0
17935,0,0,0
343617,0,0,0
206028,0,0,0
230573,0,0,0
284772,0,0,0
28361,0,0,0
321345,0,0,0
123208,0,0,0
362098,0,0,0
364753,0,0,0
308734,0,0,0
367868,0,0,0
310383,0,0,0
391135,0,0,0
336390,0,0,0
209106,0,0,0
249573,0,0,0
235652,0,0,0
99685,0,0,0
11263,0,0,0
204169,0,0,0
233625,0,0,0
366953,0,0,0
289558,0,0,0
187085,0,0,0
72770,0,0,0
322006,0,0,0
106066,0,0,0
315949,0,0,0
106468,0,0,0
264019,0,0,0
225882,0,0,0
40181,0,0,0
174409,0,0,0
49603,0,0,0
371359,0,0,0
358844,0,0,0
270110,0,0,0
73533,0,0,0
284705,0,0,0
277682,0,0,0
311411,0,0,0
104069,0,0,0
163328,0,0,0
249200,0,0,0
164429,0,0,0
296708,0,0,0
139017,0,0,0
197678,0,0,0
225861,0,0,0
203774,0,0,0
66500,0,0,0
192821,0,0,0
44157,0,0,0
204795,0,0,0
369137,0,0,0
184809,0,0,0
75686,0,0,0
183825,0,0,0
220381,0,0,0
257416,0,0,0
306484,0,0,0
158890,0,0,0
222609,0,0,0
59566,0,0,0
249002,0,0,0
64249,0,0,0
53686,0,0,0
347116,0,0,0
233681,0,0,0
79223,0,0,0
362527,0,0,0
329592,0,0,0
250684,0,0,0
335101,0,0,0
405412,0,0,0
12579,0,0,0
327062,0,0,0
385765,0,0,0
324418,0,0,0
90598,0,0,0
147239,0,0,0
86102,0,0,0
293949,0,0,0
316728,0,0,0
411279,0,0,0
405687,0,0,0
125364,0,0,0
98219,0,0,0
304792,0,0,0
184031,0,0,0
385597,0,0,0
339850,0,0,0
327369,0,0,0
139910,0,0,0
267702,0,0,0
410740,0,0,0
281530,0,0,0
92240,0,0,0
62791,0,0,0
281187,0,0,0
185021,0,0,0
13844,0,0,0
387231,0,0,0
148994,0,0,0
377852,0,0,0
321489,0,0,0
381332,0,0,0
143851,0,0,0
303375,0,0,0
242756,0,0,0
12042,0,0,0
150744,0,0,0
100460,0,0,0
298883,0,0,0
51266,0,0,0
212281,0,0,0
188921,0,0,0
127967,0,0,0
234634,0,0,0
164750,0,0,0
240103,0,0,0
39767,0,0,0
106912,0,0,0
308241,0,0,0
408244,0,0,0
140557,0,0,0
373055,0,0,0
70522,0,0,0
109774,0,0,0
8384,0,0,0
164373,0,0,0
199896,0,0,0
217808,0,0,0
380495,0,0,0
214608,0,0,0
40781,0,0,0
60810,0,0,0
313907,0,0,0
247840,0,0,0
16237,0,0,0
189504,0,0,0
334664,0,0,0
298040,0,0,0
93872,0,0,0
95334,0,0,0
363193,0,0,0
106122,0,0,0
310305,0,0,0
30291,0,0,0
331011,0,0,0
325966,0,0,0
197667,0,0,0
232350,0,0,0
57853,0,0,0
236647,0,0,0
332683,0,0,0
221390,0,0,0
233517,0,0,0
113921,0,0,0
215429,0,0,0
42465,0,0,0
63145,0,0,0
166518,0,0,0
215704,0,0,0
321036,0,0,0
165459,0,0,0
285188,0,0,0
211972,0,0,0
6956,0,0,0
103485,0,0,0
301444,0,0,0
289648,0,0,0
218663,0,0,0
206358,0,0,0
346398,0,0,0
313706,0,0,0
306869,0,0,0
184955,0,0,0
149470,0,0,0
400970,0,0,0
156930,0,0,0
365234,0,0,0
40445,0,0,0
247211,0,0,0
367090,0,0,0
19244,0,0,0
289098,0,0,0
19441,0,0,0
75928,0,0,0
61100,0,0,0
238983,0,0,0
63604,0,0,0
22757,0,0,0
110726,0,0,0
261623,0,0,0
219192,0,0,0
303891,0,0,0
191442,0,0,0
309127,0,0,0
235757,0,0,0
393632,0,0,0
204133,0,0,0
271806,0,0,0
81829,0,0,0
58014,0,0,0
16074,0,0,0
184231,0,0,0
74642,0,0,0
283591,0,0,0
333232,0,0,0
125518,0,0,0
131709,0,0,0
162064,0,0,0
155001,0,0,0
323343,0,0,0
149437,0,0,0
42374,0,0,0
361557,0,0,0
153383,0,0,0
277202,0,0,0
176811,0,0,0
163091,0,0,0
59661,0,0,0
389741,0,0,0
289100,0,0,0
115711,0,0,0
78089,0,0,0
285541,0,0,0
39279,0,0,0
365493,0,0,0
8570,0,0,0
269287,0,0,0
22069,0,0,0
355729,0,0,0
186258,0,0,0
238878,0,0,0
91174,0,0,0
363876,0,0,0
284244,0,0,0
201936,0,0,0
35063,0,0,0
86306,0,0,0
33546,0,0,0
11891,0,0,0
98643,0,0,0
6838,0,0,0
277124,0,0,0
304181,0,0,0
383766,0,0,0
202827,0,0,0
22936,0,0,0
130689,0,0,0
293655,0,0,0
346788,0,0,0
317100,0,0,0
26294,0,0,0
304601,0,0,0
299665,0,0,0
318746,0,0,0
342166,0,0,0
154503,0,0,0
373707,0,0,0
147500,0,0,0
224634,0,0,0
383611,0,0,0
262577,0,0,0
321320,0,0,0
252500,0,0,0
213366,0,0,0
32090,0,0,0
51738,0,0,0
41733,0,0,0
172152,0,0,0
164897,0,0,0
240675,0,0,0
44904,0,0,0
340445,0,0,0
293425,0,0,0
312336,0,0,0
358045,0,0,0
129630,0,0,0
352236,0,0,0
351704,0,0,0
58665,0,0,0
59849,0,0,0
299081,0,0,0
288337,0,0,0
348159,0,0,0
333508,0,0,0
216011,0,0,0
164962,0,0,0
86910,0,0,0
237084,0,0,0
285827,0,0,0
108871,0,0,0
132211,0,0,0
35380,0,0,0
55766,0,0,0
329712,0,0,0
346100,0,0,0
239627,0,0,0
11309,0,0,0
373880,0,0,0
368912,0,0,0
185647,0,0,0
58774,0,0,0
155314,0,0,0
309433,0,0,0
272002,0,0,0
330579,0,0,0
304255,0,0,0
403792,0,0,0
59280,0,0,0
353881,0,0,0
293594,0,0,0
401782,0,0,0
54926,0,0,0
268507,0,0,0
360237,0,0,0
123044,0,0,0
199034,0,0,0
120562,0,0,0
157254,0,0,0
227485,0,0,0
354300,0,0,0
71503,0,0,0
189070,0,0,0
97509,0,0,0
188469,0,0,0
283147,0,0,0
22009,0,0,0
248571,0,0,0
93055,0,0,0
225573,0,0,0
117824,0,0,0
348582,0,0,0
386897,0,0,0
108892,0,0,0
300817,0,0,0
359000,0,0,0
243889,0,0,0
288530,0,0,0
227813,0,0,0
312675,0,0,0
222557,0,0,0
267887,0,0,0
181233,0,0,0
362882,0,0,0
173273,0,0,0
157329,0,0,0
10075,0,0,0
61657,0,0,0
367637,0,0,0
308433,0,0,0
37467,0,0,0
231878,0,0,0
96657,0,0,0
24544,0,0,0
404314,0,0,0
171549,0,0,0
350661,0,0,0
407394,0,0,0
310903,0,0,0
28005,0,0,0
67643,0,0,0
224909,0,0,0
79837,0,0,0
308591,0,0,0
266715,0,0,0
368741,0,0,0
328026,0,0,0
52373,0,0,0
314298,0,0,0
366823,0,0,0
37840,0,0,0
185635,0,0,0
95933,0,0,0
398091,0,0,0
98326,0,0,0
30346,0,0,0
16959,0,0,0
188898,0,0,0
102350,0,0,0
184461,0,0,0
170765,0,0,0
114743,0,0,0
227886,0,0,0
139551,0,0,0
373412,0,0,0
256116,0,0,0
104219,0,0,0
111921,0,0,0
353952,0,0,0
320513,0,0,0
95750,0,0,0
314033,0,0,0
404789,0,0,0
296455,0,0,0
221393,0,0,0
234940,0,0,0
208780,0,0,0
394223,0,0,0
131060,0,0,0
28998,0,0,0
285189,0,0,0
97961,0,0,0
229319,0,0,0
362334,0,0,0
18704,0,0,0
139542,0,0,0
350230,0,0,0
45852,0,0,0
92387,0,0,0
309287,0,0,0
84657,0,0,0
126671,0,0,0
138539,0,0,0
260708,0,0,0
239867,0,0,0
33600,0,0,0
21710,0,0,0
405703,0,0,0
144048,0,0,0
352400,0,0,0
325024,0,0,0
64737,0,0,0
100037,0,0,0
120096,0,0,0
156355,0,0,0
113361,0,0,0
334819,0,0,0
202892,0,0,0
225808,0,0,0
80839,0,0,0
170604,0,0,0
232023,0,0,0
138226,0,0,0
87367,0,0,0
317013,0,0,0
365555,0,0,0
154322,0,0,0
270560,0,0,0
21746,0,0,0
304604,0,0,0
143113,0,0,0
259850,0,0,0
87870,0,0,0
286627,0,0,0
238976,0,0,0
68934,0,0,0
327603,0,0,0
19948,0,0,0
397115,0,0,0
164768,0,0,0
395053,0,0,0
258130,0,0,0
92058,0,0,0
22653,0,0,0
376761,0,0,0
159624,0,0,0
99156,0,0,0
175764,0,0,0
247000,0,0,0
311268,0,0,0
409918,0,0,0
85596,0,0,0
148347,0,0,0
209054,0,0,0
270372,0,0,0
194064,0,0,0
214134,0,0,0
317745,0,0,0
94602,0,0,0
213415,0,0,0
63794,0,0,0
239781,0,0,0
296362,0,0,0
53823,0,0,0
260499,0,0,0
395249,0,0,0
205051,0,0,0
184589,0,0,0
28442,0,0,0
268290,0,0,0
255074,0,0,0
229555,0,0,0
324802,0,0,0
367429,0,0,0
225332,0,0,0
368033,0,0,0
408052,0,0,0
277419,0,0,0
343583,0,0,0
374946,0,0,0
360132,0,0,0
176414,0,0,0
32818,0,0,0
113993,0,0,0
345973,0,0,0
361441,0,0,0
29371,0,0,0
161266,0,0,0
67330,0,0,0
36996,0,0,0
216927,0,0,0
37106,0,0,0
725,0,0,0
271262,0,0,0
352876,0,0,0
123626,0,0,0
388804,0,0,0
122977,0,0,0
152163,0,0,0
350708,0,0,0
182406,0,0,0
258690,0,0,0
8109,0,0,0
113939,0,0,0
359118,0,0,0
80900,0,0,0
80373,0,0,0
217509,0,0,0
273748,0,0,0
214775,0,0,0
258895,0,0,0
177029,0,0,0
136043,0,0,0
230461,0,0,0
356247,0,0,0
112598,0,0,0
328696,0,0,0
230600,0,0,0
364701,0,0,0
136072,0,0,0
81775,0,0,0
184360,0,0,0
316670,0,0,0
334379,0,0,0
175056,0,0,0
114610,0,0,0
256412,0,0,0
165097,0,0,0
74544,0,0,0
65971,0,0,0
307345,0,0,0
211168,0,0,0
205500,0,0,0
286008,0,0,0
340443,0,0,0
218432,0,0,0
360113,0,0,0
82900,0,0,0
200687,0,0,0
68248,0,0,0
246491,0,0,0
142693,0,0,0
358820,0,0,0
401160,0,0,0
387740,0,0,0
186624,0,0,0
400821,0,0,0
376567,0,0,0
360684,0,0,0
382141,0,0,0
232983,0,0,0
20434,0,0,0
406871,0,0,0
277325,0,0,0
193378,0,0,0
389050,0,0,0
347174,0,0,0
25478,0,0,0
222422,0,0,0
260516,0,0,0
78845,0,0,0
244583,0,0,0
257850,0,0,0
358922,0,0,0
332734,0,0,0
335486,0,0,0
324059,0,0,0
192936,0,0,0
34807,0,0,0
43214,0,0,0
387754,0,0,0
133820,0,0,0
242370,0,0,0
260048,0,0,0
220899,0,0,0
121739,0,0,0
260901,0,0,0
258595,0,0,0
363347,0,0,0
321184,0,0,0
280954,0,0,0
317545,0,0,0
156126,0,0,0
17830,0,0,0
343030,0,0,0
326104,0,0,0
53838,0,0,0
214504,0,0,0
51985,0,0,0
188008,0,0,0
326036,0,0,0
34047,0,0,0
391584,0,0,0
52906,0,0,0
171462,0,0,0
154640,0,0,0
38394,0,0,0
350316,0,0,0
26257,0,0,0
49708,0,0,0
43481,0,0,0
262164,0,0,0
108729,0,0,0
85929,0,0,0
238260,0,0,0
299090,0,0,0
333128,0,0,0
102763,0,0,0
52898,0,0,0
125061,0,0,0
115858,0,0,0
281613,0,0,0
316818,0,0,0
402266,0,0,0
369484,0,0,0
37979,0,0,0
259272,0,0,0
395302,0,0,0
150450,0,0,0
120042,0,0,0
172780,0,0,0
14864,0,0,0
284052,0,0,0
367105,0,0,0
130699,0,0,0
252306,0,0,0
262614,0,0,0
180174,0,0,0
216253,0,0,0
194182,0,0,0
283799,0,0,0
287230,0,0,0
321384,0,0,0
340508,0,0,0
242803,0,0,0
352878,0,0,0
209565,0,0,0
39899,0,0,0
331785,0,0,0
182874,0,0,0
156781,0,0,0
316065,0,0,0
13325,0,0,0
326696,0,0,0
229388,0,0,0
120438,0,0,0
225129,0,0,0
214390,0,0,0
195051,0,0,0
289686,0,0,0
200551,0,0,0
199586,0,0,0
40433,0,0,0
72491,0,0,0
194952,0,0,0
89673,0,0,0
212811,0,0,0
323721,0,0,0
68370,0,0,0
211145,0,0,0
214291,0,0,0
88220,0,0,0
170017,0,0,0
79282,0,0,0
1582,0,0,0
60028,0,0,0
175135,0,0,0
180273,0,0,0
114281,0,0,0
392129,0,0,0
205850,0,0,0
161727,0,0,0
132510,0,0,0
255794,0,0,0
336503,0,0,0
71041,0,0,0
381921,0,0,0
369631,0,0,0
187284,0,0,0
143819,0,0,0
205979,0,0,0
38955,0,0,0
128152,0,0,0
20349,0,0,0
155412,0,0,0
286723,0,0,0
222075,0,0,0
25412,0,0,0
206875,0,0,0
44680,0,0,0
323896,0,0,0
88679,0,0,0
207193,0,0,0
223709,0,0,0
277643,0,0,0
47112,0,0,0
218929,0,0,0
8075,0,0,0
208883,0,0,0
403878,0,0,0
230269,0,0,0
192809,0,0,0
190060,0,0,0
84188,0,0,0
206876,0,0,0
112215,0,0,0
384231,0,0,0
280865,0,0,0
333875,0,0,0
305054,0,0,0
267678,0,0,0
334882,0,0,0
63985,0,0,0
158168,0,0,0
278075,0,0,0
140787,0,0,0
222973,0,0,0
259545,0,0,0
269906,0,0,0
54642,0,0,0
216116,0,0,0
40025,0,0,0
150917,0,0,0
169648,0,0,0
192128,0,0,0
269441,0,0,0
230803,0,0,0
218071,0,0,0
202308,0,0,0
236219,0,0,0
225280,0,0,0
397052,0,0,0
24035,0,0,0
345880,0,0,0
261284,0,0,0
298497,0,0,0
197274,0,0,0
274389,0,0,0
288983,0,0,0
292535,0,0,0
40596,0,0,0
335508,0,0,0
161513,0,0,0
334471,0,0,0
266614,0,0,0
304346,0,0,0
33794,0,0,0
56000,0,0,0
31014,0,0,0
69461,0,0,0
334052,0,0,0
389443,0,0,0
181632,0,0,0
299315,0,0,0
113975,0,0,0
389682,0,0,0
326032,0,0,0
369929,0,0,0
59526,0,0,0
330236,0,0,0
13042,0,0,0
6710,0,0,0
90788,0,0,0
177500,0,0,0
188927,0,0,0
385590,0,0,0
49786,0,0,0
259153,0,0,0
37642,0,0,0
401776,0,0,0
150316,0,0,0
110327,0,0,0
79824,0,0,0
367487,0,0,0
328434,0,0,0
146263,0,0,0
262117,0,0,0
236735,0,0,0
397489,0,0,0
53506,0,0,0
321469,0,0,0
72819,0,0,0
308361,0,0,0
722,0,0,0
371797,0,0,0
243344,0,0,0
1402,0,0,0
193370,0,0,0
83519,0,0,0
107376,0,0,0
15955,0,0,0
14847,0,0,0
272693,0,0,0
209130,0,0,0
351919,0,0,0
317244,0,0,0
38438,0,0,0
355205,0,0,0
123266,0,0,0
116424,0,0,0
107017,0,0,0
84721,0,0,0
211234,0,0,0
154706,0,0,0
87466,0,0,0
158229,0,0,0
347675,0,0,0
42496,0,0,0
311227,0,0,0
124373,0,0,0
130478,0,0,0
59718,0,0,0
325138,0,0,0
105206,0,0,0
398981,0,0,0
370940,0,0,0
103184,0,0,0
143128,0,0,0
263438,0,0,0
12755,0,0,0
238442,0,0,0
286,0,0,0
301599,0,0,0
281338,0,0,0
26647,0,0,0
176570,0,0,0
357274,0,0,0
232351,0,0,0
117475,0,0,0
286711,0,0,0
321228,0,0,0
225532,0,0,0
336999,0,0,0
360642,0,0,0
376502,0,0,0
3643,0,0,0
304117,0,0,0
246341,0,0,0
132594,0,0,0
268956,0,0,0
391635,0,0,0
134777,0,0,0
208073,0,0,0
261667,0,0,0
216267,0,0,0
273512,0,0,0
1852,0,0,0
356924,0,0,0
325401,0,0,0
143777,0,0,0
279634,0,0,0
289249,0,0,0
392422,0,0,0
362464,0,0,0
258368,0,0,0
332000,0,0,0
305508,0,0,0
7392,0,0,0
145155,0,0,0
270401,0,0,0
342170,0,0,0
280984,0,0,0
201636,0,0,0
9072,0,0,0
252799,0,0,0
261325,0,0,0
345638,0,0,0
178974,0,0,0
297985,0,0,0
42062,0,0,0
14860,0,0,0
361813,0,0,0
401431,0,0,0
347397,0,0,0
340269,0,0,0
402533,0,0,0
53231,0,0,0
132348,0,0,0
391767,0,0,0
237146,0,0,0
55077,0,0,0
329351,0,0,0
36380,0,0,0
93491,0,0,0
213971,0,0,0
314368,0,0,0
389795,0,0,0
388909,0,0,0
41176,0,0,0
43699,0,0,0
100713,0,0,0
263040,0,0,0
16035,0,0,0
283215,0,0,0
79058,0,0,0
125075,0,0,0
33729,0,0,0
350,0,0,0
49447,0,0,0
370389,0,0,0
317536,0,0,0
130513,0,0,0
184309,0,0,0
154158,0,0,0
271780,0,0,0
136278,0,0,0
220307,0,0,0
344435,0,0,0
260896,0,0,0
172699,0,0,0
250784,0,0,0
383673,0,0,0
358340,0,0,0
256131,0,0,0
121515,0,0,0
53070,0,0,0
66992,0,0,0
115428,0,0,0
165066,0,0,0
213265,0,0,0
120030,0,0,0
143146,0,0,0
163309,0,0,0
395943,0,0,0
371125,0,0,0
26658,0,0,0
118120,0,0,0
84326,0,0,0
311849,0,0,0
396704,0,0,0
348734,0,0,0
374769,0,0,0
204501,0,0,0
186044,0,0,0
315181,0,0,0
77119,0,0,0
251970,0,0,0
84909,0,0,0
120558,0,0,0
12839,0,0,0
87320,0,0,0
256711,0,0,0
173152,0,0,0
327265,0,0,0
126047,0,0,0
262505,0,0,0
282847,0,0,0
103420,0,0,0
181636,0,0,0
6046,0,0,0
397626,0,0,0
370409,0,0,0
123806,0,0,0
192671,0,0,0
73820,0,0,0
138447,0,0,0
215274,0,0,0
122420,0,0,0
403003,0,0,0
167405,0,0,0
283946,0,0,0
254142,0,0,0
374288,0,0,0
13687,0,0,0
355542,0,0,0
101694,0,0,0
281855,0,0,0
270929,0,0,0
11721,0,0,0
15854,0,0,0
33924,0,0,0
303519,0,0,0
172261,0,0,0
156501,0,0,0
254828,0,0,0
86338,0,0,0
119538,0,0,0
67725,0,0,0
101830,0,0,0
16927,0,0,0
206517,0,0,0
371206,0,0,0
382971,0,0,0
341455,0,0,0
81312,0,0,0
345288,0,0,0
61098,0,0,0
176425,0,0,0
327450,0,0,0
362574,0,0,0
339111,0,0,0
107444,0,0,0
148095,0,0,0
5730,0,0,0
142472,0,0,0
283964,0,0,0
224934,0,0,0
52825,0,0,0
345373,0,0,0
55224,0,0,0
349131,0,0,0
42959,0,0,0
378014,0,0,0
274688,0,0,0
50935,0,0,0
198029,0,0,0
90179,0,0,0
246780,0,0,0
229245,0,0,0
163227,0,0,0
66700,0,0,0
59076,0,0,0
296357,0,0,0
369,0,0,0
291244,0,0,0
301096,0,0,0
299528,0,0,0
204037,0,0,0
227762,0,0,0
101045,0,0,0
319431,0,0,0
203193,0,0,0
163380,0,0,0
95641,0,0,0
347410,0,0,0
27885,0,0,0
87075,0,0,0
386076,0,0,0
299302,0,0,0
68630,0,0,0
157904,0,0,0
60008,0,0,0
749,0,0,0
106784,0,0,0
29997,0,0,0
280656,0,0,0
22864,0,0,0
302350,0,0,0
13550,0,0,0
163904,0,0,0
215390,0,0,0
364860,0,0,0
30577,0,0,0
388244,0,0,0
358432,0,0,0
205558,0,0,0
164930,0,0,0
148925,0,0,0
277633,0,0,0
365605,0,0,0
94038,0,0,0
324828,0,0,0
387220,0,0,0
402385,0,0,0
200545,0,0,0
79857,0,0,0
131455,0,0,0
161289,0,0,0
277343,0,0,0
292091,0,0,0
270208,0,0,0
241081,0,0,0
274194,0,0,0
391208,0,0,0
109486,0,0,0
336743,0,0,0
129573,0,0,0
261045,0,0,0
147561,0,0,0
190279,0,0,0
182543,0,0,0
200332,0,0,0
96940,0,0,0
137395,0,0,0
326005,0,0,0
361864,0,0,0
221345,0,0,0
403472,0,0,0
309121,0,0,0
158739,0,0,0
327671,0,0,0
113088,0,0,0
337273,0,0,0
168728,0,0,0
219367,0,0,0
351510,0,0,0
178758,0,0,0
305069,0,0,0
57905,0,0,0
191011,0,0,0
165861,0,0,0
159989,0,0,0
186253,0,0,0
351714,0,0,0
166200,0,0,0
10306,0,0,0
409389,0,0,0
174185,0,0,0
93594,0,0,0
399109,0,0,0
1087,0,0,0
196460,0,0,0
371219,0,0,0
248066,0,0,0
357087,0,0,0
189600,0,0,0
377690,0,0,0
74718,0,0,0
255085,0,0,0
380088,0,0,0
121983,0,0,0
281764,0,0,0
21569,0,0,0
76147,0,0,0
16632,0,0,0
87004,0,0,0
152106,0,0,0
13045,0,0,0
237114,0,0,0
298663,0,0,0
278332,0,0,0
394600,0,0,0
60305,0,0,0
142336,0,0,0
378782,0,0,0
70460,0,0,0
297091,0,0,0
271027,0,0,0
65977,0,0,0
126418,0,0,0
18002,0,0,0
21644,0,0,0
331427,0,0,0
215481,0,0,0
169439,0,0,0
218319,0,0,0
246459,0,0,0
73184,0,0,0
279535,0,0,0
37645,0,0,0
279456,0,0,0
282249,0,0,0
260177,0,0,0
225453,0,0,0
363055,0,0,0
251340,0,0,0
195467,0,0,0
146361,0,0,0
118049,0,0,0
331294,0,0,0
358331,0,0,0
269594,0,0,0
324592,0,0,0
66682,0,0,0
155143,0,0,0
288349,0,0,0
296911,0,0,0
269067,0,0,0
384025,0,0,0
253185,0,0,0
95520,0,0,0
331928,0,0,0
297739,0,0,0
22074,0,0,0
97741,0,0,0
7820,0,0,0
361567,0,0,0
387750,0,0,0
169898,0,0,0
382387,0,0,0
39070,0,0,0
264570,0,0,0
953,0,0,0
105953,0,0,0
115475,0,0,0
110308,0,0,0
53761,0,0,0
324247,0,0,0
99329,0,0,0
215030,0,0,0
384092,0,0,0
297917,0,0,0
38122,0,0,0
212943,0,0,0
271683,0,0,0
123501,0,0,0
222735,0,0,0
274907,0,0,0
255121,0,0,0
39179,0,0,0
94152,0,0,0
290555,0,0,0
293361,0,0,0
383042,0,0,0
237803,0,0,0
340629,0,0,0
32398,0,0,0
210186,0,0,0
349115,0,0,0
345411,0,0,0
335464,0,0,0
139540,0,0,0
314779,0,0,0
398491,0,0,0
51051,0,0,0
149236,0,0,0
141014,0,0,0
195968,0,0,0
161317,0,0,0
67962,0,0,0
259332,0,0,0
334995,0,0,0
44536,0,0,0
177431,0,0,0
336011,0,0,0
348147,0,0,0
390177,0,0,0
295387,0,0,0
71936,0,0,0
402948,0,0,0
79104,0,0,0
95336,0,0,0
26872,0,0,0
272352,0,0,0
166707,0,0,0
242307,0,0,0
89127,0,0,0
345847,0,0,0
204857,0,0,0
47209,0,0,0
303369,0,0,0
224984,0,0,0
57771,0,0,0
359431,0,0,0
237740,0,0,0
120683,0,0,0
222796,0,0,0
226779,0,0,0
280566,0,0,0
78142,0,0,0
294154,0,0,0
397339,0,0,0
310573,0,0,0
8639,0,0,0
236356,0,0,0
51890,0,0,0
350347,0,0,0
382512,0,0,0
115533,0,0,0
253264,0,0,0
360010,0,0,0
29587,0,0,0
171366,0,0,0
178339,0,0,0
111713,0,0,0
375536,0,0,0
44123,0,0,0
113626,0,0,0
202836,0,0,0
353012,0,0,0
388833,0,0,0
320450,0,0,0
329403,0,0,0
407048,0,0,0
371784,0,0,0
376961,0,0,0
20020,0,0,0
404911,0,0,0
39586,0,0,0
158904,0,0,0
275690,0,0,0
227585,0,0,0
277784,0,0,0
141933,0,0,0
157457,0,0,0
114715,0,0,0
271279,0,0,0
280960,0,0,0
13919,0,0,0
173642,0,0,0
382501,0,0,0
171555,0,0,0
270492,0,0,0
20546,0,0,0
378680,0,0,0
234369,0,0,0
178777,0,0,0
207588,0,0,0
67310,0,0,0
26161,0,0,0
128344,0,0,0
302269,0,0,0
148486,0,0,0
188306,0,0,0
191144,0,0,0
137861,0,0,0
256217,0,0,0
44581,0,0,0
277480,0,0,0
270641,0,0,0
143469,0,0,0
122161,0,0,0
171139,0,0,0
191427,0,0,0
348735,0,0,0
147597,0,0,0
230797,0,0,0
206582,0,0,0
161028,0,0,0
58202,0,0,0
321150,0,0,0
4911,0,0,0
265511,0,0,0
130454,0,0,0
63400,0,0,0
144979,0,0,0
214318,0,0,0
404330,0,0,0
406332,0,0,0
137525,0,0,0
185083,0,0,0
248414,0,0,0
11192,0,0,0
283135,0,0,0
21528,0,0,0
1661,0,0,0
94209,0,0,0
210113,0,0,0
324159,0,0,0
90885,0,0,0
185808,0,0,0
292819,0,0,0
330571,0,0,0
111746,0,0,0
332783,0,0,0
261216,0,0,0
238724,0,0,0
313761,0,0,0
372830,0,0,0
281807,0,0,0
224496,0,0,0
171711,0,0,0
171389,0,0,0
208597,0,0,0
34021,0,0,0
94243,0,0,0
82908,0,0,0
145882,0,0,0
317476,0,0,0
173458,0,0,0
93303,0,0,0
143332,0,0,0
258330,0,0,0
4051,0,0,0
198144,0,0,0
120796,0,0,0
126887,0,0,0
36954,0,0,0
87885,0,0,0
111941,0,0,0
188872,0,0,0
65230,0,0,0
356163,0,0,0
96490,0,0,0
241794,0,0,0
234872,0,0,0
273390,0,0,0
210804,0,0,0
81195,0,0,0
231390,0,0,0
292788,0,0,0
343075,0,0,0
290966,0,0,0
316845,0,0,0
384108,0,0,0
269195,0,0,0
355165,0,0,0
275026,0,0,0
193886,0,0,0
281492,0,0,0
375014,0,0,0
290525,0,0,0
47752,0,0,0
101094,0,0,0
164774,0,0,0
295421,0,0,0
13622,0,0,0
364112,0,0,0
182098,0,0,0
118844,0,0,0
255822,0,0,0
301498,0,0,0
193433,0,0,0
156725,0,0,0
129418,0,0,0
55620,0,0,0
287636,0,0,0
183760,0,0,0
266501,0,0,0
391480,0,0,0
284251,0,0,0
91719,0,0,0
365153,0,0,0
232809,0,0,0
384958,0,0,0
111137,0,0,0
290215,0,0,0
92063,0,0,0
303169,0,0,0
28920,0,0,0
55144,0,0,0
195579,0,0,0
257615,0,0,0
66829,0,0,0
404739,0,0,0
327801,0,0,0
29675,0,0,0
122771,0,0,0
63533,0,0,0
54496,0,0,0
210481,0,0,0
361152,0,0,0
299141,0,0,0
106859,0,0,0
18587,0,0,0
34272,0,0,0
96133,0,0,0
198069,0,0,0
199014,0,0,0
81219,0,0,0
54563,0,0,0
305591,0,0,0
258216,0,0,0
180391,0,0,0
347561,0,0,0
331998,0,0,0
418,0,0,0
156212,0,0,0
332464,0,0,0
109124,0,0,0
16483,0,0,0
266187,0,0,0
110471,0,0,0
93481,0,0,0
358569,0,0,0
81867,0,0,0
216188,0,0,0
96051,0,0,0
62872,0,0,0
151716,0,0,0
316786,0,0,0
260879,0,0,0
131559,0,0,0
105844,0,0,0
316542,0,0,0
160120,0,0,0
30963,0,0,0
277924,0,0,0
42351,0,0,0
276567,0,0,0
144544,0,0,0
107920,0,0,0
224613,0,0,0
234356,0,0,0
237699,0,0,0
147989,0,0,0
166205,0,0,0
108991,0,0,0
347645,0,0,0
249979,0,0,0
142497,0,0,0
66064,0,0,0
237448,0,0,0
177556,0,0,0
303000,0,0,0
392173,0,0,0
194301,0,0,0
249577,0,0,0
294175,0,0,0
134826,0,0,0
204406,0,0,0
346312,0,0,0
256313,0,0,0
165287,0,0,0
361228,0,0,0
221919,0,0,0
21289,0,0,0
19894,0,0,0
36268,0,0,0
269044,0,0,0
284308,0,0,0
220055,0,0,0
80668,0,0,0
241713,0,0,0
194317,0,0,0
332339,0,0,0
295100,0,0,0
798,0,0,0
265324,0,0,0
390392,0,0,0
33152,0,0,0
93600,0,0,0
41514,0,0,0
189360,0,0,0
351631,0,0,0
157272,0,0,0
306909,0,0,0
25222,0,0,0
121562,0,0,0
102252,0,0,0
407383,0,0,0
176533,0,0,0
74666,0,0,0
346983,0,0,0
286632,0,0,0
185814,0,0,0
276445,0,0,0
91635,0,0,0
354371,0,0,0
42992,0,0,0
174421,0,0,0
113141,0,0,0
345773,0,0,0
109265,0,0,0
72393,0,0,0
107299,0,0,0
370145,0,0,0
42801,0,0,0
172424,0,0,0
144696,0,0,0
381540,0,0,0
236917,0,0,0
44503,0,0,0
29272,0,0,0
128791,0,0,0
361793,0,0,0
134215,0,0,0
80244,0,0,0
168184,0,0,0
227097,0,0,0
1935,0,0,0
52819,0,0,0
141585,0,0,0
209477,0,0,0
373965,0,0,0
137855,0,0,0
396520,0,0,0
48476,0,0,0
65316,0,0,0
213680,0,0,0
347077,0,0,0
218021,0,0,0
63731,0,0,0
155440,0,0,0
146541,0,0,0
211807,0,0,0
78605,0,0,0
160231,0,0,0
167172,0,0,0
191394,0,0,0
226523,0,0,0
102062,0,0,0
390352,0,0,0
207449,0,0,0
187767,0,0,0
400029,0,0,0
103250,0,0,0
72000,0,0,0
204146,0,0,0
156127,0,0,0
359498,0,0,0
228801,0,0,0
260138,0,0,0
277610,0,0,0
68139,0,0,0
220710,0,0,0
295750,0,0,0
290306,0,0,0
77195,0,0,0
375136,0,0,0
288779,0,0,0
113563,0,0,0
152624,0,0,0
293373,0,0,0
325155,0,0,0
158623,0,0,0
361672,0,0,0
376948,0,0,0
297371,0,0,0
341370,0,0,0
16206,0,0,0
15657,0,0,0
6537,0,0,0
306668,0,0,0
133312,0,0,0
311119,0,0,0
405248,0,0,0
82294,0,0,0
387057,0,0,0
408663,0,0,0
333121,0,0,0
127985,0,0,0
219828,0,0,0
354601,0,0,0
340004,0,0,0
101181,0,0,0
68332,0,0,0
94249,0,0,0
236741,0,0,0
177626,0,0,0
120722,0,0,0
405446,0,0,0
410570,0,0,0
108024,0,0,0
17307,0,0,0
8743,0,0,0
60994,0,0,0
387364,0,0,0
326456,0,0,0
259368,0,0,0
23097,0,0,0
109107,0,0,0
343136,0,0,0
344481,0,0,0
95021,0,0,0
228185,0,0,0
160177,0,0,0
204138,0,0,0
122947,0,0,0
42400,0,0,0
333027,0,0,0
42414,0,0,0
146938,0,0,0
267171,0,0,0
141751,0,0,0
128547,0,0,0
1603,0,0,0
227563,0,0,0
304690,0,0,0
382939,0,0,0
392460,0,0,0
186108,0,0,0
327991,0,0,0
326461,0,0,0
59238,0,0,0
186299,0,0,0
145048,0,0,0
400610,0,0,0
85616,0,0,0
408140,0,0,0
349931,0,0,0
319383,0,0,0
330652,0,0,0
173173,0,0,0
339639,0,0,0
324011,0,0,0
134208,0,0,0
142556,0,0,0
395911,0,0,0
267716,0,0,0
209529,0,0,0
27307,0,0,0
295960,0,0,0
21276,0,0,0
13677,0,0,0
31112,0,0,0
177606,0,0,0
113451,0,0,0
199234,0,0,0
128339,0,0,0
157097,0,0,0
275887,0,0,0
139787,0,0,0
364823,0,0,0
213125,0,0,0
290577,0,0,0
342294,0,0,0
383707,0,0,0
410882,0,0,0
54799,0,0,0
391487,0,0,0
331190,0,0,0
330658,0,0,0
155540,0,0,0
303981,0,0,0
320492,0,0,0
176625,0,0,0
318891,0,0,0
177968,0,0,0
303720,0,0,0
168927,0,0,0
318723,0,0,0
234038,0,0,0
54401,0,0,0
362196,0,0,0
316300,0,0,0
203822,0,0,0
101673,0,0,0
266448,0,0,0
219178,0,0,0
10706,0,0,0
287243,0,0,0
179834,0,0,0
316357,0,0,0
253208,0,0,0
85959,0,0,0
190325,0,0,0
202610,0,0,0
48011,0,0,0
160514,0,0,0
289477,0,0,0
199590,0,0,0
136780,0,0,0
144160,0,0,0
98215,0,0,0
123277,0,0,0
297436,0,0,0
118539,0,0,0
353747,0,0,0
339781,0,0,0
247814,0,0,0
184287,0,0,0
91336,0,0,0
379421,0,0,0
54654,0,0,0
404975,0,0,0
260170,0,0,0
37152,0,0,0
46550,0,0,0
136689,0,0,0
211898,0,0,0
4091,0,0,0
180697,0,0,0
68956,0,0,0
405528,0,0,0
187025,0,0,0
366965,0,0,0
266828,0,0,0
218126,0,0,0
250418,0,0,0
342490,0,0,0
402791,0,0,0
274439,0,0,0
259508,0,0,0
78290,0,0,0
117700,0,0,0
7224,0,0,0
334295,0,0,0
341597,0,0,0
87720,0,0,0
203287,0,0,0
276646,0,0,0
281625,0,0,0
79881,0,0,0
165661,0,0,0
334508,0,0,0
410855,0,0,0
140432,0,0,0
144143,0,0,0
90473,0,0,0
398699,0,0,0
188564,0,0,0
252035,0,0,0
14504,0,0,0
166923,0,0,0
358176,0,0,0
336387,0,0,0
263759,0,0,0
256206,0,0,0
194138,0,0,0
131156,0,0,0
187314,0,0,0
165491,0,0,0
312272,0,0,0
207399,0,0,0
220287,0,0,0
370136,0,0,0
123773,0,0,0
125381,0,0,0
169835,0,0,0
252862,0,0,0
232259,0,0,0
152904,0,0,0
173268,0,0,0
172103,0,0,0
383506,0,0,0
98782,0,0,0
368012,0,0,0
292719,0,0,0
372476,0,0,0
304145,0,0,0
149262,0,0,0
384020,0,0,0
182841,0,0,0
410701,0,0,0
130940,0,0,0
29144,0,0,0
303677,0,0,0
365326,0,0,0
173302,0,0,0
130678,0,0,0
79288,0,0,0
130882,0,0,0
208169,0,0,0
179136,0,0,0
115937,0,0,0
86185,0,0,0
62811,0,0,0
344969,0,0,0
11383,0,0,0
63129,0,0,0
10460,0,0,0
126957,0,0,0
158250,0,0,0
97634,0,0,0
5315,0,0,0
197643,0,0,0
53907,0,0,0
410055,0,0,0
317660,0,0,0
30586,0,0,0
251825,0,0,0
330239,0,0,0
234735,0,0,0
81333,0,0,0
298366,0,0,0
370758,0,0,0
1262,0,0,0
41364,0,0,0
216118,0,0,0
148843,0,0,0
378239,0,0,0
353420,0,0,0
355520,0,0,0
263213,0,0,0
126275,0,0,0
281110,0,0,0
126763,0,0,0
33134,0,0,0
245820,0,0,0
339082,0,0,0
149297,0,0,0
305254,0,0,0
27992,0,0,0
13975,0,0,0
244472,0,0,0
68816,0,0,0
147432,0,0,0
351113,0,0,0
10343,0,0,0
243350,0,0,0
172661,0,0,0
183239,0,0,0
364558,0,0,0
253785,0,0,0
122098,0,0,0
85765,0,0,0
165588,0,0,0
254033,0,0,0
117087,0,0,0
377834,0,0,0
10468,0,0,0
20068,0,0,0
91350,0,0,0
351104,0,0,0
205067,0,0,0
324676,0,0,0
405868,0,0,0
29916,0,0,0
6727,0,0,0
150380,0,0,0
405977,0,0,0
64939,0,0,0
271186,0,0,0
10294,0,0,0
5146,0,0,0
254647,0,0,0
120992,0,0,0
223332,0,0,0
301187,0,0,0
377623,0,0,0
140534,0,0,0
26344,0,0,0
70863,0,0,0
119267,0,0,0
28234,0,0,0
154191,0,0,0
351570,0,0,0
197622,0,0,0
384246,0,0,0
290925,0,0,0
310336,0,0,0
71597,0,0,0
78592,0,0,0
179087,0,0,0
98633,0,0,0
263434,0,0,0
23018,0,0,0
364069,0,0,0
360718,0,0,0
311881,0,0,0
241560,0,0,0
21791,0,0,0
232422,0,0,0
377286,0,0,0
274592,0,0,0
320990,0,0,0
82335,0,0,0
74119,0,0,0
36430,0,0,0
306332,0,0,0
319965,0,0,0
334728,0,0,0
375708,0,0,0
182656,0,0,0
221017,0,0,0
47495,0,0,0
126925,0,0,0
308184,0,0,0
110342,0,0,0
329279,0,0,0
322709,0,0,0
361387,0,0,0
207175,0,0,0
408863,0,0,0
151566,0,0,0
16201,0,0,0
309547,0,0,0
264481,0,0,0
250486,0,0,0
80209,0,0,0
217625,0,0,0
60622,0,0,0
139423,0,0,0
77826,0,0,0
223539,0,0,0
28154,0,0,0
363849,0,0,0
32297,0,0,0
261109,0,0,0
170699,0,0,0
4537,0,0,0
86257,0,0,0
246845,0,0,0
96365,0,0,0
11353,0,0,0
320700,0,0,0
279519,0,0,0
88410,0,0,0
178168,0,0,0
28463,0,0,0
212735,0,0,0
299555,0,0,0
174022,0,0,0
324700,0,0,0
311850,0,0,0
185282,0,0,0
212231,0,0,0
150090,0,0,0
407107,0,0,0
359404,0,0,0
81322,0,0,0
303050,0,0,0
47594,0,0,0
92600,0,0,0
165727,0,0,0
52120,0,0,0
310214,0,0,0
170589,0,0,0
188381,0,0,0
329068,0,0,0
315217,0,0,0
263440,0,0,0
238943,0,0,0
108846,0,0,0
140530,0,0,0
308194,0,0,0
389436,0,0,0
353670,0,0,0
332917,0,0,0
55552,0,0,0
95250,0,0,0
220559,0,0,0
101726,0,0,0
330762,0,0,0
292283,0,0,0
23903,0,0,0
122219,0,0,0
204901,0,0,0
410280,0,0,0
237723,0,0,0
9185,0,0,0
91357,0,0,0
49384,0,0,0
86033,0,0,0
287935,0,0,0
69462,0,0,0
398300,0,0,0
155851,0,0,0
152066,0,0,0
407756,0,0,0
353618,0,0,0
236949,0,0,0
186798,0,0,0
350784,0,0,0
18532,0,0,0
50520,0,0,0
201271,0,0,0
401177,0,0,0
251976,0,0,0
177791,0,0,0
283520,0,0,0
127165,0,0,0
305064,0,0,0
324530,0,0,0
284868,0,0,0
4970,0,0,0
36586,0,0,0
20071,0,0,0
204569,0,0,0
357548,0,0,0
319477,0,0,0
282746,0,0,0
335796,0,0,0
179950,0,0,0
32388,0,0,0
35576,0,0,0
135160,0,0,0
269728,0,0,0
164532,0,0,0
289468,0,0,0
77155,0,0,0
211893,0,0,0
376629,0,0,0
248943,0,0,0
196419,0,0,0
143082,0,0,0
328668,0,0,0
403220,0,0,0
63805,0,0,0
181709,0,0,0
259837,0,0,0
271474,0,0,0
292523,0,0,0
164681,0,0,0
32258,0,0,0
50810,0,0,0
402018,0,0,0
143728,0,0,0
52557,0,0,0
402447,0,0,0
45500,0,0,0
87343,0,0,0
245485,0,0,0
175190,0,0,0
377156,0,0,0
79345,0,0,0
164398,0,0,0
323908,0,0,0
210820,0,0,0
207458,0,0,0
125335,0,0,0
60291,0,0,0
141689,0,0,0
234299,0,0,0
339270,0,0,0
251756,0,0,0
52862,0,0,0
76227,0,0,0
312732,0,0,0
366201,0,0,0
327385,0,0,0
354226,0,0,0
79400,0,0,0
118608,0,0,0
43916,0,0,0
248553,0,0,0
4690,0,0,0
372007,0,0,0
292946,0,0,0
235148,0,0,0
206923,0,0,0
297493,0,0,0
69258,0,0,0
328101,0,0,0
376453,0,0,0
290080,0,0,0
179879,0,0,0
184305,0,0,0
291399,0,0,0
378296,0,0,0
364167,0,0,0
62772,0,0,0
259040,0,0,0
250874,0,0,0
67765,0,0,0
106792,0,0,0
97119,0,0,0
53323,0,0,0
253783,0,0,0
279690,0,0,0
206691,0,0,0
287038,0,0,0
109867,0,0,0
410833,0,0,0
137665,0,0,0
635,0,0,0
340181,0,0,0
79802,0,0,0
183370,0,0,0
81770,0,0,0
295458,0,0,0
89103,0,0,0
280694,0,0,0
351384,0,0,0
353880,0,0,0
201792,0,0,0
191072,0,0,0
336142,0,0,0
396408,0,0,0
241005,0,0,0
148500,0,0,0
170525,0,0,0
292687,0,0,0
176501,0,0,0
305006,0,0,0
6623,0,0,0
130066,0,0,0
169186,0,0,0
315213,0,0,0
102799,0,0,0
22476,0,0,0
27338,0,0,0
376738,0,0,0
89030,0,0,0
275734,0,0,0
160394,0,0,0
67873,0,0,0
296543,0,0,0
337754,0,0,0
324432,0,0,0
337387,0,0,0
344708,0,0,0
375051,0,0,0
140344,0,0,0
201339,0,0,0
337463,0,0,0
134839,0,0,0
143105,0,0,0
233658,0,0,0
195606,0,0,0
160362,0,0,0
132222,0,0,0
330003,0,0,0
79848,0,0,0
1800,0,0,0
141619,0,0,0
329205,0,0,0
278500,0,0,0
271539,0,0,0
185752,0,0,0
243420,0,0,0
298034,0,0,0
90048,0,0,0
348385,0,0,0
173974,0,0,0
359723,0,0,0
165329,0,0,0
940,0,0,0
230776,0,0,0
52734,0,0,0
213695,0,0,0
391551,0,0,0
237222,0,0,0
178587,0,0,0
120414,0,0,0
235640,0,0,0
39516,0,0,0
286732,0,0,0
40035,0,0,0
257481,0,0,0
287440,0,0,0
338098,0,0,0
259212,0,0,0
1121,0,0,0
163652,0,0,0
326508,0,0,0
208150,0,0,0
235737,0,0,0
187338,0,0,0
48248,0,0,0
319566,0,0,0
353774,0,0,0
104175,0,0,0
16143,0,0,0
89284,0,0,0
24987,0,0,0
334666,0,0,0
359055,0,0,0
91885,0,0,0
296329,0,0,0
376596,0,0,0
399157,0,0,0
359138,0,0,0
169206,0,0,0
158694,0,0,0
278092,0,0,0
114906,0,0,0
248775,0,0,0
355036,0,0,0
50837,0,0,0
86216,0,0,0
55387,0,0,0
228998,0,0,0
147082,0,0,0
183657,0,0,0
5012,0,0,0
83207,0,0,0
232835,0,0,0
409793,0,0,0
302979,0,0,0
313688,0,0,0
49699,0,0,0
373962,0,0,0
228577,0,0,0
154428,0,0,0
201420,0,0,0
226649,0,0,0
248893,0,0,0
164941,0,0,0
166709,0,0,0
316336,0,0,0
33314,0,0,0
71234,0,0,0
36748,0,0,0
238488,0,0,0
267608,0,0,0
208943,0,0,0
353867,0,0,0
371671,0,0,0
155931,0,0,0
353961,0,0,0
118574,0,0,0
94460,0,0,0
392560,0,0,0
10521,0,0,0
73291,0,0,0
71407,0,0,0
194879,0,0,0
335673,0,0,0
352511,0,0,0
395640,0,0,0
107865,0,0,0
6989,0,0,0
396556,0,0,0
237390,0,0,0
111383,0,0,0
123268,0,0,0
20305,0,0,0
265340,0,0,0
258977,0,0,0
323483,0,0,0
87094,0,0,0
229383,0,0,0
290155,0,0,0
364731,0,0,0
37246,0,0,0
305753,0,0,0
214173,0,0,0
309799,0,0,0
45291,0,0,0
232106,0,0,0
408323,0,0,0
109181,0,0,0
244596,0,0,0
283498,0,0,0
234953,0,0,0
404370,0,0,0
316946,0,0,0
172582,0,0,0
366477,0,0,0
155978,0,0,0
122073,0,0,0
79954,0,0,0
73099,0,0,0
401516,0,0,0
165412,0,0,0
219866,0,0,0
244840,0,0,0
211448,0,0,0
33039,0,0,0
9174,0,0,0
161566,0,0,0
57119,0,0,0
8802,0,0,0
154759,0,0,0
392593,0,0,0
300473,0,0,0
368722,0,0,0
3542,0,0,0
63046,0,0,0
107463,0,0,0
136490,0,0,0
634,0,0,0
275084,0,0,0
119992,0,0,0
363449,0,0,0
60338,0,0,0
291532,0,0,0
395765,0,0,0
17326,0,0,0
198832,0,0,0
108371,0,0,0
50671,0,0,0
141206,0,0,0
377012,0,0,0
202969,0,0,0
407418,0,0,0
177332,0,0,0
243580,0,0,0
174274,0,0,0
81719,0,0,0
201470,0,0,0
398287,0,0,0
110114,0,0,0
199703,0,0,0
405659,0,0,0
155764,0,0,0
504,0,0,0
39246,0,0,0
376911,0,0,0
271525,0,0,0
105789,0,0,0
191136,0,0,0
141086,0,0,0
294080,0,0,0
68239,0,0,0
115431,0,0,0
328964,0,0,0
309959,0,0,0
337292,0,0,0
19492,0,0,0
291072,0,0,0
168141,0,0,0
368103,0,0,0
219771,0,0,0
26884,0,0,0
173313,0,0,0
220755,0,0,0
393638,0,0,0
410597,0,0,0
13338,0,0,0
398748,0,0,0
53609,0,0,0
33085,0,0,0
170053,0,0,0
80974,0,0,0
224005,0,0,0
13488,0,0,0
57158,0,0,0
139958,0,0,0
204218,0,0,0
34369,0,0,0
29518,0,0,0
102303,0,0,0
158443,0,0,0
356613,0,0,0
252124,0,0,0
47686,0,0,0
324340,0,0,0
326117,0,0,0
287646,0,0,0
389844,0,0,0
28112,0,0,0
62067,0,0,0
90922,0,0,0
97589,0,0,0
375818,0,0,0
73803,0,0,0
219761,0,0,0
89151,0,0,0
211831,0,0,0
336786,0,0,0
333474,0,0,0
148882,0,0,0
217979,0,0,0
163266,0,0,0
255278,0,0,0
257059,0,0,0
217134,0,0,0
80570,0,0,0
159222,0,0,0
137240,0,0,0
128160,0,0,0
32691,0,0,0
206755,0,0,0
400983,0,0,0
9423,0,0,0
205433,0,0,0
405271,0,0,0
263066,0,0,0
10314,0,0,0
319380,0,0,0
2744,0,0,0
319576,0,0,0
121503,0,0,0
115147,0,0,0
235370,0,0,0
35864,0,0,0
296391,0,0,0
149420,0,0,0
379644,0,0,0
333531,0,0,0
318757,0,0,0
149895,0,0,0
265008,0,0,0
366405,0,0,0
105809,0,0,0
48977,0,0,0
121735,0,0,0
304211,0,0,0
371195,0,0,0
236229,0,0,0
136154,0,0,0
144931,0,0,0
46984,0,0,0
9915,0,0,0
20804,0,0,0
297175,0,0,0
27063,0,0,0
1975,0,0,0
275788,0,0,0
276201,0,0,0
384742,0,0,0
255343,0,0,0
267359,0,0,0
26898,0,0,0
170868,0,0,0
240566,0,0,0
96203,0,0,0
294623,0,0,0
402781,0,0,0
409194,0,0,0
20570,0,0,0
234701,0,0,0
224069,0,0,0
277859,0,0,0
258121,0,0,0
220462,0,0,0
207714,0,0,0
313495,0,0,0
42472,0,0,0
389534,0,0,0
151947,0,0,0
387260,0,0,0
343728,0,0,0
12800,0,0,0
287478,0,0,0
53177,0,0,0
33757,0,0,0
261558,0,0,0
7928,0,0,0
6587,0,0,0
394743,0,0,0
262540,0,0,0
372515,0,0,0
302071,0,0,0
394818,0,0,0
72359,0,0,0
109120,0,0,0
94734,0,0,0
29639,0,0,0
320200,0,0,0
97780,0,0,0
163687,0,0,0
65409,0,0,0
240785,0,0,0
24905,0,0,0
217002,0,0,0
99757,0,0,0
143313,0,0,0
164855,0,0,0
262417,0,0,0
270611,0,0,0
224847,0,0,0
340543,0,0,0
167420,0,0,0
244845,0,0,0
315311,0,0,0
328377,0,0,0
341596,0,0,0
155810,0,0,0
124001,0,0,0
397522,0,0,0
339805,0,0,0
215931,0,0,0
381150,0,0,0
397794,0,0,0
257487,0,0,0
222612,0,0,0
337215,0,0,0
293988,0,0,0
126135,0,0,0
34848,0,0,0
193890,0,0,0
131387,0,0,0
253683,0,0,0
235595,0,0,0
112210,0,0,0
376714,0,0,0
10079,0,0,0
133634,0,0,0
223326,0,0,0
404052,0,0,0
11345,0,0,0
312018,0,0,0
191548,0,0,0
96910,0,0,0
37762,0,0,0
386302,0,0,0
73527,0,0,0
357936,0,0,0
389588,0,0,0
293390,0,0,0
102627,0,0,0
153056,0,0,0
261656,0,0,0
72805,0,0,0
123170,0,0,0
95512,0,0,0
19051,0,0,0
17437,0,0,0
347670,0,0,0
216322,0,0,0
203767,0,0,0
190882,0,0,0
263423,0,0,0
209568,0,0,0
319709,0,0,0
188159,0,0,0
284531,0,0,0
213525,0,0,0
155658,0,0,0
359913,0,0,0
92693,0,0,0
251789,0,0,0
389160,0,0,0
31376,0,0,0
321334,0,0,0
251421,0,0,0
46389,0,0,0
361603,0,0,0
71924,0,0,0
348480,0,0,0
238146,0,0,0
118790,0,0,0
244523,0,0,0
174869,0,0,0
198492,0,0,0
77386,0,0,0
12100,0,0,0
115883,0,0,0
109034,0,0,0
241343,0,0,0
117037,0,0,0
364730,0,0,0
8503,0,0,0
350988,0,0,0
92077,0,0,0
157839,0,0,0
205088,0,0,0
192917,0,0,0
158347,0,0,0
259271,0,0,0
290238,0,0,0
399381,0,0,0
141628,0,0,0
129613,0,0,0
247848,0,0,0
238525,0,0,0
397525,0,0,0
189381,0,0,0
293879,0,0,0
236167,0,0,0
242505,0,0,0
108517,0,0,0
197465,0,0,0
282284,0,0,0
138969,0,0,0
269448,0,0,0
4045,0,0,0
10882,0,0,0
156586,0,0,0
212399,0,0,0
244392,0,0,0
310817,0,0,0
99011,0,0,0
198386,0,0,0
330537,0,0,0
122885,0,0,0
72931,0,0,0
140681,0,0,0
60827,0,0,0
213147,0,0,0
192640,0,0,0
336975,0,0,0
145576,0,0,0
140847,0,0,0
346906,0,0,0
346086,0,0,0
367330,0,0,0
234077,0,0,0
363919,0,0,0
245998,0,0,0
359168,0,0,0
261533,0,0,0
119439,0,0,0
8865,0,0,0
272323,0,0,0
78037,0,0,0
395037,0,0,0
187297,0,0,0
408706,0,0,0
301121,0,0,0
153119,0,0,0
339568,0,0,0
199982,0,0,0
79543,0,0,0
248046,0,0,0
188794,0,0,0
359509,0,0,0
207705,0,0,0
96747,0,0,0
168349,0,0,0
197355,0,0,0
338068,0,0,0
225922,0,0,0
329442,0,0,0
128269,0,0,0
320950,0,0,0
3741,0,0,0
70984,0,0,0
163807,0,0,0
95755,0,0,0
298799,0,0,0
386152,0,0,0
14703,0,0,0
376391,0,0,0
303871,0,0,0
325892,0,0,0
398097,0,0,0
139079,0,0,0
377601,0,0,0
194196,0,0,0
132601,0,0,0
273267,0,0,0
97704,0,0,0
115586,0,0,0
3403,0,0,0
296729,0,0,0
36519,0,0,0
224184,0,0,0
361871,0,0,0
283390,0,0,0
178488,0,0,0
344633,0,0,0
109811,0,0,0
24094,0,0,0
223440,0,0,0
64999,0,0,0
80704,0,0,0
69154,0,0,0
397576,0,0,0
379895,0,0,0
140130,0,0,0
279779,0,0,0
273944,0,0,0
296585,0,0,0
291556,0,0,0
140780,0,0,0
144236,0,0,0
3296,0,0,0
386859,0,0,0
55071,0,0,0
129567,0,0,0
67682,0,0,0
192712,0,0,0
339817,0,0,0
360569,0,0,0
282723,0,0,0
274162,0,0,0
261794,0,0,0
229364,0,0,0
258251,0,0,0
237407,0,0,0
223489,0,0,0
141561,0,0,0
371594,0,0,0
168217,0,0,0
193050,0,0,0
105487,0,0,0
201576,0,0,0
389021,0,0,0
287003,0,0,0
75463,0,0,0
111812,0,0,0
270548,0,0,0
327171,0,0,0
391059,0,0,0
350699,0,0,0
276796,0,0,0
344327,0,0,0
196293,0,0,0
370525,0,0,0
52824,0,0,0
13924,0,0,0
342130,0,0,0
145708,0,0,0
84605,0,0,0
253675,0,0,0
10422,0,0,0
335678,0,0,0
231038,0,0,0
91715,0,0,0
44394,0,0,0
175089,0,0,0
336347,0,0,0
300992,0,0,0
55850,0,0,0
259994,0,0,0
6088,0,0,0
102479,0,0,0
28431,0,0,0
197005,0,0,0
367883,0,0,0
213043,0,0,0
317173,0,0,0
59785,0,0,0
114669,0,0,0
50355,0,0,0
194414,0,0,0
201971,0,0,0
331831,0,0,0
307798,0,0,0
344105,0,0,0
300348,0,0,0
373649,0,0,0
142927,0,0,0
233771,0,0,0
221789,0,0,0
267108,0,0,0
58251,0,0,0
344178,0,0,0
306461,0,0,0
354401,0,0,0
57678,0,0,0
208562,0,0,0
102995,0,0,0
265688,0,0,0
230235,0,0,0
200158,0,0,0
195669,0,0,0
84447,0,0,0
96403,0,0,0
68265,0,0,0
53088,0,0,0
301781,0,0,0
218757,0,0,0
259116,0,0,0
222651,0,0,0
1357,0,0,0
299372,0,0,0
350139,0,0,0
14892,0,0,0
184442,0,0,0
82385,0,0,0
55156,0,0,0
303655,0,0,0
14520,0,0,0
216619,0,0,0
381810,0,0,0
170851,0,0,0
35133,0,0,0
304929,0,0,0
164305,0,0,0
325248,0,0,0
164370,0,0,0
183345,0,0,0
273396,0,0,0
252663,0,0,0
384296,0,0,0
332325,0,0,0
266106,0,0,0
282262,0,0,0
365524,0,0,0
148451,0,0,0
151624,0,0,0
280978,0,0,0
61406,0,0,0
362807,0,0,0
241534,0,0,0
180112,0,0,0
142454,0,0,0
138797,0,0,0
66613,0,0,0
183207,0,0,0
293952,0,0,0
79131,0,0,0
281739,0,0,0
205475,0,0,0
365915,0,0,0
65810,0,0,0
160045,0,0,0
37938,0,0,0
333136,0,0,0
78464,0,0,0
272336,0,0,0
370046,0,0,0
224228,0,0,0
229318,0,0,0
356761,0,0,0
342271,0,0,0
52566,0,0,0
385996,0,0,0
11369,0,0,0
131056,0,0,0
273456,0,0,0
410409,0,0,0
126370,0,0,0
207708,0,0,0
320884,0,0,0
193047,0,0,0
356542,0,0,0
370661,0,0,0
139948,0,0,0
126127,0,0,0
187794,0,0,0
101287,0,0,0
27574,0,0,0
301102,0,0,0
217234,0,0,0
128635,0,0,0
408620,0,0,0
144638,0,0,0
126469,0,0,0
177788,0,0,0
203154,0,0,0
139548,0,0,0
142362,0,0,0
215809,0,0,0
90401,0,0,0
213489,0,0,0
245679,0,0,0
29739,0,0,0
110130,0,0,0
250153,0,0,0
168746,0,0,0
198573,0,0,0
178202,0,0,0
356522,0,0,0
301106,0,0,0
62773,0,0,0
139299,0,0,0
236793,0,0,0
263127,0,0,0
167261,0,0,0
261020,0,0,0
316255,0,0,0
173461,0,0,0
133647,0,0,0
20757,0,0,0
402816,0,0,0
331543,0,0,0
313480,0,0,0
56594,0,0,0
96897,0,0,0
49005,0,0,0
78053,0,0,0
77372,0,0,0
252759,0,0,0
226831,0,0,0
187791,0,0,0
69624,0,0,0
204575,0,0,0
168709,0,0,0
348208,0,0,0
324613,0,0,0
389893,0,0,0
362885,0,0,0
259358,0,0,0
370276,0,0,0
49756,0,0,0
88719,0,0,0
7728,0,0,0
204368,0,0,0
262062,0,0,0
262292,0,0,0
162562,0,0,0
218688,0,0,0
83312,0,0,0
275012,0,0,0
86315,0,0,0
159851,0,0,0
253711,0,0,0
90331,0,0,0
367859,0,0,0
308859,0,0,0
211600,0,0,0
198272,0,0,0
194028,0,0,0
213538,0,0,0
332254,0,0,0
44804,0,0,0
217562,0,0,0
58545,0,0,0
189606,0,0,0
206588,0,0,0
184152,0,0,0
169696,0,0,0
89082,0,0,0
325058,0,0,0
315797,0,0,0
387136,0,0,0
373845,0,0,0
399859,0,0,0
77315,0,0,0
100507,0,0,0
160464,0,0,0
346828,0,0,0
216593,0,0,0
217504,0,0,0
123581,0,0,0
107408,0,0,0
82925,0,0,0
40939,0,0,0
362099,0,0,0
35398,0,0,0
330600,0,0,0
248102,0,0,0
376319,0,0,0
332802,0,0,0
276232,0,0,0
263728,0,0,0
298313,0,0,0
68095,0,0,0
154055,0,0,0
359299,0,0,0
334026,0,0,0
52085,0,0,0
269601,0,0,0
99392,0,0,0
18342,0,0,0
57111,0,0,0
299932,0,0,0
307233,0,0,0
237472,0,0,0
285028,0,0,0
78221,0,0,0
147962,0,0,0
69123,0,0,0
368617,0,0,0
378370,0,0,0
351615,0,0,0
121556,0,0,0
355086,0,0,0
182711,0,0,0
211605,0,0,0
351753,0,0,0
237486,0,0,0
103104,0,0,0
256686,0,0,0
366413,0,0,0
232464,0,0,0
276756,0,0,0
231333,0,0,0
211332,0,0,0
160712,0,0,0
13062,0,0,0
398940,0,0,0
234948,0,0,0
212291,0,0,0
317044,0,0,0
90188,0,0,0
240016,0,0,0
377016,0,0,0
121069,0,0,0
140192,0,0,0
215198,0,0,0
343552,0,0,0
356701,0,0,0
266046,0,0,0
391457,0,0,0
296421,0,0,0
15359,0,0,0
254198,0,0,0
30482,0,0,0
190691,0,0,0
327723,0,0,0
198770,0,0,0
330313,0,0,0
272202,0,0,0
177116,0,0,0
278856,0,0,0
381441,0,0,0
389580,0,0,0
152325,0,0,0
182056,0,0,0
353777,0,0,0
173787,0,0,0
253697,0,0,0
97917,0,0,0
286886,0,0,0
409050,0,0,0
217160,0,0,0
329390,0,0,0
52293,0,0,0
404973,0,0,0
32623,0,0,0
150183,0,0,0
112828,0,0,0
116517,0,0,0
314207,0,0,0
47955,0,0,0
342718,0,0,0
242889,0,0,0
306238,0,0,0
207177,0,0,0
295162,0,0,0
55954,0,0,0
197273,0,0,0
172896,0,0,0
335935,0,0,0
388757,0,0,0
397082,0,0,0
2868,0,0,0
206940,0,0,0
327570,0,0,0
143482,0,0,0
49050,0,0,0
259477,0,0,0
162924,0,0,0
131290,0,0,0
149892,0,0,0
198130,0,0,0
331199,0,0,0
50585,0,0,0
398238,0,0,0
8325,0,0,0
266811,0,0,0
57169,0,0,0
175152,0,0,0
285257,0,0,0
138129,0,0,0
243606,0,0,0
193338,0,0,0
15925,0,0,0
71293,0,0,0
241383,0,0,0
351998,0,0,0
290786,0,0,0
255186,0,0,0
177440,0,0,0
150942,0,0,0
49098,0,0,0
185307,0,0,0
385501,0,0,0
44998,0,0,0
213704,0,0,0
125850,0,0,0
4594,0,0,0
196770,0,0,0
354734,0,0,0
276871,0,0,0
101527,0,0,0
20238,0,0,0
140430,0,0,0
14158,0,0,0
331093,0,0,0
107880,0,0,0
85693,0,0,0
176898,0,0,0
150507,0,0,0
173902,0,0,0
47056,0,0,0
356022,0,0,0
145381,0,0,0
200212,0,0,0
178398,0,0,0
207038,0,0,0
95900,0,0,0
183173,0,0,0
112940,0,0,0
19612,0,0,0
115013,0,0,0
106695,0,0,0
92817,0,0,0
106579,0,0,0
198794,0,0,0
5994,0,0,0
368147,0,0,0
301516,0,0,0
229880,0,0,0
400572,0,0,0
284838,0,0,0
148484,0,0,0
258560,0,0,0
161616,0,0,0
218084,0,0,0
16341,0,0,0
231750,0,0,0
366578,0,0,0
73345,0,0,0
335265,0,0,0
333483,0,0,0
406291,0,0,0
6532,0,0,0
173338,0,0,0
57891,0,0,0
92532,0,0,0
392262,0,0,0
380746,0,0,0
329450,0,0,0
96918,0,0,0
69176,0,0,0
326247,0,0,0
242931,0,0,0
27842,0,0,0
353562,0,0,0
68875,0,0,0
102203,0,0,0
74333,0,0,0
377936,0,0,0
199413,0,0,0
121998,0,0,0
260705,0,0,0
124074,0,0,0
59807,0,0,0
255040,0,0,0
306738,0,0,0
358149,0,0,0
138973,0,0,0
326353,0,0,0
189271,0,0,0
73780,0,0,0
328367,0,0,0
345732,0,0,0
411184,0,0,0
190543,0,0,0
19063,0,0,0
133534,0,0,0
133023,0,0,0
348876,0,0,0
266991,0,0,0
285074,0,0,0
274919,0,0,0
200664,0,0,0
61839,0,0,0
156551,0,0,0
293638,0,0,0
9442,0,0,0
79952,0,0,0
380091,0,0,0
61559,0,0,0
180648,0,0,0
391004,0,0,0
11459,0,0,0
42234,0,0,0
150588,0,0,0
88317,0,0,0
67982,0,0,0
174398,0,0,0
125275,0,0,0
20667,0,0,0
214037,0,0,0
125022,0,0,0
4839,0,0,0
171484,0,0,0
351664,0,0,0
387412,0,0,0
10880,0,0,0
119491,0,0,0
249246,0,0,0
255788,0,0,0
54316,0,0,0
370830,0,0,0
300412,0,0,0
371009,0,0,0
327816,0,0,0
88427,0,0,0
71625,0,0,0
262556,0,0,0
127305,0,0,0
323819,0,0,0
406992,0,0,0
109787,0,0,0
5252,0,0,0
156596,0,0,0
180694,0,0,0
23114,0,0,0
96526,0,0,0
244433,0,0,0
51007,0,0,0
157279,0,0,0
58617,0,0,0
87353,0,0,0
340343,0,0,0
72033,0,0,0
29901,0,0,0
115347,0,0,0
295208,0,0,0
73729,0,0,0
383218,0,0,0
209206,0,0,0
52423,0,0,0
140940,0,0,0
105410,0,0,0
55051,0,0,0
6755,0,0,0
140864,0,0,0
204256,0,0,0
401890,0,0,0
86792,0,0,0
321124,0,0,0
315204,0,0,0
129291,0,0,0
65039,0,0,0
263176,0,0,0
111832,0,0,0
284485,0,0,0
358812,0,0,0
154451,0,0,0
251529,0,0,0
85467,0,0,0
85123,0,0,0
363309,0,0,0
168025,0,0,0
340678,0,0,0
80522,0,0,0
358893,0,0,0
127085,0,0,0
98533,0,0,0
304514,0,0,0
162330,0,0,0
324102,0,0,0
21918,0,0,0
23388,0,0,0
325765,0,0,0
22927,0,0,0
204603,0,0,0
159026,0,0,0
270408,0,0,0
226545,0,0,0
334339,0,0,0
374038,0,0,0
57664,0,0,0
113700,0,0,0
95837,0,0,0
206283,0,0,0
361061,0,0,0
154643,0,0,0
381130,0,0,0
25595,0,0,0
306928,0,0,0
87611,0,0,0
88548,0,0,0
321523,0,0,0
310562,0,0,0
9295,0,0,0
58220,0,0,0
168235,0,0,0
362557,0,0,0
157495,0,0,0
311005,0,0,0
212787,0,0,0
184130,0,0,0
113424,0,0,0
37089,0,0,0
236635,0,0,0
100336,0,0,0
398795,0,0,0
21472,0,0,0
348883,0,0,0
298479,0,0,0
26582,0,0,0
391452,0,0,0
235139,0,0,0
58061,0,0,0
133011,0,0,0
320833,0,0,0
316703,0,0,0
81910,0,0,0
326482,0,0,0
129563,0,0,0
292908,0,0,0
22200,0,0,0
4147,0,0,0
309563,0,0,0
241314,0,0,0
41969,0,0,0
106081,0,0,0
149547,0,0,0
220262,0,0,0
402832,0,0,0
109663,0,0,0
304002,0,0,0
280342,0,0,0
132148,0,0,0
277030,0,0,0
204357,0,0,0
367145,0,0,0
204596,0,0,0
127579,0,0,0
195583,0,0,0
169509,0,0,0
358767,0,0,0
363370,0,0,0
371820,0,0,0
13157,0,0,0
344891,0,0,0
218119,0,0,0
241242,0,0,0
395229,0,0,0
87079,0,0,0
148735,0,0,0
25642,0,0,0
230357,0,0,0
106732,0,0,0
87740,0,0,0
383066,0,0,0
45534,0,0,0
253781,0,0,0
24025,0,0,0
99464,0,0,0
105236,0,0,0
282641,0,0,0
69047,0,0,0
376637,0,0,0
367027,0,0,0
207955,0,0,0
239616,0,0,0
43553,0,0,0
215342,0,0,0
363670,0,0,0
292068,0,0,0
331841,0,0,0
151252,0,0,0
199828,0,0,0
48265,0,0,0
372759,0,0,0
329830,0,0,0
408635,0,0,0
264417,0,0,0
20132,0,0,0
53673,0,0,0
255169,0,0,0
112141,0,0,0
19858,0,0,0
361500,0,0,0
363701,0,0,0
189767,0,0,0
319130,0,0,0
242173,0,0,0
234360,0,0,0
377461,0,0,0
167706,0,0,0
328545,0,0,0
388325,0,0,0
404878,0,0,0
341833,0,0,0
377842,0,0,0
371090,0,0,0
336219,0,0,0
293530,0,0,0
51995,0,0,0
365110,0,0,0
2733,0,0,0
264779,0,0,0
139660,0,0,0
213346,0,0,0
15311,0,0,0
360517,0,0,0
306340,0,0,0
125793,0,0,0
359073,0,0,0
171959,0,0,0
183066,0,0,0
156262,0,0,0
289508,0,0,0
857,0,0,0
211199,0,0,0
88025,0,0,0
407581,0,0,0
53785,0,0,0
236354,0,0,0
365087,0,0,0
294807,0,0,0
352277,0,0,0
22002,0,0,0
227865,0,0,0
165708,0,0,0
14168,0,0,0
136190,0,0,0
340648,0,0,0
13223,0,0,0
337167,0,0,0
182990,0,0,0
336214,0,0,0
394311,0,0,0
8938,0,0,0
164871,0,0,0
164132,0,0,0
6453,0,0,0
141188,0,0,0
234086,0,0,0
69900,0,0,0
249804,0,0,0
402123,0,0,0
34327,0,0,0
301120,0,0,0
345469,0,0,0
77822,0,0,0
58662,0,0,0
334306,0,0,0
6796,0,0,0
207309,0,0,0
143431,0,0,0
216993,0,0,0
116752,0,0,0
395589,0,0,0
352486,0,0,0
18815,0,0,0
267090,0,0,0
2734,0,0,0
126046,0,0,0
186913,0,0,0
134382,0,0,0
315993,0,0,0
75336,0,0,0
381917,0,0,0
89894,0,0,0
65685,0,0,0
337236,0,0,0
394635,0,0,0
258441,0,0,0
318416,0,0,0
324182,0,0,0
124781,0,0,0
179989,0,0,0
294019,0,0,0
404991,0,0,0
76526,0,0,0
32729,0,0,0
193716,0,0,0
221011,0,0,0
274937,0,0,0
2866,0,0,0
267520,0,0,0
167786,0,0,0
87453,0,0,0
150093,0,0,0
250389,0,0,0
386868,0,0,0
174357,0,0,0
248065,0,0,0
20754,0,0,0
41674,0,0,0
108634,0,0,0
356689,0,0,0
397239,0,0,0
393607,0,0,0
313475,0,0,0
308767,0,0,0
7922,0,0,0
334752,0,0,0
51604,0,0,0
360480,0,0,0
16921,0,0,0
351892,0,0,0
271926,0,0,0
15379,0,0,0
294191,0,0,0
343143,0,0,0
143838,0,0,0
81671,0,0,0
14125,0,0,0
82105,0,0,0
25668,0,0,0
186040,0,0,0
330381,0,0,0
354296,0,0,0
199019,0,0,0
58914,0,0,0
376428,0,0,0
153301,0,0,0
80764,0,0,0
246313,0,0,0
244004,0,0,0
317407,0,0,0
31495,0,0,0
306766,0,0,0
2585,0,0,0
113869,0,0,0
284658,0,0,0
277586,0,0,0
331786,0,0,0
282744,0,0,0
73944,0,0,0
204429,0,0,0
328703,0,0,0
392878,0,0,0
331797,0,0,0
350065,0,0,0
38140,0,0,0
396627,0,0,0
303279,0,0,0
264590,0,0,0
144064,0,0,0
146462,0,0,0
252347,0,0,0
215737,0,0,0
108581,0,0,0
211188,0,0,0
146584,0,0,0
273199,0,0,0
266975,0,0,0
370376,0,0,0
51143,0,0,0
71235,0,0,0
34322,0,0,0
376160,0,0,0
131801,0,0,0
200865,0,0,0
240031,0,0,0
36006,0,0,0
114245,0,0,0
44402,0,0,0
41154,0,0,0
337841,0,0,0
188577,0,0,0
152154,0,0,0
266393,0,0,0
240707,0,0,0
404641,0,0,0
253767,0,0,0
202612,0,0,0
136259,0,0,0
70725,0,0,0
190058,0,0,0
403497,0,0,0
201674,0,0,0
181713,0,0,0
165665,0,0,0
64284,0,0,0
47108,0,0,0
103110,0,0,0
342228,0,0,0
79940,0,0,0
83128,0,0,0
52872,0,0,0
210448,0,0,0
221766,0,0,0
174966,0,0,0
322148,0,0,0
93369,0,0,0
191805,0,0,0
243454,0,0,0
328836,0,0,0
56878,0,0,0
152157,0,0,0
238358,0,0,0
4868,0,0,0
143861,0,0,0
7770,0,0,0
365384,0,0,0
84927,0,0,0
269766,0,0,0
77218,0,0,0
146392,0,0,0
232992,0,0,0
150406,0,0,0
100311,0,0,0
115432,0,0,0
313500,0,0,0
372303,0,0,0
256603,0,0,0
288573,0,0,0
82856,0,0,0
29250,0,0,0
36934,0,0,0
159701,0,0,0
226738,0,0,0
323094,0,0,0
308063,0,0,0
70634,0,0,0
79278,0,0,0
389184,0,0,0
281124,0,0,0
40645,0,0,0
231120,0,0,0
184906,0,0,0
70275,0,0,0
268964,0,0,0
351528,0,0,0
109429,0,0,0
392012,0,0,0
160908,0,0,0
419,0,0,0
271269,0,0,0
232410,0,0,0
221795,0,0,0
347290,0,0,0
171233,0,0,0
40969,0,0,0
239716,0,0,0
355318,0,0,0
255916,0,0,0
279539,0,0,0
404763,0,0,0
182323,0,0,0
32027,0,0,0
396154,0,0,0
227534,0,0,0
318636,0,0,0
264936,0,0,0
194202,0,0,0
244587,0,0,0
375366,0,0,0
252366,0,0,0
314951,0,0,0
274084,0,0,0
101555,0,0,0
328015,0,0,0
117638,0,0,0
206408,0,0,0
14254,0,0,0
368821,0,0,0
46284,0,0,0
287405,0,0,0
408210,0,0,0
136026,0,0,0
150107,0,0,0
35930,0,0,0
55508,0,0,0
170156,0,0,0
256880,0,0,0
247886,0,0,0
127704,0,0,0
370569,0,0,0
59555,0,0,0
211349,0,0,0
394933,0,0,0
185628,0,0,0
69582,0,0,0
96514,0,0,0
322261,0,0,0
172623,0,0,0
334880,0,0,0
168210,0,0,0
201035,0,0,0
149845,0,0,0
355999,0,0,0
241604,0,0,0
300514,0,0,0
11116,0,0,0
83505,0,0,0
382195,0,0,0
171643,0,0,0
261374,0,0,0
402433,0,0,0
237332,0,0,0
13190,0,0,0
241263,0,0,0
285649,0,0,0
295394,0,0,0
345593,0,0,0
340912,0,0,0
65974,0,0,0
331902,0,0,0
382314,0,0,0
260949,0,0,0
385603,0,0,0
243746,0,0,0
93646,0,0,0
110854,0,0,0
335700,0,0,0
83226,0,0,0
37634,0,0,0
407273,0,0,0
10341,0,0,0
321298,0,0,0
4034,0,0,0
281631,0,0,0
48459,0,0,0
257873,0,0,0
350057,0,0,0
50941,0,0,0
400334,0,0,0
265107,0,0,0
197913,0,0,0
156653,0,0,0
243098,0,0,0
100367,0,0,0
127252,0,0,0
221924,0,0,0
158750,0,0,0
271332,0,0,0
120554,0,0,0
269778,0,0,0
230035,0,0,0
161361,0,0,0
347325,0,0,0
28343,0,0,0
233952,0,0,0
145211,0,0,0
236139,0,0,0
176275,0,0,0
80872,0,0,0
123926,0,0,0
334325,0,0,0
180572,0,0,0
379481,0,0,0
130092,0,0,0
292950,0,0,0
111598,0,0,0
123234,0,0,0
409799,0,0,0
281686,0,0,0
195584,0,0,0
204478,0,0,0
59261,0,0,0
341684,0,0,0
341075,0,0,0
37816,0,0,0
25485,0,0,0
73495,0,0,0
148044,0,0,0
106386,0,0,0
355919,0,0,0
295270,0,0,0
97419,0,0,0
161942,0,0,0
252658,0,0,0
251254,0,0,0
67180,0,0,0
139900,0,0,0
395552,0,0,0
261802,0,0,0
382278,0,0,0
63275,0,0,0
258128,0,0,0
280186,0,0,0
157127,0,0,0
135554,0,0,0
302926,0,0,0
132415,0,0,0
294438,0,0,0
362522,0,0,0
407576,0,0,0
15420,0,0,0
304409,0,0,0
232645,0,0,0
329228,0,0,0
324372,0,0,0
50690,0,0,0
72015,0,0,0
338648,0,0,0
359625,0,0,0
28882,0,0,0
122645,0,0,0
184347,0,0,0
11236,0,0,0
119476,0,0,0
369302,0,0,0
13728,0,0,0
206168,0,0,0
205677,0,0,0
293266,0,0,0
330020,0,0,0
267693,0,0,0
200491,0,0,0
15798,0,0,0
86609,0,0,0
18531,0,0,0
340877,0,0,0
168668,0,0,0
280213,0,0,0
178419,0,0,0
84935,0,0,0
207277,0,0,0
225314,0,0,0
287873,0,0,0
393097,0,0,0
295932,0,0,0
14806,0,0,0
308727,0,0,0
358207,0,0,0
322020,0,0,0
230030,0,0,0
150213,0,0,0
354465,0,0,0
346163,0,0,0
130752,0,0,0
331957,0,0,0
3869,0,0,0
394118,0,0,0
293376,0,0,0
381525,0,0,0
188603,0,0,0
405026,0,0,0
14070,0,0,0
350275,0,0,0
3105,0,0,0
30153,0,0,0
21382,0,0,0
138359,0,0,0
218904,0,0,0
1666,0,0,0
302755,0,0,0
127075,0,0,0
195849,0,0,0
13485,0,0,0
210070,0,0,0
23995,0,0,0
366033,0,0,0
409502,0,0,0
29046,0,0,0
264514,0,0,0
158034,0,0,0
190021,0,0,0
23055,0,0,0
407818,0,0,0
314453,0,0,0
199818,0,0,0
388008,0,0,0
390293,0,0,0
283444,0,0,0
390068,0,0,0
319289,0,0,0
179597,0,0,0
306085,0,0,0
13113,0,0,0
214280,0,0,0
62229,0,0,0
198423,0,0,0
372380,0,0,0
179083,0,0,0
283447,0,0,0
393767,0,0,0
261500,0,0,0
189279,0,0,0
268170,0,0,0
319479,0,0,0
58849,0,0,0
265494,0,0,0
121639,0,0,0
171309,0,0,0
204464,0,0,0
278276,0,0,0
97180,0,0,0
283612,0,0,0
131772,0,0,0
214563,0,0,0
166558,0,0,0
144761,0,0,0
382502,0,0,0
364905,0,0,0
222059,0,0,0
381888,0,0,0
5522,0,0,0
138816,0,0,0
8382,0,0,0
376518,0,0,0
283430,0,0,0
314062,0,0,0
351274,0,0,0
138499,0,0,0
189021,0,0,0
278809,0,0,0
377417,0,0,0
155855,0,0,0
186824,0,0,0
86518,0,0,0
189160,0,0,0
204775,0,0,0
360952,0,0,0
11249,0,0,0
129870,0,0,0
329778,0,0,0
22219,0,0,0
261121,0,0,0
190360,0,0,0
221518,0,0,0
188252,0,0,0
350638,0,0,0
302300,0,0,0
110776,0,0,0
122114,0,0,0
368663,0,0,0
98703,0,0,0
332657,0,0,0
333896,0,0,0
17343,0,0,0
214505,0,0,0
121969,0,0,0
2603,0,0,0
245378,0,0,0
31195,0,0,0
143800,0,0,0
243288,0,0,0
403055,0,0,0
40592,0,0,0
224682,0,0,0
175592,0,0,0
22267,0,0,0
77031,0,0,0
83789,0,0,0
329858,0,0,0
191812,0,0,0
70964,0,0,0
369703,0,0,0
127562,0,0,0
239091,0,0,0
355773,0,0,0
245930,0,0,0
120866,0,0,0
410143,0,0,0
226549,0,0,0
143664,0,0,0
73445,0,0,0
130725,0,0,0
51557,0,0,0
49418,0,0,0
227794,0,0,0
259547,0,0,0
348506,0,0,0
100655,0,0,0
128657,0,0,0
218813,0,0,0
41270,0,0,0
164878,0,0,0
180663,0,0,0
248478,0,0,0
373488,0,0,0
46098,0,0,0
196141,0,0,0
8822,0,0,0
325834,0,0,0
216845,0,0,0
115578,0,0,0
130072,0,0,0
140020,0,0,0
180628,0,0,0
37027,0,0,0
51675,0,0,0
356059,0,0,0
221679,0,0,0
327066,0,0,0
185858,0,0,0
89065,0,0,0
112686,0,0,0
5467,0,0,0
212103,0,0,0
235622,0,0,0
393399,0,0,0
77655,0,0,0
347585,0,0,0
220102,0,0,0
103752,0,0,0
181881,0,0,0
347300,0,0,0
355162,0,0,0
123108,0,0,0
232873,0,0,0
306217,0,0,0
395025,0,0,0
348060,0,0,0
147160,0,0,0
62808,0,0,0
177864,0,0,0
384631,0,0,0
104487,0,0,0
184015,0,0,0
102842,0,0,0
36337,0,0,0
9988,0,0,0
400819,0,0,0
33292,0,0,0
294065,0,0,0
356662,0,0,0
183866,0,0,0
193121,0,0,0
95560,0,0,0
188781,0,0,0
227172,0,0,0
232446,0,0,0
57356,0,0,0
130631,0,0,0
110902,0,0,0
251410,0,0,0
370464,0,0,0
223133,0,0,0
141361,0,0,0
24416,0,0,0
183607,0,0,0
132806,0,0,0
281480,0,0,0
169882,0,0,0
88044,0,0,0
341764,0,0,0
376496,0,0,0
20333,0,0,0
335096,0,0,0
261445,0,0,0
324324,0,0,0
19691,0,0,0
64494,0,0,0
212136,0,0,0
187505,0,0,0
15363,0,0,0
123188,0,0,0
178861,0,0,0
326250,0,0,0
270085,0,0,0
113864,0,0,0
126927,0,0,0
82852,0,0,0
197847,0,0,0
237648,0,0,0
200311,0,0,0
63488,0,0,0
25360,0,0,0
299720,0,0,0
206766,0,0,0
229553,0,0,0
326458,0,0,0
66078,0,0,0
306522,0,0,0
66286,0,0,0
321133,0,0,0
276888,0,0,0
44217,0,0,0
288147,0,0,0
27293,0,0,0
102975,0,0,0
278329,0,0,0
359482,0,0,0
170616,0,0,0
232933,0,0,0
164879,0,0,0
317191,0,0,0
92631,0,0,0
185468,0,0,0
322489,0,0,0
216470,0,0,0
113096,0,0,0
374766,0,0,0
324466,0,0,0
409268,0,0,0
174245,0,0,0
290857,0,0,0
156457,0,0,0
79200,0,0,0
294737,0,0,0
346264,0,0,0
191424,0,0,0
125671,0,0,0
242943,0,0,0
36184,0,0,0
133230,0,0,0
54060,0,0,0
1576,0,0,0
470,0,0,0
83587,0,0,0
271457,0,0,0
152709,0,0,0
199881,0,0,0
352767,0,0,0
210482,0,0,0
287640,0,0,0
141185,0,0,0
66027,0,0,0
31936,0,0,0
271353,0,0,0
114976,0,0,0
108150,0,0,0
269314,0,0,0
248660,0,0,0
95240,0,0,0
14932,0,0,0
49184,0,0,0
99116,0,0,0
212107,0,0,0
15350,0,0,0
331852,0,0,0
146821,0,0,0
338201,0,0,0
392148,0,0,0
71501,0,0,0
302547,0,0,0
66775,0,0,0
123488,0,0,0
199113,0,0,0
108481,0,0,0
149067,0,0,0
123373,0,0,0
236507,0,0,0
67222,0,0,0
62845,0,0,0
300901,0,0,0
167957,0,0,0
33340,0,0,0
69750,0,0,0
372283,0,0,0
351162,0,0,0
197177,0,0,0
161431,0,0,0
362487,0,0,0
78526,0,0,0
201299,0,0,0
98740,0,0,0
383284,0,0,0
259750,0,0,0
27532,0,0,0
22621,0,0,0
362453,0,0,0
366518,0,0,0
6045,0,0,0
43764,0,0,0
267313,0,0,0
381688,0,0,0
98939,0,0,0
119484,0,0,0
206887,0,0,0
175809,0,0,0
137764,0,0,0
365786,0,0,0
250003,0,0,0
240694,0,0,0
127132,0,0,0
165653,0,0,0
64711,0,0,0
134848,0,0,0
322691,0,0,0
323070,0,0,0
158967,0,0,0
144647,0,0,0
31581,0,0,0
331047,0,0,0
398959,0,0,0
130629,0,0,0
105726,0,0,0
342726,0,0,0
147267,0,0,0
133150,0,0,0
128938,0,0,0
263657,0,0,0
210471,0,0,0
62278,0,0,0
177841,0,0,0
301558,0,0,0
206171,0,0,0
125879,0,0,0
284828,0,0,0
43025,0,0,0
119136,0,0,0
206437,0,0,0
386424,0,0,0
305493,0,0,0
100263,0,0,0
166093,0,0,0
391502,0,0,0
256221,0,0,0
151533,0,0,0
380606,0,0,0
162206,0,0,0
329987,0,0,0
275753,0,0,0
353642,0,0,0
94160,0,0,0
295481,0,0,0
291948,0,0,0
305102,0,0,0
352708,0,0,0
364156,0,0,0
114521,0,0,0
280915,0,0,0
10936,0,0,0
363702,0,0,0
22874,0,0,0
344979,0,0,0
113926,0,0,0
213725,0,0,0
70120,0,0,0
252619,0,0,0
190813,0,0,0
293013,0,0,0
34953,0,0,0
404557,0,0,0
341548,0,0,0
169040,0,0,0
45570,0,0,0
409396,0,0,0
63914,0,0,0
366215,0,0,0
230379,0,0,0
349387,0,0,0
92164,0,0,0
268069,0,0,0
213289,0,0,0
153679,0,0,0
10883,0,0,0
21199,0,0,0
218450,0,0,0
183310,0,0,0
254549,0,0,0
395002,0,0,0
228480,0,0,0
198307,0,0,0
137144,0,0,0
108039,0,0,0
348354,0,0,0
187179,0,0,0
87257,0,0,0
204063,0,0,0
156222,0,0,0
17145,0,0,0
255006,0,0,0
124965,0,0,0
92403,0,0,0
68137,0,0,0
119111,0,0,0
282315,0,0,0
72500,0,0,0
255171,0,0,0
250792,0,0,0
232111,0,0,0
82613,0,0,0
379564,0,0,0
382371,0,0,0
136056,0,0,0
394610,0,0,0
405403,0,0,0
38061,0,0,0
223202,0,0,0
64914,0,0,0
342855,0,0,0
216530,0,0,0
152404,0,0,0
332276,0,0,0
101633,0,0,0
62711,0,0,0
252880,0,0,0
410470,0,0,0
231313,0,0,0
185418,0,0,0
410128,0,0,0
280366,0,0,0
313835,0,0,0
168561,0,0,0
490,0,0,0
97003,0,0,0
337253,0,0,0
98036,0,0,0
99432,0,0,0
151776,0,0,0
77440,0,0,0
161040,0,0,0
145370,0,0,0
308741,0,0,0
128419,0,0,0
155046,0,0,0
97779,0,0,0
50582,0,0,0
101455,0,0,0
118849,0,0,0
277055,0,0,0
308207,0,0,0
136982,0,0,0
122104,0,0,0
392729,0,0,0
121913,0,0,0
131277,0,0,0
199493,0,0,0
323878,0,0,0
56347,0,0,0
262525,0,0,0
404786,0,0,0
229665,0,0,0
273910,0,0,0
27220,0,0,0
160450,0,0,0
348503,0,0,0
136228,0,0,0
30639,0,0,0
272914,0,0,0
34558,0,0,0
245437,0,0,0
168834,0,0,0
90857,0,0,0
328511,0,0,0
234633,0,0,0
234975,0,0,0
236046,0,0,0
51942,0,0,0
299603,0,0,0
335297,0,0,0
354383,0,0,0
379695,0,0,0
85254,0,0,0
210383,0,0,0
23728,0,0,0
220723,0,0,0
353078,0,0,0
306979,0,0,0
276705,0,0,0
246692,0,0,0
395350,0,0,0
223700,0,0,0
151085,0,0,0
16869,0,0,0
404506,0,0,0
249282,0,0,0
295726,0,0,0
86360,0,0,0
165992,0,0,0
163320,0,0,0
43161,0,0,0
109929,0,0,0
303354,0,0,0
325319,0,0,0
87950,0,0,0
57492,0,0,0
263749,0,0,0
406785,0,0,0
217604,0,0,0
26853,0,0,0
372906,0,0,0
282581,0,0,0
341020,0,0,0
176471,0,0,0
402468,0,0,0
159020,0,0,0
65288,0,0,0
266965,0,0,0
339762,0,0,0
199999,0,0,0
186469,0,0,0
149837,0,0,0
186901,0,0,0
187973,0,0,0
10927,0,0,0
388915,0,0,0
248349,0,0,0
4074,0,0,0
272063,0,0,0
283398,0,0,0
13329,0,0,0
381103,0,0,0
36938,0,0,0
98495,0,0,0
114378,0,0,0
281954,0,0,0
399625,0,0,0
58883,0,0,0
365196,0,0,0
354670,0,0,0
90333,0,0,0
362047,0,0,0
29898,0,0,0
331800,0,0,0
33866,0,0,0
67417,0,0,0
99674,0,0,0
208397,0,0,0
296116,0,0,0
119764,0,0,0
7833,0,0,0
404939,0,0,0
167186,0,0,0
92698,0,0,0
8272,0,0,0
271450,0,0,0
229421,0,0,0
244389,0,0,0
284975,0,0,0
193933,0,0,0
186,0,0,0
348418,0,0,0
124370,0,0,0
388435,0,0,0
154658,0,0,0
187124,0,0,0
398177,0,0,0
205019,0,0,0
352543,0,0,0
136440,0,0,0
50699,0,0,0
230818,0,0,0
167437,0,0,0
151868,0,0,0
260641,0,0,0
39678,0,0,0
291993,0,0,0
19298,0,0,0
231577,0,0,0
63551,0,0,0
266097,0,0,0
315688,0,0,0
367064,0,0,0
73799,0,0,0
32656,0,0,0
312241,0,0,0
336626,0,0,0
179988,0,0,0
349406,0,0,0
331321,0,0,0
154970,0,0,0
392423,0,0,0
257483,0,0,0
295391,0,0,0
138991,0,0,0
173578,0,0,0
314749,0,0,0
275230,0,0,0
313559,0,0,0
264791,0,0,0
361585,0,0,0
52179,0,0,0
48968,0,0,0
116149,0,0,0
364557,0,0,0
141354,0,0,0
186216,0,0,0
52102,0,0,0
106619,0,0,0
7391,0,0,0
286351,0,0,0
18952,0,0,0
34527,0,0,0
389213,0,0,0
247344,0,0,0
313142,0,0,0
362947,0,0,0
2150,0,0,0
188813,0,0,0
267567,0,0,0
276865,0,0,0
81592,0,0,0
272362,0,0,0
357835,0,0,0
59915,0,0,0
205484,0,0,0
11426,0,0,0
47293,0,0,0
293791,0,0,0
378307,0,0,0
311243,0,0,0
226309,0,0,0
181136,0,0,0
251088,0,0,0
95976,0,0,0
332600,0,0,0
56662,0,0,0
63520,0,0,0
85652,0,0,0
22067,0,0,0
394773,0,0,0
73880,0,0,0
150626,0,0,0
80204,0,0,0
60003,0,0,0
320996,0,0,0
65875,0,0,0
213030,0,0,0
64978,0,0,0
223375,0,0,0
213554,0,0,0
114096,0,0,0
91346,0,0,0
253398,0,0,0
379044,0,0,0
363227,0,0,0
38480,0,0,0
115169,0,0,0
262025,0,0,0
283034,0,0,0
380401,0,0,0
77945,0,0,0
402435,0,0,0
133742,0,0,0
169365,0,0,0
296814,0,0,0
175473,0,0,0
242343,0,0,0
107107,0,0,0
59055,0,0,0
124701,0,0,0
111689,0,0,0
244921,0,0,0
366385,0,0,0
213769,0,0,0
267561,0,0,0
32299,0,0,0
148842,0,0,0
109625,0,0,0
188243,0,0,0
132015,0,0,0
154333,0,0,0
377668,0,0,0
242384,0,0,0
139477,0,0,0
263136,0,0,0
314237,0,0,0
43001,0,0,0
279577,0,0,0
80707,0,0,0
273688,0,0,0
145371,0,0,0
303003,0,0,0
385545,0,0,0
23487,0,0,0
34295,0,0,0
113680,0,0,0
64560,0,0,0
157897,0,0,0
165864,0,0,0
56836,0,0,0
383613,0,0,0
124064,0,0,0
295147,0,0,0
28108,0,0,0
363531,0,0,0
205989,0,0,0
84377,0,0,0
113685,0,0,0
42428,0,0,0
144994,0,0,0
266834,0,0,0
391721,0,0,0
58510,0,0,0
241374,0,0,0
260932,0,0,0
40231,0,0,0
287810,0,0,0
92061,0,0,0
21626,0,0,0
185868,0,0,0
218641,0,0,0
203007,0,0,0
164157,0,0,0
198051,0,0,0
283021,0,0,0
107298,0,0,0
330826,0,0,0
269088,0,0,0
381764,0,0,0
398112,0,0,0
191532,0,0,0
148850,0,0,0
247454,0,0,0
143153,0,0,0
119279,0,0,0
92931,0,0,0
102588,0,0,0
210183,0,0,0
103860,0,0,0
311713,0,0,0
242624,0,0,0
364499,0,0,0
256761,0,0,0
358901,0,0,0
292154,0,0,0
369550,0,0,0
245694,0,0,0
251975,0,0,0
102722,0,0,0
231875,0,0,0
349105,0,0,0
282311,0,0,0
185229,0,0,0
282152,0,0,0
202567,0,0,0
13544,0,0,0
58859,0,0,0
333564,0,0,0
271368,0,0,0
108365,0,0,0
89356,0,0,0
184655,0,0,0
244516,0,0,0
104430,0,0,0
176134,0,0,0
188874,0,0,0
247930,0,0,0
133581,0,0,0
77550,0,0,0
353038,0,0,0
32011,0,0,0
370676,0,0,0
226009,0,0,0
128705,0,0,0
250140,0,0,0
132810,0,0,0
146451,0,0,0
87011,0,0,0
105608,0,0,0
320585,0,0,0
386867,0,0,0
379103,0,0,0
171686,0,0,0
202121,0,0,0
162670,0,0,0
365556,0,0,0
139518,0,0,0
69023,0,0,0
75115,0,0,0
362700,0,0,0
50369,0,0,0
390283,0,0,0
96108,0,0,0
38766,0,0,0
349689,0,0,0
123995,0,0,0
81900,0,0,0
116554,0,0,0
60683,0,0,0
398207,0,0,0
287887,0,0,0
406986,0,0,0
239804,0,0,0
364438,0,0,0
235748,0,0,0
166063,0,0,0
68209,0,0,0
120980,0,0,0
221033,0,0,0
123527,0,0,0
206387,0,0,0
23988,0,0,0
21587,0,0,0
15648,0,0,0
203380,0,0,0
327784,0,0,0
190608,0,0,0
411245,0,0,0
728,0,0,0
83375,0,0,0
212631,0,0,0
57294,0,0,0
193472,0,0,0
197965,0,0,0
163734,0,0,0
230414,0,0,0
112762,0,0,0
322145,0,0,0
361620,0,0,0
122597,0,0,0
108911,0,0,0
164144,0,0,0
261262,0,0,0
284276,0,0,0
189065,0,0,0
261263,0,0,0
256488,0,0,0
219758,0,0,0
365347,0,0,0
254727,0,0,0
173680,0,0,0
290932,0,0,0
178824,0,0,0
280884,0,0,0
165770,0,0,0
253632,0,0,0
304527,0,0,0
396186,0,0,0
252882,0,0,0
61076,0,0,0
143907,0,0,0
154673,0,0,0
359584,0,0,0
175859,0,0,0
207950,0,0,0
252205,0,0,0
410480,0,0,0
393512,0,0,0
289676,0,0,0
109364,0,0,0
53001,0,0,0
10120,0,0,0
94570,0,0,0
18078,0,0,0
24840,0,0,0
323697,0,0,0
249966,0,0,0
49218,0,0,0
204379,0,0,0
70066,0,0,0
236997,0,0,0
85578,0,0,0
267175,0,0,0
298669,0,0,0
106953,0,0,0
357527,0,0,0
210132,0,0,0
207870,0,0,0
399,0,0,0
18997,0,0,0
267952,0,0,0
288774,0,0,0
55163,0,0,0
196479,0,0,0
248834,0,0,0
152228,0,0,0
116914,0,0,0
367421,0,0,0
129142,0,0,0
341828,0,0,0
355463,0,0,0
205638,0,0,0
72723,0,0,0
151132,0,0,0
357668,0,0,0
276615,0,0,0
258418,0,0,0
187365,0,0,0
274785,0,0,0
270118,0,0,0
31050,0,0,0
212520,0,0,0
38735,0,0,0
393485,0,0,0
138634,0,0,0
332050,0,0,0
327433,0,0,0
229563,0,0,0
302994,0,0,0
401105,0,0,0
55610,0,0,0
272235,0,0,0
193939,0,0,0
253622,0,0,0
31353,0,0,0
352223,0,0,0
295936,0,0,0
190479,0,0,0
280302,0,0,0
245625,0,0,0
17786,0,0,0
140868,0,0,0
391256,0,0,0
101502,0,0,0
5654,0,0,0
43366,0,0,0
408068,0,0,0
190430,0,0,0
366819,0,0,0
181492,0,0,0
116414,0,0,0
150025,0,0,0
180122,0,0,0
303823,0,0,0
240631,0,0,0
162283,0,0,0
310359,0,0,0
398707,0,0,0
193922,0,0,0
140390,0,0,0
390243,0,0,0
24183,0,0,0
354035,0,0,0
228003,0,0,0
317523,0,0,0
69488,0,0,0
27602,0,0,0
355114,0,0,0
395365,0,0,0
87099,0,0,0
21463,0,0,0
36387,0,0,0
263977,0,0,0
21148,0,0,0
337936,0,0,0
399194,0,0,0
254063,0,0,0
312196,0,0,0
72821,0,0,0
185682,0,0,0
172531,0,0,0
376445,0,0,0
285719,0,0,0
8341,0,0,0
204319,0,0,0
52495,0,0,0
276735,0,0,0
288033,0,0,0
333510,0,0,0
7396,0,0,0
164978,0,0,0
75797,0,0,0
346545,0,0,0
327755,0,0,0
144474,0,0,0
266980,0,0,0
194389,0,0,0
235575,0,0,0
9750,0,0,0
27249,0,0,0
93892,0,0,0
354878,0,0,0
237064,0,0,0
110569,0,0,0
404291,0,0,0
3714,0,0,0
76145,0,0,0
143871,0,0,0
141276,0,0,0
51914,0,0,0
319270,0,0,0
110914,0,0,0
140353,0,0,0
140514,0,0,0
227946,0,0,0
322694,0,0,0
114589,0,0,0
69026,0,0,0
109552,0,0,0
381256,0,0,0
205864,0,0,0
209032,0,0,0
97891,0,0,0
288789,0,0,0
363979,0,0,0
196261,0,0,0
123889,0,0,0
274163,0,0,0
394024,0,0,0
346703,0,0,0
325179,0,0,0
313238,0,0,0
395606,0,0,0
72023,0,0,0
184399,0,0,0
143333,0,0,0
244079,0,0,0
64285,0,0,0
229347,0,0,0
6156,0,0,0
41035,0,0,0
368366,0,0,0
221909,0,0,0
100376,0,0,0
1498,0,0,0
115407,0,0,0
267946,0,0,0
410268,0,0,0
170096,0,0,0
65554,0,0,0
369251,0,0,0
302351,0,0,0
3117,0,0,0
360287,0,0,0
336267,0,0,0
197534,0,0,0
40176,0,0,0
167371,0,0,0
49334,0,0,0
141739,0,0,0
159056,0,0,0
50282,0,0,0
281041,0,0,0
279905,0,0,0
181818,0,0,0
257386,0,0,0
263273,0,0,0
403006,0,0,0
18177,0,0,0
177613,0,0,0
85158,0,0,0
389361,0,0,0
14214,0,0,0
285455,0,0,0
139069,0,0,0
232338,0,0,0
124893,0,0,0
86919,0,0,0
408316,0,0,0
48743,0,0,0
335235,0,0,0
203939,0,0,0
132177,0,0,0
338192,0,0,0
296592,0,0,0
78509,0,0,0
252099,0,0,0
235318,0,0,0
61746,0,0,0
126666,0,0,0
303168,0,0,0
135777,0,0,0
149259,0,0,0
265885,0,0,0
63198,0,0,0
114143,0,0,0
215066,0,0,0
410988,0,0,0
108099,0,0,0
279244,0,0,0
386184,0,0,0
117825,0,0,0
100062,0,0,0
291710,0,0,0
391706,0,0,0
281805,0,0,0
409059,0,0,0
359500,0,0,0
202606,0,0,0
232025,0,0,0
144433,0,0,0
325510,0,0,0
210767,0,0,0
248024,0,0,0
143596,0,0,0
86879,0,0,0
178358,0,0,0
168166,0,0,0
48651,0,0,0
326840,0,0,0
407123,0,0,0
222586,0,0,0
10504,0,0,0
241851,0,0,0
243901,0,0,0
174756,0,0,0
23789,0,0,0
9161,0,0,0
152651,0,0,0
144441,0,0,0
161679,0,0,0
106321,0,0,0
344320,0,0,0
76115,0,0,0
242010,0,0,0
141292,0,0,0
267257,0,0,0
128026,0,0,0
396542,0,0,0
307962,0,0,0
396304,0,0,0
55379,0,0,0
372203,0,0,0
20331,0,0,0
341521,0,0,0
32994,0,0,0
247174,0,0,0
32986,0,0,0
173042,0,0,0
204907,0,0,0
344663,0,0,0
176254,0,0,0
299452,0,0,0
302088,0,0,0
210275,0,0,0
165524,0,0,0
31118,0,0,0
296705,0,0,0
219304,0,0,0
393911,0,0,0
65388,0,0,0
410656,0,0,0
314672,0,0,0
252216,0,0,0
96360,0,0,0
112575,0,0,0
83819,0,0,0
350176,0,0,0
76872,0,0,0
202151,0,0,0
258456,0,0,0
155902,0,0,0
171770,0,0,0
376724,0,0,0
267219,0,0,0
81311,0,0,0
337928,0,0,0
397439,0,0,0
244220,0,0,0
254269,0,0,0
56720,0,0,0
309266,0,0,0
351882,0,0,0
200823,0,0,0
150731,0,0,0
247004,0,0,0
168529,0,0,0
271044,0,0,0
40232,0,0,0
43411,0,0,0
34812,0,0,0
190706,0,0,0
313989,0,0,0
227999,0,0,0
263279,0,0,0
149168,0,0,0
359210,0,0,0
308181,0,0,0
391166,0,0,0
132851,0,0,0
344438,0,0,0
236728,0,0,0
187933,0,0,0
37328,0,0,0
190028,0,0,0
219341,0,0,0
39172,0,0,0
407173,0,0,0
74245,0,0,0
194704,0,0,0
200618,0,0,0
49846,0,0,0
361462,0,0,0
398871,0,0,0
268345,0,0,0
322817,0,0,0
398498,0,0,0
66130,0,0,0
151249,0,0,0
131017,0,0,0
305583,0,0,0
135023,0,0,0
63715,0,0,0
165748,0,0,0
383328,0,0,0
393712,0,0,0
261375,0,0,0
219626,0,0,0
102636,0,0,0
194814,0,0,0
174816,0,0,0
174682,0,0,0
392879,0,0,0
3072,0,0,0
10733,0,0,0
72677,0,0,0
180045,0,0,0
41871,0,0,0
190493,0,0,0
24892,0,0,0
411084,0,0,0
371225,0,0,0
77842,0,0,0
336668,0,0,0
365131,0,0,0
390100,0,0,0
319846,0,0,0
215523,0,0,0
408320,0,0,0
151412,0,0,0
275835,0,0,0
320008,0,0,0
137630,0,0,0
179555,0,0,0
380173,0,0,0
410712,0,0,0
407300,0,0,0
239955,0,0,0
353708,0,0,0
330860,0,0,0
368308,0,0,0
351964,0,0,0
284766,0,0,0
123307,0,0,0
113747,0,0,0
284902,0,0,0
238728,0,0,0
401469,0,0,0
300654,0,0,0
366381,0,0,0
83808,0,0,0
145706,0,0,0
177710,0,0,0
361437,0,0,0
230784,0,0,0
290883,0,0,0
315539,0,0,0
348477,0,0,0
215803,0,0,0
280887,0,0,0
289940,0,0,0
383070,0,0,0
10962,0,0,0
297172,0,0,0
61043,0,0,0
396401,0,0,0
316748,0,0,0
317261,0,0,0
396142,0,0,0
66441,0,0,0
149848,0,0,0
4798,0,0,0
213406,0,0,0
276716,0,0,0
43540,0,0,0
153311,0,0,0
287901,0,0,0
302710,0,0,0
364836,0,0,0
338885,0,0,0
180451,0,0,0
251396,0,0,0
228210,0,0,0
80119,0,0,0
342265,0,0,0
136186,0,0,0
103215,0,0,0
9079,0,0,0
124904,0,0,0
261834,0,0,0
232546,0,0,0
335789,0,0,0
355875,0,0,0
324094,0,0,0
366302,0,0,0
184532,0,0,0
319878,0,0,0
14243,0,0,0
215206,0,0,0
153206,0,0,0
22554,0,0,0
211456,0,0,0
47837,0,0,0
249922,0,0,0
241110,0,0,0
99548,0,0,0
10106,0,0,0
214021,0,0,0
333705,0,0,0
160922,0,0,0
1233,0,0,0
126549,0,0,0
339365,0,0,0
165826,0,0,0
140874,0,0,0
7940,0,0,0
96961,0,0,0
95408,0,0,0
403524,0,0,0
220125,0,0,0
181193,0,0,0
82662,0,0,0
77952,0,0,0
409937,0,0,0
64303,0,0,0
64252,0,0,0
366516,0,0,0
281403,0,0,0
368910,0,0,0
292391,0,0,0
227551,0,0,0
66343,0,0,0
303615,0,0,0
371914,0,0,0
107577,0,0,0
396462,0,0,0
110463,0,0,0
299959,0,0,0
5913,0,0,0
337398,0,0,0
252694,0,0,0
81347,0,0,0
49842,0,0,0
206545,0,0,0
98187,0,0,0
349595,0,0,0
159988,0,0,0
342347,0,0,0
112871,0,0,0
346408,0,0,0
385532,0,0,0
172010,0,0,0
158532,0,0,0
331829,0,0,0
117529,0,0,0
260441,0,0,0
392015,0,0,0
349092,0,0,0
160371,0,0,0
105384,0,0,0
57693,0,0,0
130635,0,0,0
181891,0,0,0
327561,0,0,0
127300,0,0,0
170434,0,0,0
95350,0,0,0
70743,0,0,0
48410,0,0,0
24623,0,0,0
230636,0,0,0
142692,0,0,0
155612,0,0,0
410454,0,0,0
400309,0,0,0
60907,0,0,0
204387,0,0,0
219299,0,0,0
113906,0,0,0
346578,0,0,0
83991,0,0,0
373136,0,0,0
261016,0,0,0
275670,0,0,0
84182,0,0,0
165608,0,0,0
397971,0,0,0
43637,0,0,0
311992,0,0,0
211809,0,0,0
135890,0,0,0
183671,0,0,0
318453,0,0,0
287550,0,0,0
348769,0,0,0
371435,0,0,0
50869,0,0,0
237694,0,0,0
88361,0,0,0
390381,0,0,0
95942,0,0,0
156642,0,0,0
123575,0,0,0
266105,0,0,0
152103,0,0,0
72478,0,0,0
397589,0,0,0
92668,0,0,0
147062,0,0,0
67540,0,0,0
230385,0,0,0
364352,0,0,0
89302,0,0,0
109638,0,0,0
195318,0,0,0
62211,0,0,0
39620,0,0,0
261400,0,0,0
114489,0,0,0
274401,0,0,0
71337,0,0,0
14775,0,0,0
324921,0,0,0
281972,0,0,0
60203,0,0,0
384347,0,0,0
134742,0,0,0
367078,0,0,0
327231,0,0,0
88451,0,0,0
193929,0,0,0
229595,0,0,0
69530,0,0,0
345063,0,0,0
834,0,0,0
117959,0,0,0
325477,0,0,0
17358,0,0,0
129111,0,0,0
383181,0,0,0
220042,0,0,0
206540,0,0,0
218548,0,0,0
172864,0,0,0
22567,0,0,0
208067,0,0,0
345251,0,0,0
269657,0,0,0
118728,0,0,0
50930,0,0,0
47658,0,0,0
372404,0,0,0
403607,0,0,0
356485,0,0,0
67676,0,0,0
327941,0,0,0
387613,0,0,0
212765,0,0,0
98594,0,0,0
87562,0,0,0
395585,0,0,0
111222,0,0,0
275337,0,0,0
244815,0,0,0
257647,0,0,0
122315,0,0,0
294527,0,0,0
174467,0,0,0
162477,0,0,0
323533,0,0,0
326754,0,0,0
75176,0,0,0
205054,0,0,0
332,0,0,0
4363,0,0,0
280474,0,0,0
169756,0,0,0
190123,0,0,0
180346,0,0,0
197644,0,0,0
64399,0,0,0
140689,0,0,0
166345,0,0,0
400421,0,0,0
238088,0,0,0
81340,0,0,0
86468,0,0,0
387674,0,0,0
186502,0,0,0
159214,0,0,0
293787,0,0,0
234715,0,0,0
401605,0,0,0
280153,0,0,0
11325,0,0,0
167099,0,0,0
54858,0,0,0
7550,0,0,0
399602,0,0,0
183895,0,0,0
31949,0,0,0
373468,0,0,0
366343,0,0,0
386628,0,0,0
102692,0,0,0
363961,0,0,0
66743,0,0,0
225648,0,0,0
11181,0,0,0
285769,0,0,0
65369,0,0,0
345976,0,0,0
248262,0,0,0
357735,0,0,0
238403,0,0,0
163081,0,0,0
64553,0,0,0
124551,0,0,0
81932,0,0,0
63917,0,0,0
4900,0,0,0
154377,0,0,0
287696,0,0,0
331524,0,0,0
384910,0,0,0
57823,0,0,0
169776,0,0,0
275571,0,0,0
235017,0,0,0
260451,0,0,0
124852,0,0,0
67544,0,0,0
334936,0,0,0
371100,0,0,0
240474,0,0,0
358711,0,0,0
401333,0,0,0
111024,0,0,0
356488,0,0,0
343201,0,0,0
300349,0,0,0
301515,0,0,0
236392,0,0,0
120300,0,0,0
149958,0,0,0
238101,0,0,0
299941,0,0,0
95193,0,0,0
194373,0,0,0
184284,0,0,0
4685,0,0,0
53831,0,0,0
241758,0,0,0
221497,0,0,0
209721,0,0,0
291382,0,0,0
149703,0,0,0
301448,0,0,0
293056,0,0,0
244539,0,0,0
23202,0,0,0
195234,0,0,0
363006,0,0,0
69746,0,0,0
5819,0,0,0
328680,0,0,0
238197,0,0,0
159835,0,0,0
188668,0,0,0
297154,0,0,0
342830,0,0,0
150631,0,0,0
265156,0,0,0
6615,0,0,0
76170,0,0,0
42181,0,0,0
17503,0,0,0
130590,0,0,0
150166,0,0,0
153826,0,0,0
272241,0,0,0
273034,0,0,0
40692,0,0,0
217651,0,0,0
175870,0,0,0
186301,0,0,0
96268,0,0,0
34830,0,0,0
188749,0,0,0
395481,0,0,0
273757,0,0,0
276125,0,0,0
201488,0,0,0
23678,0,0,0
313070,0,0,0
258695,0,0,0
322663,0,0,0
20444,0,0,0
278964,0,0,0
295799,0,0,0
8727,0,0,0
98758,0,0,0
186338,0,0,0
52524,0,0,0
399524,0,0,0
409183,0,0,0
865,0,0,0
402991,0,0,0
107562,0,0,0
361415,0,0,0
28849,0,0,0
318305,0,0,0
67472,0,0,0
314549,0,0,0
382628,0,0,0
101932,0,0,0
53489,0,0,0
299526,0,0,0
277044,0,0,0
113561,0,0,0
15896,0,0,0
246616,0,0,0
76933,0,0,0
30958,0,0,0
54429,0,0,0
297229,0,0,0
133763,0,0,0
238297,0,0,0
106562,0,0,0
95387,0,0,0
207587,0,0,0
70375,0,0,0
128745,0,0,0
285998,0,0,0
337143,0,0,0
269223,0,0,0
388580,0,0,0
15487,0,0,0
192568,0,0,0
42427,0,0,0
170834,0,0,0
106150,0,0,0
358953,0,0,0
118519,0,0,0
238567,0,0,0
273026,0,0,0
410586,0,0,0
361057,0,0,0
397477,0,0,0
319323,0,0,0
408204,0,0,0
204548,0,0,0
154946,0,0,0
209671,0,0,0
287037,0,0,0
353185,0,0,0
102381,0,0,0
386166,0,0,0
250580,0,0,0
1565,0,0,0
46967,0,0,0
19363,0,0,0
151443,0,0,0
376807,0,0,0
224641,0,0,0
306580,0,0,0
219418,0,0,0
197009,0,0,0
390954,0,0,0
322506,0,0,0
363501,0,0,0
124028,0,0,0
67958,0,0,0
85081,0,0,0
153748,0,0,0
323478,0,0,0
278014,0,0,0
3139,0,0,0
92606,0,0,0
124812,0,0,0
350199,0,0,0
372383,0,0,0
84907,0,0,0
246014,0,0,0
99690,0,0,0
391192,0,0,0
351723,0,0,0
115488,0,0,0
68898,0,0,0
403810,0,0,0
239237,0,0,0
206326,0,0,0
98885,0,0,0
187401,0,0,0
181224,0,0,0
106715,0,0,0
144868,0,0,0
377543,0,0,0
382321,0,0,0
385593,0,0,0
387060,0,0,0
351281,0,0,0
246522,0,0,0
90914,0,0,0
14852,0,0,0
332517,0,0,0
199755,0,0,0
80046,0,0,0
185674,0,0,0
162321,0,0,0
271516,0,0,0
230129,0,0,0
276146,0,0,0
148396,0,0,0
130597,0,0,0
355410,0,0,0
56785,0,0,0
324309,0,0,0
264833,0,0,0
408155,0,0,0
173659,0,0,0
375584,0,0,0
70082,0,0,0
232420,0,0,0
382491,0,0,0
28894,0,0,0
181296,0,0,0
297034,0,0,0
46512,0,0,0
410394,0,0,0
317934,0,0,0
84785,0,0,0
159897,0,0,0
352821,0,0,0
228987,0,0,0
360313,0,0,0
168610,0,0,0
294612,0,0,0
34557,0,0,0
153990,0,0,0
335824,0,0,0
364785,0,0,0
137164,0,0,0
364431,0,0,0
339541,0,0,0
85622,0,0,0
360573,0,0,0
32065,0,0,0
175367,0,0,0
345138,0,0,0
13597,0,0,0
272799,0,0,0
43454,0,0,0
55976,0,0,0
40571,0,0,0
92848,0,0,0
385078,0,0,0
247392,0,0,0
324481,0,0,0
286958,0,0,0
5760,0,0,0
81563,0,0,0
12824,0,0,0
115285,0,0,0
45714,0,0,0
355503,0,0,0
43395,0,0,0
152373,0,0,0
389539,0,0,0
281915,0,0,0
73168,0,0,0
73567,0,0,0
366827,0,0,0
64901,0,0,0
32962,0,0,0
348444,0,0,0
58095,0,0,0
14672,0,0,0
205848,0,0,0
43611,0,0,0
31221,0,0,0
87609,0,0,0
210992,0,0,0
155845,0,0,0
247605,0,0,0
248179,0,0,0
55924,0,0,0
208004,0,0,0
197870,0,0,0
317938,0,0,0
16634,0,0,0
329920,0,0,0
345672,0,0,0
4705,0,0,0
41301,0,0,0
221911,0,0,0
88084,0,0,0
339888,0,0,0
11432,0,0,0
132475,0,0,0
67414,0,0,0
21963,0,0,0
347389,0,0,0
303539,0,0,0
95845,0,0,0
76431,0,0,0
352619,0,0,0
403262,0,0,0
227232,0,0,0
36549,0,0,0
154967,0,0,0
244454,0,0,0
248055,0,0,0
320522,0,0,0
379527,0,0,0
78241,0,0,0
31424,0,0,0
143361,0,0,0
131554,0,0,0
192119,0,0,0
404377,0,0,0
20645,0,0,0
378137,0,0,0
151618,0,0,0
287355,0,0,0
129464,0,0,0
264787,0,0,0
40909,0,0,0
72581,0,0,0
176929,0,0,0
52110,0,0,0
43280,0,0,0
154434,0,0,0
301993,0,0,0
158261,0,0,0
401770,0,0,0
313192,0,0,0
182240,0,0,0
285401,0,0,0
199768,0,0,0
275390,0,0,0
237180,0,0,0
59499,0,0,0
77110,0,0,0
52692,0,0,0
270034,0,0,0
195169,0,0,0
352168,0,0,0
336081,0,0,0
126124,0,0,0
247474,0,0,0
312533,0,0,0
407295,0,0,0
368433,0,0,0
127941,0,0,0
386029,0,0,0
95719,0,0,0
178417,0,0,0
235496,0,0,0
386001,0,0,0
208654,0,0,0
66415,0,0,0
379458,0,0,0
340060,0,0,0
18761,0,0,0
266451,0,0,0
306492,0,0,0
82744,0,0,0
195838,0,0,0
58901,0,0,0
39997,0,0,0
229361,0,0,0
161950,0,0,0
170291,0,0,0
379199,0,0,0
59830,0,0,0
366498,0,0,0
356377,0,0,0
406925,0,0,0
57629,0,0,0
187233,0,0,0
69429,0,0,0
252520,0,0,0
224916,0,0,0
320439,0,0,0
346630,0,0,0
283675,0,0,0
47585,0,0,0
308434,0,0,0
30253,0,0,0
336091,0,0,0
230930,0,0,0
405852,0,0,0
15625,0,0,0
149476,0,0,0
197206,0,0,0
295102,0,0,0
61773,0,0,0
397311,0,0,0
249040,0,0,0
249853,0,0,0
167474,0,0,0
246518,0,0,0
314277,0,0,0
229233,0,0,0
358595,0,0,0
74533,0,0,0
184610,0,0,0
144202,0,0,0
375680,0,0,0
27950,0,0,0
227258,0,0,0
384385,0,0,0
302593,0,0,0
85674,0,0,0
344648,0,0,0
358586,0,0,0
158779,0,0,0
190697,0,0,0
196162,0,0,0
193896,0,0,0
146458,0,0,0
266007,0,0,0
58244,0,0,0
151931,0,0,0
42532,0,0,0
239260,0,0,0
377473,0,0,0
91242,0,0,0
48618,0,0,0
244410,0,0,0
352743,0,0,0
54863,0,0,0
110901,0,0,0
398663,0,0,0
133287,0,0,0
144029,0,0,0
375351,0,0,0
25456,0,0,0
154912,0,0,0
52168,0,0,0
201627,0,0,0
43563,0,0,0
349609,0,0,0
52858,0,0,0
171910,0,0,0
129296,0,0,0
391275,0,0,0
81607,0,0,0
205767,0,0,0
361349,0,0,0
74072,0,0,0
240026,0,0,0
400105,0,0,0
75544,0,0,0
235454,0,0,0
36482,0,0,0
390481,0,0,0
163324,0,0,0
5148,0,0,0
360128,0,0,0
145012,0,0,0
94318,0,0,0
110180,0,0,0
208946,0,0,0
144578,0,0,0
137421,0,0,0
16663,0,0,0
206451,0,0,0
896,0,0,0
354821,0,0,0
188473,0,0,0
42355,0,0,0
73965,0,0,0
195520,0,0,0
279528,0,0,0
297320,0,0,0
342765,0,0,0
399057,0,0,0
31471,0,0,0
84201,0,0,0
180197,0,0,0
110235,0,0,0
353855,0,0,0
47759,0,0,0
251906,0,0,0
239811,0,0,0
66527,0,0,0
36931,0,0,0
38036,0,0,0
304597,0,0,0
350892,0,0,0
294855,0,0,0
309459,0,0,0
167576,0,0,0
191773,0,0,0
220876,0,0,0
16478,0,0,0
133565,0,0,0
360470,0,0,0
147441,0,0,0
295138,0,0,0
151675,0,0,0
201574,0,0,0
362435,0,0,0
80721,0,0,0
396620,0,0,0
123736,0,0,0
207625,0,0,0
279550,0,0,0
218044,0,0,0
6071,0,0,0
84000,0,0,0
174604,0,0,0
389719,0,0,0
348987,0,0,0
264513,0,0,0
261502,0,0,0
369496,0,0,0
297443,0,0,0
370352,0,0,0
333541,0,0,0
111977,0,0,0
154776,0,0,0
256845,0,0,0
215417,0,0,0
320712,0,0,0
30528,0,0,0
157382,0,0,0
369391,0,0,0
16934,0,0,0
92273,0,0,0
151703,0,0,0
280907,0,0,0
87306,0,0,0
294461,0,0,0
6952,0,0,0
65211,0,0,0
407163,0,0,0
357986,0,0,0
109801,0,0,0
106379,0,0,0
45460,0,0,0
1281,0,0,0
231907,0,0,0
328335,0,0,0
228089,0,0,0
119683,0,0,0
278708,0,0,0
242000,0,0,0
260374,0,0,0
24098,0,0,0
329020,0,0,0
299991,0,0,0
14035,0,0,0
301755,0,0,0
293338,0,0,0
290688,0,0,0
179734,0,0,0
172387,0,0,0
279612,0,0,0
6722,0,0,0
65684,0,0,0
88439,0,0,0
9629,0,0,0
51046,0,0,0
196316,0,0,0
298031,0,0,0
162527,0,0,0
247006,0,0,0
234144,0,0,0
9006,0,0,0
382342,0,0,0
45557,0,0,0
240892,0,0,0
25105,0,0,0
255962,0,0,0
330669,0,0,0
92010,0,0,0
14416,0,0,0
293631,0,0,0
350335,0,0,0
146296,0,0,0
264373,0,0,0
264324,0,0,0
287681,0,0,0
81750,0,0,0
300399,0,0,0
47709,0,0,0
45615,0,0,0
161979,0,0,0
266294,0,0,0
196691,0,0,0
344680,0,0,0
370079,0,0,0
394482,0,0,0
140688,0,0,0
377055,0,0,0
286654,0,0,0
20948,0,0,0
374420,0,0,0
163857,0,0,0
258189,0,0,0
259762,0,0,0
50985,0,0,0
176180,0,0,0
141324,0,0,0
67508,0,0,0
152235,0,0,0
274086,0,0,0
115801,0,0,0
245825,0,0,0
150458,0,0,0
228365,0,0,0
147226,0,0,0
25753,0,0,0
121667,0,0,0
94928,0,0,0
67264,0,0,0
294787,0,0,0
301937,0,0,0
239125,0,0,0
218817,0,0,0
300904,0,0,0
194959,0,0,0
244177,0,0,0
111967,0,0,0
54191,0,0,0
37000,0,0,0
269580,0,0,0
387691,0,0,0
28536,0,0,0
26115,0,0,0
29929,0,0,0
241291,0,0,0
295865,0,0,0
149745,0,0,0
96125,0,0,0
43051,0,0,0
174905,0,0,0
268336,0,0,0
111650,0,0,0
14770,0,0,0
321821,0,0,0
123935,0,0,0
200796,0,0,0
383776,0,0,0
344704,0,0,0
260540,0,0,0
39625,0,0,0
319525,0,0,0
75932,0,0,0
301430,0,0,0
381474,0,0,0
248811,0,0,0
354042,0,0,0
285923,0,0,0
189855,0,0,0
132075,0,0,0
312306,0,0,0
291319,0,0,0
145358,0,0,0
235179,0,0,0
363900,0,0,0
181593,0,0,0
188715,0,0,0
153108,0,0,0
63328,0,0,0
252540,0,0,0
290991,0,0,0
132190,0,0,0
365210,0,0,0
272620,0,0,0
198038,0,0,0
131016,0,0,0
260834,0,0,0
117572,0,0,0
404857,0,0,0
173773,0,0,0
53028,0,0,0
171099,0,0,0
42825,0,0,0
226856,0,0,0
155473,0,0,0
344790,0,0,0
217959,0,0,0
373007,0,0,0
62187,0,0,0
10074,0,0,0
78125,0,0,0
188940,0,0,0
369552,0,0,0
209939,0,0,0
29022,0,0,0
140422,0,0,0
115629,0,0,0
228497,0,0,0
277125,0,0,0
253958,0,0,0
114005,0,0,0
399670,0,0,0
81021,0,0,0
365282,0,0,0
203835,0,0,0
152119,0,0,0
14065,0,0,0
74001,0,0,0
200853,0,0,0
53733,0,0,0
399559,0,0,0
305061,0,0,0
56934,0,0,0
118139,0,0,0
95622,0,0,0
156240,0,0,0
125683,0,0,0
146269,0,0,0
290855,0,0,0
144919,0,0,0
249020,0,0,0
194643,0,0,0
409294,0,0,0
4186,0,0,0
183092,0,0,0
295184,0,0,0
265796,0,0,0
360941,0,0,0
212072,0,0,0
199100,0,0,0
134537,0,0,0
628,0,0,0
160370,0,0,0
98898,0,0,0
21915,0,0,0
389498,0,0,0
146652,0,0,0
298484,0,0,0
320356,0,0,0
248519,0,0,0
268231,0,0,0
14259,0,0,0
403608,0,0,0
355102,0,0,0
199774,0,0,0
181679,0,0,0
93214,0,0,0
151430,0,0,0
401722,0,0,0
65399,0,0,0
206482,0,0,0
339246,0,0,0
266305,0,0,0
257782,0,0,0
240565,0,0,0
410717,0,0,0
91971,0,0,0
331724,0,0,0
213151,0,0,0
55139,0,0,0
243848,0,0,0
178070,0,0,0
215225,0,0,0
251542,0,0,0
215421,0,0,0
41962,0,0,0
174382,0,0,0
360475,0,0,0
335544,0,0,0
93963,0,0,0
302239,0,0,0
135226,0,0,0
106427,0,0,0
171697,0,0,0
255152,0,0,0
21240,0,0,0
199610,0,0,0
363252,0,0,0
243239,0,0,0
276225,0,0,0
286340,0,0,0
295989,0,0,0
6783,0,0,0
220695,0,0,0
113408,0,0,0
201244,0,0,0
384349,0,0,0
152072,0,0,0
177240,0,0,0
205231,0,0,0
231417,0,0,0
193026,0,0,0
212334,0,0,0
303684,0,0,0
52894,0,0,0
102243,0,0,0
126906,0,0,0
52349,0,0,0
201383,0,0,0
52331,0,0,0
89929,0,0,0
294580,0,0,0
49070,0,0,0
107985,0,0,0
77663,0,0,0
318194,0,0,0
262915,0,0,0
325861,0,0,0
83578,0,0,0
377639,0,0,0
262879,0,0,0
197433,0,0,0
352198,0,0,0
137625,0,0,0
148812,0,0,0
280711,0,0,0
197388,0,0,0
153901,0,0,0
122313,0,0,0
142793,0,0,0
357637,0,0,0
156190,0,0,0
62164,0,0,0
208029,0,0,0
77891,0,0,0
255999,0,0,0
222088,0,0,0
339791,0,0,0
257253,0,0,0
205342,0,0,0
95099,0,0,0
51483,0,0,0
305200,0,0,0
50907,0,0,0
286356,0,0,0
196708,0,0,0
250582,0,0,0
131864,0,0,0
326889,0,0,0
123060,0,0,0
295928,0,0,0
300184,0,0,0
352317,0,0,0
57433,0,0,0
291678,0,0,0
210272,0,0,0
261313,0,0,0
132002,0,0,0
351759,0,0,0
402121,0,0,0
359566,0,0,0
63072,0,0,0
363953,0,0,0
171518,0,0,0
42510,0,0,0
270413,0,0,0
114395,0,0,0
46555,0,0,0
139538,0,0,0
313906,0,0,0
181498,0,0,0
159713,0,0,0
21400,0,0,0
32907,0,0,0
112530,0,0,0
273087,0,0,0
325450,0,0,0
217904,0,0,0
42950,0,0,0
14722,0,0,0
138655,0,0,0
50024,0,0,0
326631,0,0,0
270901,0,0,0
334756,0,0,0
12433,0,0,0
189322,0,0,0
12494,0,0,0
240318,0,0,0
300273,0,0,0
211239,0,0,0
154359,0,0,0
343690,0,0,0
275544,0,0,0
112878,0,0,0
115894,0,0,0
22424,0,0,0
349191,0,0,0
88261,0,0,0
233234,0,0,0
394732,0,0,0
128706,0,0,0
78617,0,0,0
146468,0,0,0
268282,0,0,0
121313,0,0,0
31642,0,0,0
318207,0,0,0
400264,0,0,0
247823,0,0,0
294132,0,0,0
318815,0,0,0
122782,0,0,0
301574,0,0,0
196328,0,0,0
400680,0,0,0
396629,0,0,0
154796,0,0,0
356116,0,0,0
179843,0,0,0
231187,0,0,0
394778,0,0,0
202621,0,0,0
151156,0,0,0
32365,0,0,0
10338,0,0,0
385252,0,0,0
250404,0,0,0
105855,0,0,0
334603,0,0,0
380879,0,0,0
403296,0,0,0
167928,0,0,0
180770,0,0,0
75793,0,0,0
127559,0,0,0
23384,0,0,0
52483,0,0,0
134553,0,0,0
285569,0,0,0
138349,0,0,0
403095,0,0,0
245474,0,0,0
202484,0,0,0
141890,0,0,0
304866,0,0,0
169972,0,0,0
10583,0,0,0
329393,0,0,0
298964,0,0,0
141364,0,0,0
373952,0,0,0
343935,0,0,0
283989,0,0,0
63273,0,0,0
21800,0,0,0
101020,0,0,0
70446,0,0,0
114306,0,0,0
216549,0,0,0
127808,0,0,0
255704,0,0,0
363306,0,0,0
358637,0,0,0
280248,0,0,0
206337,0,0,0
129863,0,0,0
4417,0,0,0
370380,0,0,0
238578,0,0,0
38107,0,0,0
346233,0,0,0
354976,0,0,0
294858,0,0,0
121522,0,0,0
114659,0,0,0
239228,0,0,0
319117,0,0,0
88284,0,0,0
135519,0,0,0
185986,0,0,0
106115,0,0,0
291289,0,0,0
371049,0,0,0
380225,0,0,0
286947,0,0,0
12872,0,0,0
101203,0,0,0
374133,0,0,0
353252,0,0,0
183735,0,0,0
165701,0,0,0
129932,0,0,0
272332,0,0,0
46450,0,0,0
222831,0,0,0
241105,0,0,0
353752,0,0,0
397469,0,0,0
271713,0,0,0
66628,0,0,0
114940,0,0,0
382035,0,0,0
33459,0,0,0
22746,0,0,0
135923,0,0,0
172716,0,0,0
357423,0,0,0
106584,0,0,0
278219,0,0,0
394944,0,0,0
74526,0,0,0
58318,0,0,0
87349,0,0,0
3229,0,0,0
276179,0,0,0
236421,0,0,0
123007,0,0,0
329965,0,0,0
205272,0,0,0
372088,0,0,0
344528,0,0,0
360534,0,0,0
174621,0,0,0
104411,0,0,0
240451,0,0,0
319156,0,0,0
130422,0,0,0
376148,0,0,0
378640,0,0,0
141009,0,0,0
234655,0,0,0
108858,0,0,0
60685,0,0,0
338077,0,0,0
173411,0,0,0
167060,0,0,0
170441,0,0,0
303128,0,0,0
247044,0,0,0
58767,0,0,0
271121,0,0,0
52355,0,0,0
299916,0,0,0
247697,0,0,0
58840,0,0,0
199302,0,0,0
56509,0,0,0
187360,0,0,0
187953,0,0,0
383545,0,0,0
363577,0,0,0
185524,0,0,0
316481,0,0,0
232232,0,0,0
102015,0,0,0
305885,0,0,0
380353,0,0,0
303361,0,0,0
48628,0,0,0
171877,0,0,0
402006,0,0,0
23563,0,0,0
288819,0,0,0
175827,0,0,0
14026,0,0,0
381488,0,0,0
224688,0,0,0
357585,0,0,0
249695,0,0,0
298508,0,0,0
142535,0,0,0
48104,0,0,0
41903,0,0,0
348763,0,0,0
311578,0,0,0
379722,0,0,0
245418,0,0,0
24364,0,0,0
237675,0,0,0
78910,0,0,0
91475,0,0,0
376049,0,0,0
370163,0,0,0
2515,0,0,0
307867,0,0,0
42938,0,0,0
17039,0,0,0
356873,0,0,0
142262,0,0,0
176860,0,0,0
98411,0,0,0
308099,0,0,0
113003,0,0,0
95474,0,0,0
320716,0,0,0
278089,0,0,0
379933,0,0,0
149691,0,0,0
389111,0,0,0
151704,0,0,0
403327,0,0,0
86292,0,0,0
385177,0,0,0
159893,0,0,0
220259,0,0,0
237272,0,0,0
32954,0,0,0
145936,0,0,0
367356,0,0,0
403014,0,0,0
23453,0,0,0
311823,0,0,0
83626,0,0,0
250628,0,0,0
384145,0,0,0
352588,0,0,0
110271,0,0,0
3995,0,0,0
397193,0,0,0
106671,0,0,0
398934,0,0,0
291067,0,0,0
224461,0,0,0
370280,0,0,0
326590,0,0,0
409225,0,0,0
134864,0,0,0
394322,0,0,0
181432,0,0,0
161376,0,0,0
89726,0,0,0
249124,0,0,0
258828,0,0,0
311634,0,0,0
88568,0,0,0
120404,0,0,0
88111,0,0,0
37525,0,0,0
190909,0,0,0
53210,0,0,0
152793,0,0,0
48331,0,0,0
253297,0,0,0
274398,0,0,0
134833,0,0,0
252950,0,0,0
323232,0,0,0
354999,0,0,0
224345,0,0,0
220989,0,0,0
316314,0,0,0
119063,0,0,0
86977,0,0,0
195287,0,0,0
212605,0,0,0
143378,0,0,0
218793,0,0,0
202690,0,0,0
197307,0,0,0
184576,0,0,0
305661,0,0,0
182816,0,0,0
309875,0,0,0
225117,0,0,0
69602,0,0,0
102813,0,0,0
326364,0,0,0
350530,0,0,0
34850,0,0,0
253927,0,0,0
41940,0,0,0
224018,0,0,0
8647,0,0,0
264582,0,0,0
136101,0,0,0
43228,0,0,0
88951,0,0,0
318572,0,0,0
271999,0,0,0
298728,0,0,0
389775,0,0,0
284491,0,0,0
181412,0,0,0
34764,0,0,0
22730,0,0,0
46622,0,0,0
168019,0,0,0
50139,0,0,0
278132,0,0,0
37393,0,0,0
354958,0,0,0
156090,0,0,0
53633,0,0,0
173160,0,0,0
377532,0,0,0
70513,0,0,0
134626,0,0,0
19678,0,0,0
367702,0,0,0
227012,0,0,0
187526,0,0,0
11500,0,0,0
137226,0,0,0
289724,0,0,0
83237,0,0,0
153021,0,0,0
149281,0,0,0
163410,0,0,0
116043,0,0,0
21105,0,0,0
156343,0,0,0
97933,0,0,0
70537,0,0,0
402080,0,0,0
90298,0,0,0
21853,0,0,0
326297,0,0,0
222267,0,0,0
169754,0,0,0
34325,0,0,0
284031,0,0,0
402556,0,0,0
183232,0,0,0
251100,0,0,0
59335,0,0,0
80149,0,0,0
64794,0,0,0
337709,0,0,0
314569,0,0,0
54397,0,0,0
304319,0,0,0
157688,0,0,0
21747,0,0,0
137317,0,0,0
79704,0,0,0
280047,0,0,0
207524,0,0,0
167881,0,0,0
251035,0,0,0
347335,0,0,0
244153,0,0,0
83577,0,0,0
109375,0,0,0
390796,0,0,0
195204,0,0,0
366952,0,0,0
197670,0,0,0
242690,0,0,0
179607,0,0,0
218082,0,0,0
159686,0,0,0
356632,0,0,0
113749,0,0,0
137036,0,0,0
236618,0,0,0
101282,0,0,0
255122,0,0,0
68346,0,0,0
388291,0,0,0
186120,0,0,0
305663,0,0,0
38287,0,0,0
121713,0,0,0
121219,0,0,0
325487,0,0,0
18145,0,0,0
262684,0,0,0
136719,0,0,0
115715,0,0,0
283008,0,0,0
343999,0,0,0
349044,0,0,0
147887,0,0,0
346969,0,0,0
77065,0,0,0
213344,0,0,0
383932,0,0,0
267203,0,0,0
401853,0,0,0
360677,0,0,0
306859,0,0,0
292942,0,0,0
65482,0,0,0
24944,0,0,0
265557,0,0,0
146137,0,0,0
284720,0,0,0
317593,0,0,0
62964,0,0,0
371351,0,0,0
271424,0,0,0
235413,0,0,0
316448,0,0,0
287481,0,0,0
182943,0,0,0
290753,0,0,0
85150,0,0,0
3494,0,0,0
15145,0,0,0
307203,0,0,0
190629,0,0,0
327646,0,0,0
280952,0,0,0
63839,0,0,0
143803,0,0,0
291168,0,0,0
52011,0,0,0
128494,0,0,0
169035,0,0,0
265996,0,0,0
401987,0,0,0
297275,0,0,0
257903,0,0,0
216942,0,0,0
86666,0,0,0
142073,0,0,0
29096,0,0,0
346534,0,0,0
154042,0,0,0
310705,0,0,0
329072,0,0,0
320435,0,0,0
352777,0,0,0
335262,0,0,0
86957,0,0,0
402707,0,0,0
260176,0,0,0
68980,0,0,0
197808,0,0,0
82068,0,0,0
363191,0,0,0
231386,0,0,0
237058,0,0,0
398053,0,0,0
387800,0,0,0
182687,0,0,0
367214,0,0,0
368302,0,0,0
5558,0,0,0
339302,0,0,0
139848,0,0,0
246255,0,0,0
23904,0,0,0
276850,0,0,0
353953,0,0,0
328952,0,0,0
188233,0,0,0
316632,0,0,0
357070,0,0,0
34400,0,0,0
208892,0,0,0
114574,0,0,0
216124,0,0,0
93849,0,0,0
364748,0,0,0
163872,0,0,0
167825,0,0,0
48441,0,0,0
311678,0,0,0
294535,0,0,0
238123,0,0,0
388139,0,0,0
80129,0,0,0
383861,0,0,0
60230,0,0,0
402711,0,0,0
273593,0,0,0
120016,0,0,0
177768,0,0,0
294297,0,0,0
172534,0,0,0
249079,0,0,0
382840,0,0,0
347113,0,0,0
246270,0,0,0
139733,0,0,0
211928,0,0,0
360087,0,0,0
69617,0,0,0
257793,0,0,0
398730,0,0,0
312734,0,0,0
257679,0,0,0
14470,0,0,0
397324,0,0,0
384863,0,0,0
128111,0,0,0
131868,0,0,0
151185,0,0,0
282333,0,0,0
103801,0,0,0
63512,0,0,0
133352,0,0,0
214039,0,0,0
16236,0,0,0
301161,0,0,0
400434,0,0,0
51817,0,0,0
243348,0,0,0
299501,0,0,0
49441,0,0,0
387814,0,0,0
271741,0,0,0
400365,0,0,0
115842,0,0,0
279510,0,0,0
346508,0,0,0
314285,0,0,0
101638,0,0,0
142970,0,0,0
355331,0,0,0
316104,0,0,0
342664,0,0,0
271127,0,0,0
77461,0,0,0
288835,0,0,0
87029,0,0,0
63791,0,0,0
1651,0,0,0
269118,0,0,0
274007,0,0,0
360399,0,0,0
248844,0,0,0
373646,0,0,0
13242,0,0,0
373296,0,0,0
196672,0,0,0
62539,0,0,0
54545,0,0,0
286777,0,0,0
255887,0,0,0
22718,0,0,0
197450,0,0,0
259242,0,0,0
264857,0,0,0
410738,0,0,0
343662,0,0,0
235521,0,0,0
332483,0,0,0
108188,0,0,0
30756,0,0,0
17858,0,0,0
183268,0,0,0
245076,0,0,0
289526,0,0,0
223803,0,0,0
235937,0,0,0
318783,0,0,0
207719,0,0,0
113164,0,0,0
309868,0,0,0
307050,0,0,0
349710,0,0,0
310382,0,0,0
26076,0,0,0
402374,0,0,0
263290,0,0,0
324637,0,0,0
320293,0,0,0
366955,0,0,0
375848,0,0,0
311160,0,0,0
220420,0,0,0
19155,0,0,0
176871,0,0,0
125715,0,0,0
193571,0,0,0
345824,0,0,0
255534,0,0,0
332014,0,0,0
221573,0,0,0
346249,0,0,0
272787,0,0,0
140686,0,0,0
355813,0,0,0
24848,0,0,0
4143,0,0,0
283222,0,0,0
399538,0,0,0
282454,0,0,0
329731,0,0,0
166876,0,0,0
177609,0,0,0
372145,0,0,0
96138,0,0,0
144362,0,0,0
270380,0,0,0
74084,0,0,0
380527,0,0,0
332046,0,0,0
80457,0,0,0
147931,0,0,0
241369,0,0,0
362447,0,0,0
178357,0,0,0
266166,0,0,0
100183,0,0,0
189563,0,0,0
352027,0,0,0
262268,0,0,0
239759,0,0,0
108759,0,0,0
377382,0,0,0
394776,0,0,0
374325,0,0,0
29397,0,0,0
126442,0,0,0
156906,0,0,0
54868,0,0,0
365199,0,0,0
239729,0,0,0
142461,0,0,0
53523,0,0,0
78562,0,0,0
150394,0,0,0
344232,0,0,0
251194,0,0,0
179652,0,0,0
6789,0,0,0
44778,0,0,0
206497,0,0,0
45212,0,0,0
398101,0,0,0
348405,0,0,0
125837,0,0,0
68082,0,0,0
23982,0,0,0
347789,0,0,0
108541,0,0,0
301474,0,0,0
365642,0,0,0
18648,0,0,0
208866,0,0,0
383064,0,0,0
168908,0,0,0
162983,0,0,0
257500,0,0,0
140400,0,0,0
300702,0,0,0
63783,0,0,0
331984,0,0,0
307693,0,0,0
245841,0,0,0
370858,0,0,0
274974,0,0,0
79489,0,0,0
207221,0,0,0
253538,0,0,0
357366,0,0,0
167031,0,0,0
411397,0,0,0
144886,0,0,0
138897,0,0,0
332983,0,0,0
348397,0,0,0
244856,0,0,0
321299,0,0,0
129091,0,0,0
179175,0,0,0
81271,0,0,0
17834,0,0,0
62471,0,0,0
34512,0,0,0
325686,0,0,0
125369,0,0,0
193447,0,0,0
238823,0,0,0
63581,0,0,0
410270,0,0,0
385538,0,0,0
371538,0,0,0
379760,0,0,0
139159,0,0,0
195841,0,0,0
389290,0,0,0
4373,0,0,0
286022,0,0,0
234915,0,0,0
305665,0,0,0
225852,0,0,0
139727,0,0,0
266000,0,0,0
411381,0,0,0
247589,0,0,0
119132,0,0,0
138587,0,0,0
341265,0,0,0
312239,0,0,0
185906,0,0,0
6419,0,0,0
125628,0,0,0
91138,0,0,0
45300,0,0,0
108721,0,0,0
21186,0,0,0
101057,0,0,0
85287,0,0,0
374310,0,0,0
322470,0,0,0
8636,0,0,0
53163,0,0,0
378354,0,0,0
22639,0,0,0
394284,0,0,0
282348,0,0,0
131818,0,0,0
356002,0,0,0
332974,0,0,0
211943,0,0,0
286127,0,0,0
341647,0,0,0
3876,0,0,0
337672,0,0,0
153540,0,0,0
273144,0,0,0
279192,0,0,0
256819,0,0,0
46729,0,0,0
87268,0,0,0
140161,0,0,0
396871,0,0,0
26665,0,0,0
202706,0,0,0
241711,0,0,0
81531,0,0,0
174501,0,0,0
4518,0,0,0
285824,0,0,0
375822,0,0,0
219282,0,0,0
184071,0,0,0
388194,0,0,0
77143,0,0,0
384210,0,0,0
40405,0,0,0
137514,0,0,0
410900,0,0,0
72972,0,0,0
39083,0,0,0
132781,0,0,0
223394,0,0,0
148404,0,0,0
350662,0,0,0
95340,0,0,0
282887,0,0,0
162142,0,0,0
315872,0,0,0
49669,0,0,0
322072,0,0,0
410098,0,0,0
310432,0,0,0
337190,0,0,0
396770,0,0,0
102121,0,0,0
246353,0,0,0
186877,0,0,0
366492,0,0,0
204635,0,0,0
328786,0,0,0
260521,0,0,0
52599,0,0,0
156268,0,0,0
292042,0,0,0
126816,0,0,0
358904,0,0,0
335955,0,0,0
343118,0,0,0
126083,0,0,0
284681,0,0,0
278968,0,0,0
292666,0,0,0
350266,0,0,0
27126,0,0,0
67751,0,0,0
138466,0,0,0
369868,0,0,0
18182,0,0,0
16260,0,0,0
379726,0,0,0
27439,0,0,0
107540,0,0,0
378326,0,0,0
364638,0,0,0
392156,0,0,0
323739,0,0,0
54122,0,0,0
396428,0,0,0
189516,0,0,0
152441,0,0,0
298369,0,0,0
260831,0,0,0
75868,0,0,0
246962,0,0,0
224943,0,0,0
346429,0,0,0
358058,0,0,0
224469,0,0,0
334658,0,0,0
183348,0,0,0
26190,0,0,0
3733,0,0,0
124311,0,0,0
368076,0,0,0
261906,0,0,0
323083,0,0,0
146915,0,0,0
86310,0,0,0
43402,0,0,0
335859,0,0,0
148242,0,0,0
342418,0,0,0
231299,0,0,0
30688,0,0,0
335574,0,0,0
288301,0,0,0
49816,0,0,0
359187,0,0,0
198858,0,0,0
107542,0,0,0
182592,0,0,0
309089,0,0,0
170690,0,0,0
54530,0,0,0
101636,0,0,0
318597,0,0,0
357316,0,0,0
269460,0,0,0
6178,0,0,0
186382,0,0,0
32682,0,0,0
37021,0,0,0
157248,0,0,0
32268,0,0,0
154371,0,0,0
77710,0,0,0
62887,0,0,0
188598,0,0,0
19336,0,0,0
345625,0,0,0
124556,0,0,0
72308,0,0,0
20797,0,0,0
51269,0,0,0
398130,0,0,0
371517,0,0,0
222874,0,0,0
188079,0,0,0
91903,0,0,0
230778,0,0,0
278520,0,0,0
116099,0,0,0
402293,0,0,0
11835,0,0,0
229419,0,0,0
255496,0,0,0
402159,0,0,0
134943,0,0,0
339142,0,0,0
49562,0,0,0
397159,0,0,0
10408,0,0,0
263861,0,0,0
371948,0,0,0
83368,0,0,0
292969,0,0,0
369986,0,0,0
408475,0,0,0
86606,0,0,0
154458,0,0,0
134841,0,0,0
379210,0,0,0
391251,0,0,0
63402,0,0,0
266668,0,0,0
364736,0,0,0
208772,0,0,0
150806,0,0,0
332219,0,0,0
177308,0,0,0
102749,0,0,0
318219,0,0,0
3522,0,0,0
380459,0,0,0
229531,0,0,0
198650,0,0,0
258328,0,0,0
273866,0,0,0
67033,0,0,0
186543,0,0,0
100792,0,0,0
382060,0,0,0
256413,0,0,0
224991,0,0,0
243934,0,0,0
56234,0,0,0
345490,0,0,0
336586,0,0,0
310712,0,0,0
323493,0,0,0
329001,0,0,0
345666,0,0,0
108531,0,0,0
132746,0,0,0
79293,0,0,0
85548,0,0,0
149017,0,0,0
109029,0,0,0
302362,0,0,0
270041,0,0,0
352584,0,0,0
344640,0,0,0
400509,0,0,0
52868,0,0,0
147879,0,0,0
283759,0,0,0
110312,0,0,0
253689,0,0,0
215604,0,0,0
292134,0,0,0
333724,0,0,0
96259,0,0,0
283004,0,0,0
185723,0,0,0
52684,0,0,0
25950,0,0,0
170509,0,0,0
168140,0,0,0
179584,0,0,0
251720,0,0,0
297386,0,0,0
89429,0,0,0
11327,0,0,0
24082,0,0,0
130084,0,0,0
268006,0,0,0
78024,0,0,0
176639,0,0,0
8732,0,0,0
399473,0,0,0
281413,0,0,0
113798,0,0,0
67341,0,0,0
238352,0,0,0
340234,0,0,0
220788,0,0,0
7640,0,0,0
155903,0,0,0
216669,0,0,0
345208,0,0,0
8947,0,0,0
288561,0,0,0
76931,0,0,0
161128,0,0,0
113488,0,0,0
273285,0,0,0
149479,0,0,0
300893,0,0,0
218976,0,0,0
225645,0,0,0
34691,0,0,0
217970,0,0,0
385864,0,0,0
400708,0,0,0
65064,0,0,0
364936,0,0,0
330337,0,0,0
237578,0,0,0
319605,0,0,0
394871,0,0,0
20983,0,0,0
158930,0,0,0
80335,0,0,0
382932,0,0,0
354091,0,0,0
160622,0,0,0
406066,0,0,0
103372,0,0,0
147937,0,0,0
206295,0,0,0
345483,0,0,0
335217,0,0,0
284690,0,0,0
114456,0,0,0
48845,0,0,0
305929,0,0,0
77165,0,0,0
207671,0,0,0
333035,0,0,0
61926,0,0,0
122374,0,0,0
52205,0,0,0
102202,0,0,0
374312,0,0,0
259068,0,0,0
155591,0,0,0
391660,0,0,0
411064,0,0,0
175852,0,0,0
73621,0,0,0
374576,0,0,0
305670,0,0,0
354014,0,0,0
219355,0,0,0
50660,0,0,0
15020,0,0,0
40937,0,0,0
356981,0,0,0
181776,0,0,0
240562,0,0,0
179978,0,0,0
406635,0,0,0
38223,0,0,0
280477,0,0,0
22778,0,0,0
143584,0,0,0
55268,0,0,0
301145,0,0,0
130968,0,0,0
376539,0,0,0
171434,0,0,0
2248,0,0,0
265422,0,0,0
110297,0,0,0
22889,0,0,0
1304,0,0,0
84532,0,0,0
138743,0,0,0
5222,0,0,0
285594,0,0,0
347872,0,0,0
151544,0,0,0
389405,0,0,0
316062,0,0,0
31623,0,0,0
377904,0,0,0
351537,0,0,0
248809,0,0,0
132241,0,0,0
15986,0,0,0
38083,0,0,0
411260,0,0,0
325137,0,0,0
399229,0,0,0
220994,0,0,0
157066,0,0,0
403079,0,0,0
263322,0,0,0
145702,0,0,0
17846,0,0,0
142629,0,0,0
356035,0,0,0
71470,0,0,0
246056,0,0,0
290397,0,0,0
140904,0,0,0
380450,0,0,0
255317,0,0,0
367750,0,0,0
392980,0,0,0
231572,0,0,0
356780,0,0,0
398756,0,0,0
407386,0,0,0
100201,0,0,0
74193,0,0,0
59433,0,0,0
292644,0,0,0
272018,0,0,0
278894,0,0,0
410029,0,0,0
223790,0,0,0
125610,0,0,0
341618,0,0,0
157815,0,0,0
195768,0,0,0
9068,0,0,0
39300,0,0,0
304087,0,0,0
266358,0,0,0
180044,0,0,0
244743,0,0,0
194186,0,0,0
222888,0,0,0
332808,0,0,0
265618,0,0,0
80713,0,0,0
399107,0,0,0
102706,0,0,0
131443,0,0,0
41368,0,0,0
237574,0,0,0
184936,0,0,0
360277,0,0,0
191016,0,0,0
377872,0,0,0
314881,0,0,0
108353,0,0,0
335886,0,0,0
281204,0,0,0
175657,0,0,0
7295,0,0,0
398064,0,0,0
212119,0,0,0
385297,0,0,0
230071,0,0,0
408269,0,0,0
105217,0,0,0
105133,0,0,0
101323,0,0,0
153640,0,0,0
304552,0,0,0
293687,0,0,0
329675,0,0,0
83859,0,0,0
106508,0,0,0
254557,0,0,0
143749,0,0,0
173323,0,0,0
201952,0,0,0
297831,0,0,0
365236,0,0,0
392921,0,0,0
260003,0,0,0
332210,0,0,0
210432,0,0,0
247341,0,0,0
215918,0,0,0
396087,0,0,0
213550,0,0,0
182344,0,0,0
151047,0,0,0
180438,0,0,0
191099,0,0,0
352222,0,0,0
400893,0,0,0
41277,0,0,0
357894,0,0,0
270932,0,0,0
15166,0,0,0
267252,0,0,0
136754,0,0,0
324428,0,0,0
137488,0,0,0
234193,0,0,0
154493,0,0,0
170178,0,0,0
95760,0,0,0
826,0,0,0
138503,0,0,0
101551,0,0,0
192192,0,0,0
133707,0,0,0
95473,0,0,0
298164,0,0,0
148796,0,0,0
406322,0,0,0
68120,0,0,0
139667,0,0,0
78494,0,0,0
93388,0,0,0
296341,0,0,0
287554,0,0,0
39675,0,0,0
352648,0,0,0
330968,0,0,0
142199,0,0,0
9386,0,0,0
164995,0,0,0
92369,0,0,0
28097,0,0,0
136018,0,0,0
4165,0,0,0
140966,0,0,0
262492,0,0,0
255008,0,0,0
84951,0,0,0
339022,0,0,0
393858,0,0,0
334060,0,0,0
27720,0,0,0
93662,0,0,0
374289,0,0,0
30669,0,0,0
210177,0,0,0
70492,0,0,0
358543,0,0,0
214768,0,0,0
209443,0,0,0
160508,0,0,0
289635,0,0,0
1019,0,0,0
380933,0,0,0
45183,0,0,0
69971,0,0,0
33502,0,0,0
2180,0,0,0
237871,0,0,0
166001,0,0,0
221516,0,0,0
288878,0,0,0
275674,0,0,0
407439,0,0,0
192513,0,0,0
361747,0,0,0
226195,0,0,0
37168,0,0,0
283437,0,0,0
256459,0,0,0
397536,0,0,0
408290,0,0,0
142817,0,0,0
269273,0,0,0
369053,0,0,0
323314,0,0,0
10094,0,0,0
188870,0,0,0
381448,0,0,0
110346,0,0,0
250988,0,0,0
93758,0,0,0
76805,0,0,0
46217,0,0,0
312206,0,0,0
292979,0,0,0
401701,0,0,0
355972,0,0,0
130014,0,0,0
71836,0,0,0
340960,0,0,0
400004,0,0,0
319187,0,0,0
357116,0,0,0
367639,0,0,0
261205,0,0,0
120005,0,0,0
322737,0,0,0
145705,0,0,0
55068,0,0,0
136378,0,0,0
112939,0,0,0
298503,0,0,0
113171,0,0,0
337000,0,0,0
359180,0,0,0
196895,0,0,0
3221,0,0,0
340570,0,0,0
116097,0,0,0
408272,0,0,0
292699,0,0,0
92899,0,0,0
18709,0,0,0
343238,0,0,0
165205,0,0,0
182268,0,0,0
83725,0,0,0
334050,0,0,0
260594,0,0,0
274287,0,0,0
331323,0,0,0
171094,0,0,0
161561,0,0,0
338952,0,0,0
132667,0,0,0
317310,0,0,0
308062,0,0,0
338150,0,0,0
136818,0,0,0
141494,0,0,0
7946,0,0,0
206415,0,0,0
257161,0,0,0
289671,0,0,0
352506,0,0,0
385669,0,0,0
187862,0,0,0
171108,0,0,0
298210,0,0,0
249980,0,0,0
275775,0,0,0
360435,0,0,0
182074,0,0,0
260402,0,0,0
27202,0,0,0
112803,0,0,0
53125,0,0,0
212733,0,0,0
76560,0,0,0
117756,0,0,0
65785,0,0,0
348819,0,0,0
98973,0,0,0
225375,0,0,0
280629,0,0,0
334693,0,0,0
224217,0,0,0
70796,0,0,0
37753,0,0,0
164012,0,0,0
117061,0,0,0
120252,0,0,0
295269,0,0,0
200132,0,0,0
338163,0,0,0
398950,0,0,0
34138,0,0,0
326383,0,0,0
269877,0,0,0
282043,0,0,0
144866,0,0,0
287057,0,0,0
375265,0,0,0
290198,0,0,0
408379,0,0,0
321047,0,0,0
62170,0,0,0
326766,0,0,0
166414,0,0,0
270489,0,0,0
29341,0,0,0
96542,0,0,0
201523,0,0,0
39474,0,0,0
241991,0,0,0
384542,0,0,0
209585,0,0,0
38848,0,0,0
83057,0,0,0
192661,0,0,0
193978,0,0,0
313773,0,0,0
8180,0,0,0
226719,0,0,0
18777,0,0,0
245956,0,0,0
348443,0,0,0
221439,0,0,0
164615,0,0,0
276814,0,0,0
152486,0,0,0
223640,0,0,0
27799,0,0,0
379175,0,0,0
3683,0,0,0
10777,0,0,0
368134,0,0,0
152515,0,0,0
185532,0,0,0
145369,0,0,0
130694,0,0,0
189661,0,0,0
256343,0,0,0
257099,0,0,0
301908,0,0,0
310516,0,0,0
162290,0,0,0
405962,0,0,0
135273,0,0,0
385873,0,0,0
183669,0,0,0
273505,0,0,0
348861,0,0,0
215272,0,0,0
329076,0,0,0
200674,0,0,0
290280,0,0,0
217568,0,0,0
217093,0,0,0
283224,0,0,0
184571,0,0,0
262559,0,0,0
236539,0,0,0
316861,0,0,0
52394,0,0,0
42430,0,0,0
46425,0,0,0
236777,0,0,0
261641,0,0,0
213994,0,0,0
148170,0,0,0
93423,0,0,0
112002,0,0,0
222143,0,0,0
336023,0,0,0
281581,0,0,0
199222,0,0,0
10085,0,0,0
376044,0,0,0
236395,0,0,0
298751,0,0,0
296642,0,0,0
303987,0,0,0
164554,0,0,0
80549,0,0,0
77711,0,0,0
131541,0,0,0
158342,0,0,0
19694,0,0,0
216658,0,0,0
288911,0,0,0
407183,0,0,0
57106,0,0,0
117016,0,0,0
78259,0,0,0
320968,0,0,0
193727,0,0,0
173533,0,0,0
251226,0,0,0
322171,0,0,0
128840,0,0,0
9567,0,0,0
312268,0,0,0
323841,0,0,0
4068,0,0,0
405020,0,0,0
127734,0,0,0
157015,0,0,0
17031,0,0,0
240595,0,0,0
27446,0,0,0
217395,0,0,0
237443,0,0,0
315212,0,0,0
73311,0,0,0
276365,0,0,0
24142,0,0,0
72432,0,0,0
95457,0,0,0
49789,0,0,0
379397,0,0,0
141581,0,0,0
320123,0,0,0
147725,0,0,0
335954,0,0,0
258278,0,0,0
312753,0,0,0
158626,0,0,0
386162,0,0,0
405267,0,0,0
64493,0,0,0
165949,0,0,0
379098,0,0,0
23196,0,0,0
307625,0,0,0
115498,0,0,0
111215,0,0,0
287579,0,0,0
403242,0,0,0
279085,0,0,0
39437,0,0,0
41063,0,0,0
220907,0,0,0
53806,0,0,0
143552,0,0,0
6109,0,0,0
91021,0,0,0
146374,0,0,0
206087,0,0,0
183327,0,0,0
259313,0,0,0
296850,0,0,0
397125,0,0,0
39036,0,0,0
150978,0,0,0
284958,0,0,0
205124,0,0,0
398817,0,0,0
21127,0,0,0
410413,0,0,0
161730,0,0,0
393086,0,0,0
38459,0,0,0
383837,0,0,0
239566,0,0,0
378084,0,0,0
155145,0,0,0
221682,0,0,0
137883,0,0,0
1906,0,0,0
159067,0,0,0
272949,0,0,0
47413,0,0,0
297425,0,0,0
107374,0,0,0
405066,0,0,0
78607,0,0,0
16031,0,0,0
304737,0,0,0
254847,0,0,0
230829,0,0,0
90236,0,0,0
260223,0,0,0
395617,0,0,0
255640,0,0,0
302323,0,0,0
319082,0,0,0
60784,0,0,0
203968,0,0,0
375902,0,0,0
219882,0,0,0
406808,0,0,0
146547,0,0,0
228131,0,0,0
221691,0,0,0
82574,0,0,0
124591,0,0,0
191247,0,0,0
224191,0,0,0
30804,0,0,0
184859,0,0,0
237204,0,0,0
89529,0,0,0
359050,0,0,0
269520,0,0,0
262790,0,0,0
274840,0,0,0
340486,0,0,0
226558,0,0,0
335543,0,0,0
238144,0,0,0
233827,0,0,0
297816,0,0,0
310154,0,0,0
274379,0,0,0
65241,0,0,0
241626,0,0,0
84883,0,0,0
368218,0,0,0
228854,0,0,0
106880,0,0,0
391225,0,0,0
286997,0,0,0
78,0,0,0
368048,0,0,0
215287,0,0,0
408807,0,0,0
99850,0,0,0
258103,0,0,0
380146,0,0,0
201941,0,0,0
88124,0,0,0
268088,0,0,0
150921,0,0,0
53581,0,0,0
185450,0,0,0
355047,0,0,0
215205,0,0,0
315778,0,0,0
379812,0,0,0
305870,0,0,0
336033,0,0,0
191710,0,0,0
14333,0,0,0
263306,0,0,0
356866,0,0,0
68455,0,0,0
315595,0,0,0
70262,0,0,0
298810,0,0,0
264105,0,0,0
374868,0,0,0
48678,0,0,0
188130,0,0,0
57121,0,0,0
352903,0,0,0
254542,0,0,0
204176,0,0,0
198097,0,0,0
330879,0,0,0
12884,0,0,0
240062,0,0,0
92289,0,0,0
213788,0,0,0
154987,0,0,0
2422,0,0,0
6390,0,0,0
282756,0,0,0
338659,0,0,0
384036,0,0,0
55367,0,0,0
402472,0,0,0
154280,0,0,0
92609,0,0,0
99885,0,0,0
250598,0,0,0
336849,0,0,0
179773,0,0,0
2699,0,0,0
323943,0,0,0
250371,0,0,0
402812,0,0,0
307089,0,0,0
234722,0,0,0
192783,0,0,0
326780,0,0,0
232036,0,0,0
130439,0,0,0
136723,0,0,0
158239,0,0,0
22109,0,0,0
124313,0,0,0
403093,0,0,0
78558,0,0,0
42083,0,0,0
109941,0,0,0
236240,0,0,0
324544,0,0,0
378962,0,0,0
242211,0,0,0
299935,0,0,0
218004,0,0,0
27371,0,0,0
247910,0,0,0
117292,0,0,0
266565,0,0,0
194292,0,0,0
162752,0,0,0
84403,0,0,0
363926,0,0,0
222948,0,0,0
92804,0,0,0
287056,0,0,0
273670,0,0,0
371903,0,0,0
50340,0,0,0
28478,0,0,0
151964,0,0,0
140088,0,0,0
49182,0,0,0
39922,0,0,0
386476,0,0,0
163791,0,0,0
295875,0,0,0
135988,0,0,0
87300,0,0,0
390572,0,0,0
355894,0,0,0
329856,0,0,0
223786,0,0,0
206498,0,0,0
183575,0,0,0
58369,0,0,0
55725,0,0,0
20390,0,0,0
225294,0,0,0
140815,0,0,0
174250,0,0,0
249974,0,0,0
127971,0,0,0
297315,0,0,0
343839,0,0,0
191446,0,0,0
77181,0,0,0
237186,0,0,0
98181,0,0,0
154196,0,0,0
262061,0,0,0
298151,0,0,0
21673,0,0,0
269741,0,0,0
28401,0,0,0
247060,0,0,0
172947,0,0,0
397106,0,0,0
23413,0,0,0
337938,0,0,0
43404,0,0,0
399378,0,0,0
280837,0,0,0
210899,0,0,0
2490,0,0,0
303514,0,0,0
350813,0,0,0
190250,0,0,0
3318,0,0,0
332984,0,0,0
33335,0,0,0
410513,0,0,0
281282,0,0,0
192070,0,0,0
170902,0,0,0
139110,0,0,0
361141,0,0,0
41727,0,0,0
242068,0,0,0
405702,0,0,0
13205,0,0,0
145234,0,0,0
348211,0,0,0
65335,0,0,0
310421,0,0,0
144590,0,0,0
185807,0,0,0
234020,0,0,0
101259,0,0,0
65418,0,0,0
346473,0,0,0
15529,0,0,0
287720,0,0,0
204332,0,0,0
372255,0,0,0
302020,0,0,0
322367,0,0,0
62420,0,0,0
241990,0,0,0
294549,0,0,0
276337,0,0,0
61841,0,0,0
38930,0,0,0
313558,0,0,0
234249,0,0,0
86387,0,0,0
257563,0,0,0
242358,0,0,0
133043,0,0,0
182144,0,0,0
162473,0,0,0
131487,0,0,0
266684,0,0,0
333614,0,0,0
320367,0,0,0
394961,0,0,0
397515,0,0,0
31136,0,0,0
7778,0,0,0
162498,0,0,0
238959,0,0,0
85686,0,0,0
80037,0,0,0
331699,0,0,0
313363,0,0,0
323191,0,0,0
220799,0,0,0
7463,0,0,0
161689,0,0,0
168026,0,0,0
149590,0,0,0
409882,0,0,0
9236,0,0,0
405724,0,0,0
190006,0,0,0
267526,0,0,0
162438,0,0,0
355151,0,0,0
31301,0,0,0
71190,0,0,0
385826,0,0,0
98098,0,0,0
296916,0,0,0
265190,0,0,0
5279,0,0,0
309558,0,0,0
100137,0,0,0
281235,0,0,0
325839,0,0,0
64237,0,0,0
310574,0,0,0
180276,0,0,0
102879,0,0,0
13391,0,0,0
358554,0,0,0
104793,0,0,0
52586,0,0,0
182748,0,0,0
296632,0,0,0
396929,0,0,0
112313,0,0,0
172053,0,0,0
195542,0,0,0
134638,0,0,0
331455,0,0,0
79291,0,0,0
57530,0,0,0
349496,0,0,0
128466,0,0,0
380563,0,0,0
194005,0,0,0
84512,0,0,0
84609,0,0,0
243473,0,0,0
31804,0,0,0
193916,0,0,0
249657,0,0,0
62726,0,0,0
26742,0,0,0
109764,0,0,0
315320,0,0,0
207841,0,0,0
244689,0,0,0
43171,0,0,0
125383,0,0,0
146326,0,0,0
25646,0,0,0
307528,0,0,0
147235,0,0,0
57499,0,0,0
388376,0,0,0
119669,0,0,0
355744,0,0,0
228888,0,0,0
288745,0,0,0
276469,0,0,0
35180,0,0,0
388187,0,0,0
125108,0,0,0
201103,0,0,0
241510,0,0,0
119973,0,0,0
240066,0,0,0
190121,0,0,0
280049,0,0,0
244206,0,0,0
367746,0,0,0
410767,0,0,0
158364,0,0,0
270595,0,0,0
295735,0,0,0
334656,0,0,0
204807,0,0,0
43594,0,0,0
281675,0,0,0
221413,0,0,0
93508,0,0,0
11212,0,0,0
256655,0,0,0
391927,0,0,0
332448,0,0,0
357759,0,0,0
21078,0,0,0
96164,0,0,0
407352,0,0,0
317854,0,0,0
368091,0,0,0
209300,0,0,0
260868,0,0,0
125168,0,0,0
296235,0,0,0
66629,0,0,0
406679,0,0,0
31117,0,0,0
61961,0,0,0
123305,0,0,0
281656,0,0,0
203443,0,0,0
390044,0,0,0
109036,0,0,0
79433,0,0,0
94443,0,0,0
324044,0,0,0
100804,0,0,0
362917,0,0,0
91927,0,0,0
363137,0,0,0
64697,0,0,0
170183,0,0,0
43342,0,0,0
165030,0,0,0
36164,0,0,0
238690,0,0,0
71911,0,0,0
130025,0,0,0
287456,0,0,0
195925,0,0,0
125586,0,0,0
47228,0,0,0
393024,0,0,0
282219,0,0,0
291135,0,0,0
34817,0,0,0
392517,0,0,0
26023,0,0,0
182865,0,0,0
258505,0,0,0
346809,0,0,0
372512,0,0,0
213005,0,0,0
298981,0,0,0
199367,0,0,0
41381,0,0,0
187134,0,0,0
85750,0,0,0
146140,0,0,0
50354,0,0,0
9091,0,0,0
273211,0,0,0
392709,0,0,0
7083,0,0,0
144571,0,0,0
149943,0,0,0
379017,0,0,0
49665,0,0,0
158295,0,0,0
271449,0,0,0
135944,0,0,0
264313,0,0,0
252627,0,0,0
23289,0,0,0
41056,0,0,0
226698,0,0,0
333385,0,0,0
274843,0,0,0
304681,0,0,0
128150,0,0,0
296770,0,0,0
77769,0,0,0
27523,0,0,0
179101,0,0,0
113335,0,0,0
126104,0,0,0
351062,0,0,0
217968,0,0,0
77712,0,0,0
99682,0,0,0
28591,0,0,0
252434,0,0,0
245815,0,0,0
322344,0,0,0
168204,0,0,0
14281,0,0,0
370054,0,0,0
258247,0,0,0
322399,0,0,0
16088,0,0,0
188235,0,0,0
262806,0,0,0
232875,0,0,0
284053,0,0,0
290808,0,0,0
343399,0,0,0
116943,0,0,0
251397,0,0,0
5831,0,0,0
9737,0,0,0
23394,0,0,0
23303,0,0,0
293091,0,0,0
399246,0,0,0
132236,0,0,0
390221,0,0,0
183089,0,0,0
261758,0,0,0
389168,0,0,0
350791,0,0,0
223784,0,0,0
1135,0,0,0
312856,0,0,0
149626,0,0,0
87319,0,0,0
254038,0,0,0
71399,0,0,0
172144,0,0,0
200467,0,0,0
382261,0,0,0
90841,0,0,0
71521,0,0,0
204459,0,0,0
307535,0,0,0
358057,0,0,0
205128,0,0,0
296217,0,0,0
137398,0,0,0
78147,0,0,0
161690,0,0,0
258984,0,0,0
103535,0,0,0
219637,0,0,0
102087,0,0,0
272822,0,0,0
116591,0,0,0
20136,0,0,0
163231,0,0,0
173062,0,0,0
135523,0,0,0
1128,0,0,0
146777,0,0,0
240480,0,0,0
222630,0,0,0
61908,0,0,0
45350,0,0,0
271495,0,0,0
187213,0,0,0
98547,0,0,0
195580,0,0,0
113222,0,0,0
322466,0,0,0
89623,0,0,0
155670,0,0,0
26888,0,0,0
287527,0,0,0
383699,0,0,0
41542,0,0,0
248188,0,0,0
58339,0,0,0
242285,0,0,0
53981,0,0,0
340996,0,0,0
188369,0,0,0
84220,0,0,0
38992,0,0,0
356509,0,0,0
313621,0,0,0
323845,0,0,0
72144,0,0,0
228846,0,0,0
295509,0,0,0
217840,0,0,0
56885,0,0,0
328477,0,0,0
172533,0,0,0
156420,0,0,0
212349,0,0,0
363115,0,0,0
136079,0,0,0
93360,0,0,0
227556,0,0,0
128940,0,0,0
119507,0,0,0
66434,0,0,0
20042,0,0,0
241060,0,0,0
16800,0,0,0
81791,0,0,0
126921,0,0,0
54804,0,0,0
406025,0,0,0
173577,0,0,0
328675,0,0,0
362181,0,0,0
380618,0,0,0
52548,0,0,0
312238,0,0,0
150723,0,0,0
395693,0,0,0
307714,0,0,0
323853,0,0,0
113662,0,0,0
54794,0,0,0
387437,0,0,0
129898,0,0,0
22420,0,0,0
256210,0,0,0
140040,0,0,0
297032,0,0,0
328081,0,0,0
229807,0,0,0
499,0,0,0
79665,0,0,0
78775,0,0,0
243597,0,0,0
208296,0,0,0
367774,0,0,0
106851,0,0,0
327910,0,0,0
198046,0,0,0
208509,0,0,0
259882,0,0,0
168598,0,0,0
35279,0,0,0
19737,0,0,0
206629,0,0,0
269027,0,0,0
62514,0,0,0
104022,0,0,0
248841,0,0,0
135935,0,0,0
42122,0,0,0
136487,0,0,0
1052,0,0,0
402395,0,0,0
189672,0,0,0
36062,0,0,0
240173,0,0,0
89451,0,0,0
160769,0,0,0
324975,0,0,0
137389,0,0,0
184618,0,0,0
92717,0,0,0
230646,0,0,0
164408,0,0,0
184636,0,0,0
119258,0,0,0
33441,0,0,0
264719,0,0,0
167149,0,0,0
269138,0,0,0
25289,0,0,0
361122,0,0,0
96045,0,0,0
127689,0,0,0
244371,0,0,0
14071,0,0,0
196709,0,0,0
9647,0,0,0
312580,0,0,0
355395,0,0,0
19635,0,0,0
392514,0,0,0
7985,0,0,0
365101,0,0,0
316590,0,0,0
181903,0,0,0
407431,0,0,0
56860,0,0,0
210658,0,0,0
52920,0,0,0
403198,0,0,0
5489,0,0,0
145507,0,0,0
7927,0,0,0
359166,0,0,0
117179,0,0,0
62287,0,0,0
102632,0,0,0
249084,0,0,0
309652,0,0,0
355467,0,0,0
353344,0,0,0
279610,0,0,0
347206,0,0,0
178721,0,0,0
135879,0,0,0
299996,0,0,0
232511,0,0,0
91654,0,0,0
231793,0,0,0
309972,0,0,0
358135,0,0,0
298335,0,0,0
1829,0,0,0
243747,0,0,0
199322,0,0,0
17971,0,0,0
395220,0,0,0
317920,0,0,0
119867,0,0,0
282399,0,0,0
286636,0,0,0
240476,0,0,0
222762,0,0,0
289995,0,0,0
256885,0,0,0
17483,0,0,0
138200,0,0,0
45196,0,0,0
93401,0,0,0
346304,0,0,0
39487,0,0,0
32814,0,0,0
34994,0,0,0
316652,0,0,0
12325,0,0,0
61660,0,0,0
324055,0,0,0
378813,0,0,0
38141,0,0,0
328981,0,0,0
153845,0,0,0
333014,0,0,0
62449,0,0,0
56774,0,0,0
197562,0,0,0
341084,0,0,0
146499,0,0,0
326732,0,0,0
102748,0,0,0
318641,0,0,0
243024,0,0,0
303006,0,0,0
327220,0,0,0
351600,0,0,0
24313,0,0,0
320102,0,0,0
285318,0,0,0
165271,0,0,0
152314,0,0,0
349911,0,0,0
15091,0,0,0
108820,0,0,0
356567,0,0,0
24360,0,0,0
276238,0,0,0
211152,0,0,0
108322,0,0,0
308506,0,0,0
357696,0,0,0
255185,0,0,0
218924,0,0,0
133239,0,0,0
222670,0,0,0
329801,0,0,0
134542,0,0,0
277628,0,0,0
75001,0,0,0
67797,0,0,0
77677,0,0,0
264653,0,0,0
226585,0,0,0
301436,0,0,0
250252,0,0,0
172592,0,0,0
65318,0,0,0
274520,0,0,0
2534,0,0,0
50441,0,0,0
295673,0,0,0
247850,0,0,0
343394,0,0,0
304331,0,0,0
209349,0,0,0
241130,0,0,0
358867,0,0,0
86343,0,0,0
280902,0,0,0
380846,0,0,0
255514,0,0,0
100663,0,0,0
359154,0,0,0
160775,0,0,0
125410,0,0,0
350207,0,0,0
149193,0,0,0
152866,0,0,0
250986,0,0,0
50060,0,0,0
30800,0,0,0
47092,0,0,0
184987,0,0,0
210445,0,0,0
106265,0,0,0
297921,0,0,0
16439,0,0,0
409423,0,0,0
291778,0,0,0
237080,0,0,0
385968,0,0,0
38962,0,0,0
175982,0,0,0
118210,0,0,0
154231,0,0,0
371651,0,0,0
338153,0,0,0
286343,0,0,0
103843,0,0,0
240121,0,0,0
319423,0,0,0
173456,0,0,0
164463,0,0,0
155357,0,0,0
21816,0,0,0
51405,0,0,0
371853,0,0,0
336094,0,0,0
46638,0,0,0
213905,0,0,0
83279,0,0,0
328870,0,0,0
367631,0,0,0
404240,0,0,0
174163,0,0,0
309456,0,0,0
31522,0,0,0
223181,0,0,0
363789,0,0,0
30630,0,0,0
3170,0,0,0
103178,0,0,0
88293,0,0,0
305880,0,0,0
14107,0,0,0
82591,0,0,0
238416,0,0,0
372545,0,0,0
281436,0,0,0
298771,0,0,0
170241,0,0,0
268443,0,0,0
349525,0,0,0
287111,0,0,0
30135,0,0,0
146066,0,0,0
187043,0,0,0
238523,0,0,0
139516,0,0,0
211452,0,0,0
307794,0,0,0
276350,0,0,0
80743,0,0,0
123839,0,0,0
337275,0,0,0
338491,0,0,0
30696,0,0,0
6115,0,0,0
146911,0,0,0
385039,0,0,0
169768,0,0,0
295230,0,0,0
86359,0,0,0
12905,0,0,0
351999,0,0,0
52580,0,0,0
37639,0,0,0
295060,0,0,0
103410,0,0,0
164694,0,0,0
165962,0,0,0
41465,0,0,0
301950,0,0,0
211694,0,0,0
345700,0,0,0
410523,0,0,0
211352,0,0,0
82455,0,0,0
211989,0,0,0
336320,0,0,0
361874,0,0,0
147513,0,0,0
247925,0,0,0
340136,0,0,0
242067,0,0,0
89466,0,0,0
80148,0,0,0
406360,0,0,0
174222,0,0,0
86489,0,0,0
283610,0,0,0
345819,0,0,0
268715,0,0,0
33822,0,0,0
201942,0,0,0
334559,0,0,0
325328,0,0,0
263626,0,0,0
351164,0,0,0
4978,0,0,0
128672,0,0,0
40557,0,0,0
2879,0,0,0
209861,0,0,0
163969,0,0,0
281920,0,0,0
136975,0,0,0
258102,0,0,0
344787,0,0,0
175644,0,0,0
328665,0,0,0
68929,0,0,0
64688,0,0,0
137377,0,0,0
139447,0,0,0
285988,0,0,0
264796,0,0,0
75907,0,0,0
221219,0,0,0
314501,0,0,0
192992,0,0,0
350776,0,0,0
259968,0,0,0
383997,0,0,0
11635,0,0,0
188386,0,0,0
28643,0,0,0
77242,0,0,0
167964,0,0,0
14912,0,0,0
383389,0,0,0
401448,0,0,0
132014,0,0,0
54470,0,0,0
279909,0,0,0
216690,0,0,0
352089,0,0,0
62240,0,0,0
193932,0,0,0
161994,0,0,0
354084,0,0,0
253214,0,0,0
92659,0,0,0
295789,0,0,0
213530,0,0,0
117516,0,0,0
340482,0,0,0
306115,0,0,0
387908,0,0,0
8500,0,0,0
76450,0,0,0
193800,0,0,0
48079,0,0,0
105483,0,0,0
356647,0,0,0
335357,0,0,0
111173,0,0,0
202534,0,0,0
10896,0,0,0
347522,0,0,0
282663,0,0,0
405421,0,0,0
92820,0,0,0
398902,0,0,0
292623,0,0,0
284810,0,0,0
192327,0,0,0
37687,0,0,0
128353,0,0,0
93443,0,0,0
398846,0,0,0
131505,0,0,0
377395,0,0,0
338923,0,0,0
104846,0,0,0
234515,0,0,0
106917,0,0,0
387701,0,0,0
72866,0,0,0
284550,0,0,0
320081,0,0,0
370573,0,0,0
192566,0,0,0
39450,0,0,0
17492,0,0,0
136421,0,0,0
32469,0,0,0
148316,0,0,0
182739,0,0,0
392406,0,0,0
207694,0,0,0
150289,0,0,0
330221,0,0,0
401569,0,0,0
74864,0,0,0
350077,0,0,0
73165,0,0,0
71472,0,0,0
81190,0,0,0
6660,0,0,0
120251,0,0,0
263559,0,0,0
369037,0,0,0
175902,0,0,0
258827,0,0,0
375636,0,0,0
113686,0,0,0
43656,0,0,0
393707,0,0,0
144983,0,0,0
96462,0,0,0
381492,0,0,0
238749,0,0,0
222060,0,0,0
400752,0,0,0
165532,0,0,0
320258,0,0,0
59148,0,0,0
61917,0,0,0
365858,0,0,0
324987,0,0,0
378052,0,0,0
37903,0,0,0
283658,0,0,0
172275,0,0,0
233223,0,0,0
294267,0,0,0
269398,0,0,0
345349,0,0,0
48302,0,0,0
376367,0,0,0
47862,0,0,0
82337,0,0,0
373739,0,0,0
50772,0,0,0
250999,0,0,0
299671,0,0,0
385307,0,0,0
206645,0,0,0
99558,0,0,0
221274,0,0,0
338597,0,0,0
359348,0,0,0
213081,0,0,0
244352,0,0,0
313090,0,0,0
351643,0,0,0
260331,0,0,0
236351,0,0,0
375446,0,0,0
349842,0,0,0
267024,0,0,0
190564,0,0,0
138829,0,0,0
113607,0,0,0
55262,0,0,0
124418,0,0,0
306151,0,0,0
33527,0,0,0
26725,0,0,0
47128,0,0,0
339619,0,0,0
149785,0,0,0
26440,0,0,0
388397,0,0,0
394338,0,0,0
220076,0,0,0
188753,0,0,0
221604,0,0,0
21606,0,0,0
298640,0,0,0
95958,0,0,0
28785,0,0,0
325523,0,0,0
59794,0,0,0
328676,0,0,0
396914,0,0,0
27449,0,0,0
237843,0,0,0
402063,0,0,0
164993,0,0,0
117656,0,0,0
338019,0,0,0
277476,0,0,0
247471,0,0,0
128877,0,0,0
52549,0,0,0
378709,0,0,0
65861,0,0,0
284798,0,0,0
144003,0,0,0
135598,0,0,0
166368,0,0,0
251205,0,0,0
194298,0,0,0
236907,0,0,0
330710,0,0,0
128302,0,0,0
282117,0,0,0
307093,0,0,0
144177,0,0,0
282023,0,0,0
386341,0,0,0
223590,0,0,0
163570,0,0,0
377574,0,0,0
1522,0,0,0
313937,0,0,0
407037,0,0,0
337916,0,0,0
164626,0,0,0
165678,0,0,0
193866,0,0,0
72365,0,0,0
23067,0,0,0
240405,0,0,0
366569,0,0,0
46927,0,0,0
117154,0,0,0
24642,0,0,0
77752,0,0,0
181488,0,0,0
388141,0,0,0
409669,0,0,0
109886,0,0,0
88092,0,0,0
199350,0,0,0
59715,0,0,0
347413,0,0,0
297291,0,0,0
109324,0,0,0
401709,0,0,0
359230,0,0,0
293626,0,0,0
409698,0,0,0
201341,0,0,0
93264,0,0,0
19259,0,0,0
91117,0,0,0
332693,0,0,0
377780,0,0,0
282975,0,0,0
266527,0,0,0
338602,0,0,0
197739,0,0,0
249834,0,0,0
360390,0,0,0
332819,0,0,0
203376,0,0,0
23793,0,0,0
282237,0,0,0
365162,0,0,0
156373,0,0,0
326649,0,0,0
92026,0,0,0
263883,0,0,0
90414,0,0,0
144188,0,0,0
44226,0,0,0
244957,0,0,0
136582,0,0,0
165284,0,0,0
289196,0,0,0
387317,0,0,0
385282,0,0,0
376712,0,0,0
335190,0,0,0
191461,0,0,0
336775,0,0,0
127301,0,0,0
151313,0,0,0
2458,0,0,0
382553,0,0,0
293188,0,0,0
133617,0,0,0
214268,0,0,0
105720,0,0,0
20034,0,0,0
2858,0,0,0
111889,0,0,0
243913,0,0,0
299146,0,0,0
79273,0,0,0
114559,0,0,0
126132,0,0,0
342479,0,0,0
225339,0,0,0
398349,0,0,0
179255,0,0,0
318981,0,0,0
407456,0,0,0
118316,0,0,0
363790,0,0,0
282393,0,0,0
233369,0,0,0
365322,0,0,0
59191,0,0,0
130676,0,0,0
188077,0,0,0
15528,0,0,0
342194,0,0,0
176968,0,0,0
234067,0,0,0
288143,0,0,0
78608,0,0,0
55961,0,0,0
110381,0,0,0
210268,0,0,0
324863,0,0,0
127441,0,0,0
155917,0,0,0
56474,0,0,0
176313,0,0,0
113557,0,0,0
244145,0,0,0
37050,0,0,0
115040,0,0,0
228986,0,0,0
260794,0,0,0
251957,0,0,0
181787,0,0,0
100475,0,0,0
217435,0,0,0
487,0,0,0
294683,0,0,0
353804,0,0,0
63420,0,0,0
158837,0,0,0
213977,0,0,0
100302,0,0,0
67233,0,0,0
257832,0,0,0
323357,0,0,0
37764,0,0,0
207880,0,0,0
277424,0,0,0
95741,0,0,0
109392,0,0,0
237038,0,0,0
134628,0,0,0
377123,0,0,0
213188,0,0,0
35751,0,0,0
232469,0,0,0
386351,0,0,0
237174,0,0,0
105970,0,0,0
410048,0,0,0
151541,0,0,0
135096,0,0,0
131569,0,0,0
55287,0,0,0
146994,0,0,0
130370,0,0,0
314083,0,0,0
160396,0,0,0
177445,0,0,0
28668,0,0,0
182129,0,0,0
152439,0,0,0
29412,0,0,0
169851,0,0,0
405502,0,0,0
111697,0,0,0
46185,0,0,0
41921,0,0,0
40581,0,0,0
329124,0,0,0
208665,0,0,0
320776,0,0,0
361004,0,0,0
138790,0,0,0
140236,0,0,0
370326,0,0,0
231833,0,0,0
124659,0,0,0
286860,0,0,0
393564,0,0,0
118181,0,0,0
355406,0,0,0
302805,0,0,0
318968,0,0,0
227582,0,0,0
125613,0,0,0
121092,0,0,0
286035,0,0,0
96454,0,0,0
21057,0,0,0
123230,0,0,0
397114,0,0,0
264768,0,0,0
151022,0,0,0
405183,0,0,0
226467,0,0,0
16566,0,0,0
122835,0,0,0
313553,0,0,0
310728,0,0,0
208547,0,0,0
343236,0,0,0
230590,0,0,0
194441,0,0,0
339440,0,0,0
156464,0,0,0
120265,0,0,0
247632,0,0,0
387657,0,0,0
295408,0,0,0
337033,0,0,0
109434,0,0,0
18024,0,0,0
298743,0,0,0
321003,0,0,0
295642,0,0,0
244018,0,0,0
214493,0,0,0
69230,0,0,0
325990,0,0,0
80905,0,0,0
58971,0,0,0
280245,0,0,0
83307,0,0,0
129075,0,0,0
281476,0,0,0
318013,0,0,0
256778,0,0,0
377291,0,0,0
148297,0,0,0
194033,0,0,0
91186,0,0,0
3728,0,0,0
43132,0,0,0
161180,0,0,0
90682,0,0,0
240470,0,0,0
287316,0,0,0
395838,0,0,0
339520,0,0,0
31507,0,0,0
202810,0,0,0
11041,0,0,0
386092,0,0,0
139302,0,0,0
33663,0,0,0
95218,0,0,0
403949,0,0,0
92092,0,0,0
14788,0,0,0
157894,0,0,0
187898,0,0,0
29795,0,0,0
57650,0,0,0
207917,0,0,0
167567,0,0,0
94069,0,0,0
336843,0,0,0
128881,0,0,0
352117,0,0,0
378191,0,0,0
70858,0,0,0
171481,0,0,0
383426,0,0,0
391562,0,0,0
67183,0,0,0
160305,0,0,0
90128,0,0,0
229293,0,0,0
98902,0,0,0
220662,0,0,0
197515,0,0,0
293662,0,0,0
327521,0,0,0
137720,0,0,0
227415,0,0,0
68208,0,0,0
253136,0,0,0
328024,0,0,0
18113,0,0,0
409141,0,0,0
226277,0,0,0
377485,0,0,0
2261,0,0,0
21342,0,0,0
150365,0,0,0
147583,0,0,0
219832,0,0,0
109906,0,0,0
96932,0,0,0
346219,0,0,0
77904,0,0,0
79187,0,0,0
369560,0,0,0
33181,0,0,0
296527,0,0,0
192490,0,0,0
398214,0,0,0
266891,0,0,0
161713,0,0,0
129723,0,0,0
22934,0,0,0
350945,0,0,0
383125,0,0,0
407742,0,0,0
237902,0,0,0
151130,0,0,0
27607,0,0,0
392088,0,0,0
94503,0,0,0
352771,0,0,0
234414,0,0,0
60836,0,0,0
142850,0,0,0
403257,0,0,0
23307,0,0,0
121741,0,0,0
193322,0,0,0
258408,0,0,0
300308,0,0,0
266114,0,0,0
199000,0,0,0
225774,0,0,0
47427,0,0,0
222305,0,0,0
173283,0,0,0
119334,0,0,0
22104,0,0,0
383451,0,0,0
165149,0,0,0
10153,0,0,0
42435,0,0,0
24186,0,0,0
138390,0,0,0
314151,0,0,0
188439,0,0,0
10275,0,0,0
158885,0,0,0
335264,0,0,0
251242,0,0,0
158266,0,0,0
35022,0,0,0
271307,0,0,0
208025,0,0,0
228872,0,0,0
403451,0,0,0
340299,0,0,0
18158,0,0,0
220560,0,0,0
201891,0,0,0
258926,0,0,0
90260,0,0,0
359062,0,0,0
280023,0,0,0
42799,0,0,0
279014,0,0,0
387567,0,0,0
88582,0,0,0
246761,0,0,0
306387,0,0,0
400276,0,0,0
180913,0,0,0
315848,0,0,0
328199,0,0,0
331718,0,0,0
235117,0,0,0
209874,0,0,0
308965,0,0,0
210128,0,0,0
152382,0,0,0
380040,0,0,0
270965,0,0,0
188022,0,0,0
156657,0,0,0
79317,0,0,0
176225,0,0,0
296972,0,0,0
237850,0,0,0
231003,0,0,0
58097,0,0,0
87070,0,0,0
400879,0,0,0
338215,0,0,0
88663,0,0,0
256645,0,0,0
111391,0,0,0
245211,0,0,0
383771,0,0,0
199978,0,0,0
70820,0,0,0
66562,0,0,0
156424,0,0,0
301828,0,0,0
45573,0,0,0
79628,0,0,0
395379,0,0,0
366234,0,0,0
60701,0,0,0
9186,0,0,0
230064,0,0,0
169031,0,0,0
311956,0,0,0
86764,0,0,0
147034,0,0,0
181934,0,0,0
61789,0,0,0
106421,0,0,0
290822,0,0,0
269532,0,0,0
406213,0,0,0
143897,0,0,0
18991,0,0,0
99147,0,0,0
331531,0,0,0
364987,0,0,0
359513,0,0,0
47369,0,0,0
121959,0,0,0
32941,0,0,0
134965,0,0,0
340574,0,0,0
5610,0,0,0
319840,0,0,0
166955,0,0,0
126920,0,0,0
245439,0,0,0
251068,0,0,0
173264,0,0,0
178848,0,0,0
252530,0,0,0
335360,0,0,0
217942,0,0,0
40910,0,0,0
235615,0,0,0
150991,0,0,0
225055,0,0,0
291023,0,0,0
374700,0,0,0
174237,0,0,0
147650,0,0,0
362176,0,0,0
147173,0,0,0
125672,0,0,0
215787,0,0,0
167464,0,0,0
335471,0,0,0
191377,0,0,0
186956,0,0,0
81583,0,0,0
317286,0,0,0
365550,0,0,0
56746,0,0,0
76417,0,0,0
293432,0,0,0
69607,0,0,0
25742,0,0,0
46563,0,0,0
406511,0,0,0
204078,0,0,0
90743,0,0,0
198381,0,0,0
283594,0,0,0
21940,0,0,0
263497,0,0,0
156251,0,0,0
82683,0,0,0
410138,0,0,0
239387,0,0,0
289603,0,0,0
378095,0,0,0
52916,0,0,0
206896,0,0,0
228631,0,0,0
126089,0,0,0
407440,0,0,0
34185,0,0,0
249685,0,0,0
266751,0,0,0
239797,0,0,0
332035,0,0,0
84048,0,0,0
111984,0,0,0
285529,0,0,0
390661,0,0,0
175830,0,0,0
163535,0,0,0
408984,0,0,0
335836,0,0,0
340338,0,0,0
209162,0,0,0
108283,0,0,0
81894,0,0,0
202558,0,0,0
134566,0,0,0
37035,0,0,0
97719,0,0,0
388103,0,0,0
254837,0,0,0
9231,0,0,0
344216,0,0,0
289741,0,0,0
9005,0,0,0
392895,0,0,0
45963,0,0,0
96145,0,0,0
313876,0,0,0
295173,0,0,0
378957,0,0,0
132898,0,0,0
240806,0,0,0
340609,0,0,0
133962,0,0,0
264546,0,0,0
106078,0,0,0
99016,0,0,0
187849,0,0,0
153369,0,0,0
53732,0,0,0
308700,0,0,0
241858,0,0,0
102209,0,0,0
176330,0,0,0
290320,0,0,0
218070,0,0,0
294845,0,0,0
5757,0,0,0
283484,0,0,0
16452,0,0,0
218505,0,0,0
346355,0,0,0
35816,0,0,0
37991,0,0,0
238443,0,0,0
146441,0,0,0
132623,0,0,0
365821,0,0,0
80657,0,0,0
380628,0,0,0
263901,0,0,0
74069,0,0,0
357112,0,0,0
233653,0,0,0
175841,0,0,0
61548,0,0,0
296383,0,0,0
394242,0,0,0
43049,0,0,0
12236,0,0,0
128992,0,0,0
74700,0,0,0
172634,0,0,0
69466,0,0,0
279067,0,0,0
14866,0,0,0
130344,0,0,0
56644,0,0,0
325640,0,0,0
304766,0,0,0
297482,0,0,0
201906,0,0,0
67775,0,0,0
91556,0,0,0
155278,0,0,0
43483,0,0,0
378234,0,0,0
239390,0,0,0
17019,0,0,0
76050,0,0,0
102596,0,0,0
213623,0,0,0
174588,0,0,0
26612,0,0,0
29768,0,0,0
350318,0,0,0
64056,0,0,0
85720,0,0,0
314595,0,0,0
49350,0,0,0
128450,0,0,0
398713,0,0,0
137927,0,0,0
69409,0,0,0
165379,0,0,0
251873,0,0,0
316686,0,0,0
401267,0,0,0
188102,0,0,0
250088,0,0,0
406711,0,0,0
85543,0,0,0
392678,0,0,0
11899,0,0,0
147976,0,0,0
175311,0,0,0
393329,0,0,0
236061,0,0,0
409351,0,0,0
357821,0,0,0
270584,0,0,0
149493,0,0,0
66280,0,0,0
293062,0,0,0
321347,0,0,0
235468,0,0,0
350707,0,0,0
80445,0,0,0
197587,0,0,0
313743,0,0,0
341152,0,0,0
152204,0,0,0
299266,0,0,0
104333,0,0,0
97411,0,0,0
366994,0,0,0
357561,0,0,0
389369,0,0,0
185459,0,0,0
52138,0,0,0
353332,0,0,0
217978,0,0,0
281005,0,0,0
125332,0,0,0
366488,0,0,0
397758,0,0,0
94693,0,0,0
5066,0,0,0
57397,0,0,0
580,0,0,0
390549,0,0,0
5428,0,0,0
68790,0,0,0
316768,0,0,0
410117,0,0,0
304438,0,0,0
308633,0,0,0
92191,0,0,0
366021,0,0,0
222243,0,0,0
203961,0,0,0
219427,0,0,0
120466,0,0,0
204142,0,0,0
7520,0,0,0
383572,0,0,0
181868,0,0,0
303473,0,0,0
10261,0,0,0
25175,0,0,0
199679,0,0,0
10881,0,0,0
342807,0,0,0
324051,0,0,0
291020,0,0,0
373573,0,0,0
230633,0,0,0
287305,0,0,0
69255,0,0,0
107061,0,0,0
188678,0,0,0
295595,0,0,0
166735,0,0,0
346203,0,0,0
19346,0,0,0
312625,0,0,0
245267,0,0,0
366687,0,0,0
176209,0,0,0
323316,0,0,0
1273,0,0,0
229053,0,0,0
357901,0,0,0
385268,0,0,0
371419,0,0,0
55223,0,0,0
223959,0,0,0
395028,0,0,0
312835,0,0,0
115728,0,0,0
160794,0,0,0
372248,0,0,0
410482,0,0,0
394161,0,0,0
376261,0,0,0
28836,0,0,0
301438,0,0,0
336879,0,0,0
13257,0,0,0
191194,0,0,0
53943,0,0,0
52116,0,0,0
387409,0,0,0
356114,0,0,0
269267,0,0,0
378139,0,0,0
70957,0,0,0
405576,0,0,0
378905,0,0,0
252608,0,0,0
327330,0,0,0
408055,0,0,0
301094,0,0,0
386176,0,0,0
257566,0,0,0
264717,0,0,0
174781,0,0,0
151440,0,0,0
155282,0,0,0
41445,0,0,0
320325,0,0,0
327831,0,0,0
374656,0,0,0
219301,0,0,0
54228,0,0,0
183035,0,0,0
51178,0,0,0
322953,0,0,0
382114,0,0,0
323192,0,0,0
386909,0,0,0
167103,0,0,0
143494,0,0,0
83969,0,0,0
353498,0,0,0
143404,0,0,0
68677,0,0,0
42002,0,0,0
92402,0,0,0
118470,0,0,0
241954,0,0,0
193012,0,0,0
258503,0,0,0
176578,0,0,0
131354,0,0,0
180957,0,0,0
243548,0,0,0
207882,0,0,0
344701,0,0,0
20884,0,0,0
374164,0,0,0
280025,0,0,0
156135,0,0,0
256933,0,0,0
328162,0,0,0
95389,0,0,0
364486,0,0,0
23928,0,0,0
170478,0,0,0
217141,0,0,0
273256,0,0,0
217989,0,0,0
98208,0,0,0
203740,0,0,0
13197,0,0,0
87164,0,0,0
75699,0,0,0
189317,0,0,0
5176,0,0,0
300474,0,0,0
342747,0,0,0
107493,0,0,0
256052,0,0,0
292417,0,0,0
321844,0,0,0
73318,0,0,0
235812,0,0,0
393739,0,0,0
231096,0,0,0
249376,0,0,0
255760,0,0,0
294164,0,0,0
276032,0,0,0
382070,0,0,0
376215,0,0,0
214887,0,0,0
335634,0,0,0
184887,0,0,0
347705,0,0,0
372277,0,0,0
280914,0,0,0
335409,0,0,0
362365,0,0,0
329699,0,0,0
304778,0,0,0
136266,0,0,0
99589,0,0,0
107863,0,0,0
38127,0,0,0
86028,0,0,0
254480,0,0,0
176195,0,0,0
368561,0,0,0
102846,0,0,0
254562,0,0,0
376381,0,0,0
391884,0,0,0
377126,0,0,0
353917,0,0,0
378119,0,0,0
82877,0,0,0
111659,0,0,0
96116,0,0,0
219489,0,0,0
4309,0,0,0
71289,0,0,0
347074,0,0,0
134354,0,0,0
85352,0,0,0
135957,0,0,0
360682,0,0,0
405325,0,0,0
403901,0,0,0
244609,0,0,0
40719,0,0,0
198837,0,0,0
47244,0,0,0
82716,0,0,0
168434,0,0,0
17369,0,0,0
179771,0,0,0
42113,0,0,0
133665,0,0,0
360137,0,0,0
311000,0,0,0
270620,0,0,0
6539,0,0,0
410730,0,0,0
341131,0,0,0
41051,0,0,0
235560,0,0,0
52669,0,0,0
141081,0,0,0
270363,0,0,0
94350,0,0,0
358459,0,0,0
64071,0,0,0
136241,0,0,0
378117,0,0,0
200539,0,0,0
352370,0,0,0
83901,0,0,0
264335,0,0,0
19468,0,0,0
66964,0,0,0
286140,0,0,0
970,0,0,0
198318,0,0,0
20407,0,0,0
137627,0,0,0
31826,0,0,0
150188,0,0,0
128733,0,0,0
179792,0,0,0
72159,0,0,0
26743,0,0,0
114901,0,0,0
213162,0,0,0
45818,0,0,0
204526,0,0,0
104268,0,0,0
159808,0,0,0
341340,0,0,0
103997,0,0,0
147579,0,0,0
55796,0,0,0
143766,0,0,0
313422,0,0,0
114978,0,0,0
377201,0,0,0
92599,0,0,0
24174,0,0,0
404201,0,0,0
264463,0,0,0
51107,0,0,0
21121,0,0,0
200881,0,0,0
107894,0,0,0
156119,0,0,0
191242,0,0,0
220677,0,0,0
145843,0,0,0
220972,0,0,0
15817,0,0,0
336185,0,0,0
246824,0,0,0
349398,0,0,0
38282,0,0,0
320893,0,0,0
326239,0,0,0
126565,0,0,0
222834,0,0,0
52918,0,0,0
139222,0,0,0
202547,0,0,0
318045,0,0,0
403455,0,0,0
207757,0,0,0
403062,0,0,0
238701,0,0,0
313260,0,0,0
263703,0,0,0
111535,0,0,0
11112,0,0,0
197312,0,0,0
4539,0,0,0
287419,0,0,0
43642,0,0,0
62537,0,0,0
226913,0,0,0
128196,0,0,0
27570,0,0,0
168280,0,0,0
269644,0,0,0
282279,0,0,0
161250,0,0,0
395562,0,0,0
392513,0,0,0
405656,0,0,0
409240,0,0,0
200170,0,0,0
260199,0,0,0
167648,0,0,0
363884,0,0,0
331242,0,0,0
368930,0,0,0
357363,0,0,0
241323,0,0,0
286020,0,0,0
387734,0,0,0
380946,0,0,0
119763,0,0,0
123437,0,0,0
294898,0,0,0
160257,0,0,0
62202,0,0,0
325193,0,0,0
13718,0,0,0
80528,0,0,0
149043,0,0,0
375945,0,0,0
26964,0,0,0
23892,0,0,0
7993,0,0,0
216353,0,0,0
71655,0,0,0
36091,0,0,0
238722,0,0,0
63105,0,0,0
405511,0,0,0
364762,0,0,0
228734,0,0,0
121062,0,0,0
187514,0,0,0
50182,0,0,0
140266,0,0,0
128239,0,0,0
47604,0,0,0
296463,0,0,0
263937,0,0,0
202994,0,0,0
272539,0,0,0
161712,0,0,0
194694,0,0,0
240213,0,0,0
353216,0,0,0
117883,0,0,0
89635,0,0,0
66520,0,0,0
382652,0,0,0
71012,0,0,0
278606,0,0,0
352126,0,0,0
155971,0,0,0
272300,0,0,0
174290,0,0,0
319998,0,0,0
305857,0,0,0
15674,0,0,0
286469,0,0,0
250256,0,0,0
212052,0,0,0
307925,0,0,0
288273,0,0,0
19731,0,0,0
272602,0,0,0
102714,0,0,0
198658,0,0,0
90200,0,0,0
231818,0,0,0
169880,0,0,0
17412,0,0,0
16476,0,0,0
175420,0,0,0
61329,0,0,0
376423,0,0,0
108960,0,0,0
53199,0,0,0
111555,0,0,0
380518,0,0,0
406979,0,0,0
259870,0,0,0
410976,0,0,0
138781,0,0,0
374329,0,0,0
43008,0,0,0
177974,0,0,0
103152,0,0,0
410973,0,0,0
367712,0,0,0
144791,0,0,0
405591,0,0,0
370659,0,0,0
85755,0,0,0
365313,0,0,0
389245,0,0,0
10475,0,0,0
316918,0,0,0
199617,0,0,0
64755,0,0,0
195811,0,0,0
232865,0,0,0
317167,0,0,0
268400,0,0,0
183390,0,0,0
195949,0,0,0
320895,0,0,0
68429,0,0,0
9330,0,0,0
80897,0,0,0
172807,0,0,0
338093,0,0,0
268120,0,0,0
299688,0,0,0
198688,0,0,0
347450,0,0,0
197962,0,0,0
93223,0,0,0
229536,0,0,0
237442,0,0,0
227043,0,0,0
149254,0,0,0
336880,0,0,0
137581,0,0,0
255585,0,0,0
346748,0,0,0
23734,0,0,0
198596,0,0,0
110054,0,0,0
168404,0,0,0
130057,0,0,0
361775,0,0,0
225020,0,0,0
320570,0,0,0
362450,0,0,0
12271,0,0,0
346687,0,0,0
364199,0,0,0
143100,0,0,0
1226,0,0,0
122874,0,0,0
341945,0,0,0
160434,0,0,0
316927,0,0,0
110134,0,0,0
187408,0,0,0
381451,0,0,0
279315,0,0,0
146036,0,0,0
115723,0,0,0
17665,0,0,0
173165,0,0,0
217151,0,0,0
292838,0,0,0
161155,0,0,0
220832,0,0,0
369720,0,0,0
338014,0,0,0
23065,0,0,0
269668,0,0,0
94546,0,0,0
186583,0,0,0
102309,0,0,0
286884,0,0,0
262054,0,0,0
296772,0,0,0
37520,0,0,0
258227,0,0,0
202332,0,0,0
114977,0,0,0
14365,0,0,0
256533,0,0,0
148729,0,0,0
405363,0,0,0
117699,0,0,0
198563,0,0,0
402455,0,0,0
388907,0,0,0
197862,0,0,0
381575,0,0,0
100290,0,0,0
108187,0,0,0
12994,0,0,0
341817,0,0,0
60687,0,0,0
178314,0,0,0
206653,0,0,0
279109,0,0,0
351663,0,0,0
334116,0,0,0
345480,0,0,0
59078,0,0,0
121417,0,0,0
99265,0,0,0
236930,0,0,0
335086,0,0,0
221969,0,0,0
318165,0,0,0
286104,0,0,0
302294,0,0,0
231221,0,0,0
139585,0,0,0
144960,0,0,0
145455,0,0,0
402140,0,0,0
388352,0,0,0
250047,0,0,0
140726,0,0,0
229655,0,0,0
246591,0,0,0
179526,0,0,0
288176,0,0,0
380063,0,0,0
101835,0,0,0
313159,0,0,0
236418,0,0,0
337088,0,0,0
117027,0,0,0
51490,0,0,0
17985,0,0,0
113395,0,0,0
134970,0,0,0
255945,0,0,0
145880,0,0,0
46059,0,0,0
221104,0,0,0
3118,0,0,0
58503,0,0,0
155828,0,0,0
408804,0,0,0
172249,0,0,0
182095,0,0,0
153459,0,0,0
253328,0,0,0
113226,0,0,0
102815,0,0,0
325643,0,0,0
326273,0,0,0
238417,0,0,0
128396,0,0,0
109997,0,0,0
286749,0,0,0
72710,0,0,0
36558,0,0,0
29623,0,0,0
248271,0,0,0
393246,0,0,0
284555,0,0,0
358888,0,0,0
197775,0,0,0
191902,0,0,0
204978,0,0,0
33633,0,0,0
43603,0,0,0
73883,0,0,0
116358,0,0,0
209148,0,0,0
146703,0,0,0
350061,0,0,0
186422,0,0,0
6201,0,0,0
245613,0,0,0
359314,0,0,0
359335,0,0,0
139141,0,0,0
380700,0,0,0
347007,0,0,0
4234,0,0,0
182626,0,0,0
171406,0,0,0
396055,0,0,0
217434,0,0,0
371349,0,0,0
90621,0,0,0
43238,0,0,0
291013,0,0,0
195013,0,0,0
64812,0,0,0
255263,0,0,0
116490,0,0,0
334959,0,0,0
385845,0,0,0
46671,0,0,0
89073,0,0,0
10825,0,0,0
204405,0,0,0
304524,0,0,0
409988,0,0,0
318527,0,0,0
329429,0,0,0
251223,0,0,0
127288,0,0,0
393477,0,0,0
1175,0,0,0
216261,0,0,0
24972,0,0,0
292578,0,0,0
187348,0,0,0
361621,0,0,0
239875,0,0,0
389691,0,0,0
210384,0,0,0
346180,0,0,0
149858,0,0,0
77006,0,0,0
111466,0,0,0
298401,0,0,0
338727,0,0,0
381746,0,0,0
329906,0,0,0
400661,0,0,0
259094,0,0,0
307172,0,0,0
39427,0,0,0
274620,0,0,0
306732,0,0,0
359783,0,0,0
151063,0,0,0
402022,0,0,0
352356,0,0,0
52481,0,0,0
101281,0,0,0
276676,0,0,0
170382,0,0,0
396968,0,0,0
298130,0,0,0
120716,0,0,0
392833,0,0,0
173372,0,0,0
164216,0,0,0
292054,0,0,0
146173,0,0,0
73391,0,0,0
373709,0,0,0
405342,0,0,0
168483,0,0,0
24216,0,0,0
310848,0,0,0
44119,0,0,0
172515,0,0,0
117434,0,0,0
401051,0,0,0
26450,0,0,0
6686,0,0,0
290092,0,0,0
113417,0,0,0
198194,0,0,0
96866,0,0,0
212330,0,0,0
119176,0,0,0
132130,0,0,0
138495,0,0,0
332492,0,0,0
319100,0,0,0
49613,0,0,0
260390,0,0,0
406204,0,0,0
187833,0,0,0
347394,0,0,0
352540,0,0,0
170682,0,0,0
94314,0,0,0
400372,0,0,0
87805,0,0,0
267527,0,0,0
266651,0,0,0
255702,0,0,0
388355,0,0,0
81591,0,0,0
273962,0,0,0
67683,0,0,0
192680,0,0,0
77487,0,0,0
59025,0,0,0
301165,0,0,0
278038,0,0,0
358419,0,0,0
119648,0,0,0
289186,0,0,0
178469,0,0,0
30708,0,0,0
151517,0,0,0
157999,0,0,0
26925,0,0,0
313848,0,0,0
88667,0,0,0
251302,0,0,0
269128,0,0,0
148240,0,0,0
73821,0,0,0
257406,0,0,0
382044,0,0,0
261030,0,0,0
178457,0,0,0
234085,0,0,0
266310,0,0,0
89297,0,0,0
166333,0,0,0
85617,0,0,0
310198,0,0,0
241310,0,0,0
374677,0,0,0
218148,0,0,0
150517,0,0,0
349484,0,0,0
287161,0,0,0
279324,0,0,0
33550,0,0,0
395457,0,0,0
72952,0,0,0
181001,0,0,0
389275,0,0,0
406504,0,0,0
143534,0,0,0
210167,0,0,0
20048,0,0,0
28832,0,0,0
207140,0,0,0
205729,0,0,0
291897,0,0,0
93324,0,0,0
330192,0,0,0
49531,0,0,0
211980,0,0,0
2614,0,0,0
70966,0,0,0
285815,0,0,0
51044,0,0,0
157755,0,0,0
411432,0,0,0
56131,0,0,0
320525,0,0,0
364828,0,0,0
302965,0,0,0
77679,0,0,0
151858,0,0,0
82352,0,0,0
308908,0,0,0
377120,0,0,0
335898,0,0,0
375620,0,0,0
15641,0,0,0
321911,0,0,0
78040,0,0,0
390953,0,0,0
271953,0,0,0
59640,0,0,0
394688,0,0,0
281882,0,0,0
169270,0,0,0
281162,0,0,0
285642,0,0,0
204897,0,0,0
129021,0,0,0
58841,0,0,0
81863,0,0,0
78699,0,0,0
159167,0,0,0
364968,0,0,0
330499,0,0,0
271476,0,0,0
267251,0,0,0
45312,0,0,0
24879,0,0,0
405560,0,0,0
8141,0,0,0
13199,0,0,0
86938,0,0,0
196296,0,0,0
84153,0,0,0
273570,0,0,0
373352,0,0,0
237597,0,0,0
380060,0,0,0
246738,0,0,0
80902,0,0,0
269084,0,0,0
279590,0,0,0
40612,0,0,0
242962,0,0,0
255627,0,0,0
231229,0,0,0
222601,0,0,0
17692,0,0,0
249924,0,0,0
187202,0,0,0
269759,0,0,0
211912,0,0,0
380770,0,0,0
115662,0,0,0
410990,0,0,0
79894,0,0,0
312641,0,0,0
262486,0,0,0
99867,0,0,0
336155,0,0,0
297357,0,0,0
120723,0,0,0
78518,0,0,0
240088,0,0,0
27966,0,0,0
156740,0,0,0
309915,0,0,0
315880,0,0,0
173340,0,0,0
9014,0,0,0
112826,0,0,0
326331,0,0,0
22605,0,0,0
18371,0,0,0
410052,0,0,0
343794,0,0,0
266328,0,0,0
23606,0,0,0
128800,0,0,0
177592,0,0,0
369526,0,0,0
331979,0,0,0
152638,0,0,0
357764,0,0,0
172977,0,0,0
30870,0,0,0
92160,0,0,0
260422,0,0,0
172611,0,0,0
264519,0,0,0
202958,0,0,0
205175,0,0,0
32173,0,0,0
410009,0,0,0
183304,0,0,0
195344,0,0,0
232658,0,0,0
122196,0,0,0
239370,0,0,0
190896,0,0,0
265754,0,0,0
55783,0,0,0
343698,0,0,0
109874,0,0,0
156924,0,0,0
135670,0,0,0
9840,0,0,0
116518,0,0,0
205900,0,0,0
373938,0,0,0
26334,0,0,0
140125,0,0,0
399338,0,0,0
2840,0,0,0
119490,0,0,0
127466,0,0,0
375230,0,0,0
312442,0,0,0
354683,0,0,0
116580,0,0,0
207551,0,0,0
25158,0,0,0
345621,0,0,0
101597,0,0,0
99913,0,0,0
396135,0,0,0
29940,0,0,0
184104,0,0,0
308166,0,0,0
91549,0,0,0
324464,0,0,0
309851,0,0,0
357344,0,0,0
143352,0,0,0
348032,0,0,0
149503,0,0,0
249149,0,0,0
122547,0,0,0
155562,0,0,0
316204,0,0,0
123873,0,0,0
190632,0,0,0
345209,0,0,0
62379,0,0,0
74154,0,0,0
231558,0,0,0
175281,0,0,0
36320,0,0,0
45566,0,0,0
151884,0,0,0
223657,0,0,0
274564,0,0,0
630,0,0,0
372587,0,0,0
394925,0,0,0
75205,0,0,0
173034,0,0,0
172693,0,0,0
378359,0,0,0
396608,0,0,0
155103,0,0,0
32349,0,0,0
248854,0,0,0
288989,0,0,0
300479,0,0,0
361260,0,0,0
193280,0,0,0
397772,0,0,0
256387,0,0,0
26896,0,0,0
194514,0,0,0
317988,0,0,0
33413,0,0,0
156768,0,0,0
318179,0,0,0
39240,0,0,0
322809,0,0,0
325464,0,0,0
334589,0,0,0
50880,0,0,0
377718,0,0,0
300942,0,0,0
290277,0,0,0
60033,0,0,0
268198,0,0,0
251483,0,0,0
401660,0,0,0
387722,0,0,0
164645,0,0,0
104093,0,0,0
45843,0,0,0
275465,0,0,0
87450,0,0,0
106608,0,0,0
45020,0,0,0
214223,0,0,0
45391,0,0,0
331931,0,0,0
65536,0,0,0
94195,0,0,0
289012,0,0,0
290052,0,0,0
317023,0,0,0
402959,0,0,0
272165,0,0,0
304970,0,0,0
6329,0,0,0
359406,0,0,0
85900,0,0,0
66925,0,0,0
172818,0,0,0
353722,0,0,0
102284,0,0,0
115286,0,0,0
336152,0,0,0
10152,0,0,0
385581,0,0,0
399539,0,0,0
151178,0,0,0
388916,0,0,0
243352,0,0,0
38271,0,0,0
305107,0,0,0
73294,0,0,0
345584,0,0,0
59629,0,0,0
362985,0,0,0
9255,0,0,0
183593,0,0,0
61027,0,0,0
382031,0,0,0
248260,0,0,0
390627,0,0,0
251216,0,0,0
346432,0,0,0
391034,0,0,0
329608,0,0,0
32386,0,0,0
8121,0,0,0
22781,0,0,0
245689,0,0,0
125884,0,0,0
409010,0,0,0
360584,0,0,0
36957,0,0,0
280590,0,0,0
83590,0,0,0
203941,0,0,0
23985,0,0,0
321524,0,0,0
81218,0,0,0
75290,0,0,0
170374,0,0,0
166389,0,0,0
363941,0,0,0
37957,0,0,0
28082,0,0,0
352791,0,0,0
155564,0,0,0
286580,0,0,0
145848,0,0,0
122920,0,0,0
282916,0,0,0
355834,0,0,0
324845,0,0,0
389240,0,0,0
61247,0,0,0
117331,0,0,0
58325,0,0,0
131534,0,0,0
101345,0,0,0
116046,0,0,0
142869,0,0,0
92794,0,0,0
82818,0,0,0
364165,0,0,0
340585,0,0,0
188986,0,0,0
406682,0,0,0
343694,0,0,0
357730,0,0,0
168041,0,0,0
380402,0,0,0
314959,0,0,0
144333,0,0,0
369813,0,0,0
52877,0,0,0
184529,0,0,0
237460,0,0,0
326254,0,0,0
189081,0,0,0
249508,0,0,0
292602,0,0,0
305230,0,0,0
998,0,0,0
238996,0,0,0
378949,0,0,0
397460,0,0,0
381477,0,0,0
272284,0,0,0
208443,0,0,0
10335,0,0,0
18296,0,0,0
66122,0,0,0
359086,0,0,0
109595,0,0,0
29953,0,0,0
285676,0,0,0
133165,0,0,0
374071,0,0,0
401693,0,0,0
215663,0,0,0
38460,0,0,0
43479,0,0,0
327094,0,0,0
407980,0,0,0
168933,0,0,0
286773,0,0,0
379179,0,0,0
315339,0,0,0
54772,0,0,0
53893,0,0,0
365233,0,0,0
163481,0,0,0
31617,0,0,0
392325,0,0,0
333515,0,0,0
266297,0,0,0
120613,0,0,0
284801,0,0,0
380167,0,0,0
341882,0,0,0
72717,0,0,0
253213,0,0,0
325333,0,0,0
120569,0,0,0
139347,0,0,0
70873,0,0,0
72530,0,0,0
90247,0,0,0
212492,0,0,0
212656,0,0,0
236998,0,0,0
193302,0,0,0
28810,0,0,0
21423,0,0,0
67840,0,0,0
281490,0,0,0
280454,0,0,0
154700,0,0,0
135270,0,0,0
188431,0,0,0
219951,0,0,0
296918,0,0,0
347081,0,0,0
140085,0,0,0
19069,0,0,0
83464,0,0,0
351920,0,0,0
266978,0,0,0
147681,0,0,0
237664,0,0,0
203538,0,0,0
209403,0,0,0
276839,0,0,0
51356,0,0,0
276203,0,0,0
23034,0,0,0
135367,0,0,0
233160,0,0,0
382495,0,0,0
310360,0,0,0
334510,0,0,0
407991,0,0,0
224304,0,0,0
56702,0,0,0
328627,0,0,0
356872,0,0,0
125485,0,0,0
170188,0,0,0
339800,0,0,0
63820,0,0,0
72057,0,0,0
112106,0,0,0
112528,0,0,0
397001,0,0,0
62865,0,0,0
9464,0,0,0
131397,0,0,0
287955,0,0,0
157522,0,0,0
373431,0,0,0
200176,0,0,0
160194,0,0,0
56635,0,0,0
306415,0,0,0
318191,0,0,0
198408,0,0,0
346759,0,0,0
261974,0,0,0
229485,0,0,0
6449,0,0,0
51022,0,0,0
404053,0,0,0
273578,0,0,0
246021,0,0,0
312279,0,0,0
138391,0,0,0
399499,0,0,0
246358,0,0,0
298174,0,0,0
113723,0,0,0
356184,0,0,0
215527,0,0,0
217980,0,0,0
340126,0,0,0
393126,0,0,0
317138,0,0,0
56620,0,0,0
197714,0,0,0
132310,0,0,0
330121,0,0,0
300113,0,0,0
203425,0,0,0
323341,0,0,0
385191,0,0,0
246956,0,0,0
249837,0,0,0
17418,0,0,0
141733,0,0,0
186217,0,0,0
327406,0,0,0
135648,0,0,0
69020,0,0,0
284952,0,0,0
92538,0,0,0
312255,0,0,0
120657,0,0,0
147436,0,0,0
95209,0,0,0
170446,0,0,0
66462,0,0,0
259653,0,0,0
28907,0,0,0
22810,0,0,0
298968,0,0,0
33128,0,0,0
370032,0,0,0
380140,0,0,0
129666,0,0,0
231089,0,0,0
286604,0,0,0
340871,0,0,0
296000,0,0,0
103208,0,0,0
167779,0,0,0
162661,0,0,0
236098,0,0,0
394352,0,0,0
66782,0,0,0
222158,0,0,0
81992,0,0,0
314674,0,0,0
17450,0,0,0
289753,0,0,0
306256,0,0,0
15551,0,0,0
119752,0,0,0
144069,0,0,0
307494,0,0,0
252790,0,0,0
188372,0,0,0
347265,0,0,0
367122,0,0,0
15392,0,0,0
261220,0,0,0
283994,0,0,0
17700,0,0,0
20763,0,0,0
330405,0,0,0
142275,0,0,0
105607,0,0,0
75155,0,0,0
52931,0,0,0
91338,0,0,0
260020,0,0,0
196544,0,0,0
352103,0,0,0
167681,0,0,0
56949,0,0,0
277580,0,0,0
193157,0,0,0
131366,0,0,0
404749,0,0,0
74090,0,0,0
21218,0,0,0
124469,0,0,0
132838,0,0,0
80070,0,0,0
211565,0,0,0
322849,0,0,0
129112,0,0,0
115189,0,0,0
114913,0,0,0
115358,0,0,0
269574,0,0,0
339843,0,0,0
163798,0,0,0
160492,0,0,0
195348,0,0,0
180421,0,0,0
151232,0,0,0
391966,0,0,0
383718,0,0,0
386440,0,0,0
165476,0,0,0
106645,0,0,0
282091,0,0,0
135626,0,0,0
27626,0,0,0
333828,0,0,0
331961,0,0,0
139924,0,0,0
393606,0,0,0
105462,0,0,0
181484,0,0,0
94020,0,0,0
15617,0,0,0
46625,0,0,0
204085,0,0,0
408873,0,0,0
151708,0,0,0
101008,0,0,0
205301,0,0,0
174633,0,0,0
259074,0,0,0
72150,0,0,0
56892,0,0,0
64898,0,0,0
93140,0,0,0
45446,0,0,0
90725,0,0,0
177769,0,0,0
191537,0,0,0
257826,0,0,0
229413,0,0,0
337047,0,0,0
183703,0,0,0
65485,0,0,0
153094,0,0,0
205021,0,0,0
34158,0,0,0
43310,0,0,0
278244,0,0,0
333981,0,0,0
272224,0,0,0
256772,0,0,0
109761,0,0,0
281870,0,0,0
270981,0,0,0
21231,0,0,0
49294,0,0,0
110333,0,0,0
75679,0,0,0
300120,0,0,0
307733,0,0,0
112489,0,0,0
395012,0,0,0
235372,0,0,0
253947,0,0,0
331846,0,0,0
322971,0,0,0
230561,0,0,0
64439,0,0,0
321666,0,0,0
151951,0,0,0
159679,0,0,0
21147,0,0,0
36008,0,0,0
338507,0,0,0
170714,0,0,0
286476,0,0,0
268692,0,0,0
233728,0,0,0
211018,0,0,0
398218,0,0,0
179532,0,0,0
381564,0,0,0
312275,0,0,0
368856,0,0,0
114910,0,0,0
44840,0,0,0
128511,0,0,0
308519,0,0,0
251583,0,0,0
309502,0,0,0
35372,0,0,0
284166,0,0,0
226667,0,0,0
253119,0,0,0
185465,0,0,0
370843,0,0,0
364461,0,0,0
357417,0,0,0
382911,0,0,0
225558,0,0,0
99205,0,0,0
32806,0,0,0
338549,0,0,0
290998,0,0,0
81778,0,0,0
317429,0,0,0
197717,0,0,0
248261,0,0,0
182226,0,0,0
206916,0,0,0
4221,0,0,0
213719,0,0,0
188622,0,0,0
158730,0,0,0
163014,0,0,0
91013,0,0,0
47866,0,0,0
29267,0,0,0
347503,0,0,0
187656,0,0,0
266345,0,0,0
278832,0,0,0
382485,0,0,0
320274,0,0,0
364218,0,0,0
10569,0,0,0
253458,0,0,0
288522,0,0,0
34886,0,0,0
225933,0,0,0
92279,0,0,0
36780,0,0,0
235760,0,0,0
154383,0,0,0
23814,0,0,0
394596,0,0,0
303933,0,0,0
150822,0,0,0
200290,0,0,0
105655,0,0,0
396180,0,0,0
193374,0,0,0
12225,0,0,0
90144,0,0,0
73892,0,0,0
85791,0,0,0
355878,0,0,0
298243,0,0,0
393337,0,0,0
364222,0,0,0
309114,0,0,0
232216,0,0,0
129757,0,0,0
147910,0,0,0
407931,0,0,0
85917,0,0,0
395800,0,0,0
216498,0,0,0
285995,0,0,0
397972,0,0,0
263317,0,0,0
341677,0,0,0
175661,0,0,0
40313,0,0,0
220019,0,0,0
129153,0,0,0
398896,0,0,0
248207,0,0,0
202689,0,0,0
57979,0,0,0
161405,0,0,0
211966,0,0,0
187681,0,0,0
203288,0,0,0
400108,0,0,0
265139,0,0,0
262910,0,0,0
239147,0,0,0
122265,0,0,0
10958,0,0,0
223130,0,0,0
361052,0,0,0
144539,0,0,0
52924,0,0,0
335018,0,0,0
135938,0,0,0
389612,0,0,0
85028,0,0,0
96414,0,0,0
29269,0,0,0
116766,0,0,0
141876,0,0,0
340199,0,0,0
367116,0,0,0
111170,0,0,0
331490,0,0,0
213515,0,0,0
138238,0,0,0
172886,0,0,0
343401,0,0,0
207089,0,0,0
315679,0,0,0
302598,0,0,0
21541,0,0,0
157182,0,0,0
17871,0,0,0
262875,0,0,0
320627,0,0,0
58803,0,0,0
2104,0,0,0
25475,0,0,0
410558,0,0,0
41985,0,0,0
325198,0,0,0
391715,0,0,0
245976,0,0,0
285473,0,0,0
165295,0,0,0
350681,0,0,0
136227,0,0,0
61861,0,0,0
86574,0,0,0
304378,0,0,0
42007,0,0,0
262434,0,0,0
76446,0,0,0
332340,0,0,0
302955,0,0,0
330618,0,0,0
201634,0,0,0
48518,0,0,0
224907,0,0,0
259114,0,0,0
79170,0,0,0
217240,0,0,0
347771,0,0,0
93418,0,0,0
47402,0,0,0
128041,0,0,0
67298,0,0,0
233573,0,0,0
56498,0,0,0
209393,0,0,0
325725,0,0,0
252510,0,0,0
341503,0,0,0
127129,0,0,0
120288,0,0,0
214471,0,0,0
40210,0,0,0
360756,0,0,0
306158,0,0,0
110990,0,0,0
74525,0,0,0
401798,0,0,0
310949,0,0,0
360628,0,0,0
253489,0,0,0
359289,0,0,0
79935,0,0,0
76615,0,0,0
346716,0,0,0
303377,0,0,0
267417,0,0,0
310995,0,0,0
27322,0,0,0
214698,0,0,0
89257,0,0,0
355442,0,0,0
362245,0,0,0
7979,0,0,0
95807,0,0,0
216745,0,0,0
285201,0,0,0
176618,0,0,0
287317,0,0,0
75228,0,0,0
214604,0,0,0
283492,0,0,0
186868,0,0,0
49593,0,0,0
168980,0,0,0
281197,0,0,0
143949,0,0,0
130977,0,0,0
390609,0,0,0
347181,0,0,0
390086,0,0,0
62019,0,0,0
250070,0,0,0
350054,0,0,0
308824,0,0,0
154009,0,0,0
409543,0,0,0
32718,0,0,0
212823,0,0,0
180322,0,0,0
390833,0,0,0
79547,0,0,0
216918,0,0,0
234331,0,0,0
100736,0,0,0
157135,0,0,0
57822,0,0,0
258135,0,0,0
140078,0,0,0
247208,0,0,0
288019,0,0,0
397588,0,0,0
43992,0,0,0
388991,0,0,0
207250,0,0,0
93584,0,0,0
120024,0,0,0
11897,0,0,0
382124,0,0,0
277173,0,0,0
374393,0,0,0
215983,0,0,0
404766,0,0,0
368622,0,0,0
26096,0,0,0
230502,0,0,0
202663,0,0,0
120687,0,0,0
386277,0,0,0
398367,0,0,0
325700,0,0,0
113002,0,0,0
256915,0,0,0
195942,0,0,0
266019,0,0,0
328260,0,0,0
281919,0,0,0
259433,0,0,0
309336,0,0,0
279916,0,0,0
103507,0,0,0
181332,0,0,0
71149,0,0,0
213196,0,0,0
38553,0,0,0
53534,0,0,0
143159,0,0,0
335829,0,0,0
146961,0,0,0
292062,0,0,0
263368,0,0,0
361541,0,0,0
310501,0,0,0
82202,0,0,0
61584,0,0,0
289240,0,0,0
292347,0,0,0
147527,0,0,0
227772,0,0,0
258246,0,0,0
135975,0,0,0
345583,0,0,0
136231,0,0,0
58335,0,0,0
79757,0,0,0
315505,0,0,0
24574,0,0,0
21184,0,0,0
24187,0,0,0
50296,0,0,0
250527,0,0,0
325813,0,0,0
69302,0,0,0
376681,0,0,0
334198,0,0,0
359022,0,0,0
285400,0,0,0
378641,0,0,0
230655,0,0,0
144946,0,0,0
165277,0,0,0
247557,0,0,0
11876,0,0,0
336607,0,0,0
210314,0,0,0
31519,0,0,0
189587,0,0,0
254794,0,0,0
213424,0,0,0
30233,0,0,0
51560,0,0,0
300092,0,0,0
183612,0,0,0
118736,0,0,0
303755,0,0,0
289380,0,0,0
392932,0,0,0
169676,0,0,0
400634,0,0,0
19704,0,0,0
15593,0,0,0
154002,0,0,0
300158,0,0,0
246980,0,0,0
325553,0,0,0
104340,0,0,0
102080,0,0,0
80005,0,0,0
368597,0,0,0
81765,0,0,0
396536,0,0,0
170341,0,0,0
22178,0,0,0
296028,0,0,0
315044,0,0,0
385894,0,0,0
196696,0,0,0
81903,0,0,0
316350,0,0,0
7698,0,0,0
239073,0,0,0
158220,0,0,0
177469,0,0,0
166081,0,0,0
10023,0,0,0
222897,0,0,0
205278,0,0,0
123564,0,0,0
75352,0,0,0
216500,0,0,0
118177,0,0,0
139263,0,0,0
44094,0,0,0
254003,0,0,0
183341,0,0,0
186861,0,0,0
304345,0,0,0
153464,0,0,0
311503,0,0,0
181957,0,0,0
84311,0,0,0
148690,0,0,0
107080,0,0,0
357334,0,0,0
316701,0,0,0
208494,0,0,0
323967,0,0,0
346482,0,0,0
138248,0,0,0
305067,0,0,0
354374,0,0,0
201946,0,0,0
162835,0,0,0
160451,0,0,0
101310,0,0,0
389732,0,0,0
393000,0,0,0
290926,0,0,0
219511,0,0,0
95441,0,0,0
136777,0,0,0
407336,0,0,0
6385,0,0,0
216611,0,0,0
262811,0,0,0
203146,0,0,0
240488,0,0,0
198262,0,0,0
291235,0,0,0
57274,0,0,0
5127,0,0,0
74848,0,0,0
146586,0,0,0
65848,0,0,0
9705,0,0,0
103185,0,0,0
227958,0,0,0
383649,0,0,0
138828,0,0,0
57439,0,0,0
50636,0,0,0
234223,0,0,0
159433,0,0,0
259983,0,0,0
36917,0,0,0
186683,0,0,0
173324,0,0,0
185397,0,0,0
181816,0,0,0
141697,0,0,0
407875,0,0,0
250145,0,0,0
362983,0,0,0
359989,0,0,0
400647,0,0,0
350842,0,0,0
212411,0,0,0
131180,0,0,0
395812,0,0,0
176160,0,0,0
237519,0,0,0
80925,0,0,0
69243,0,0,0
101871,0,0,0
33810,0,0,0
232608,0,0,0
249822,0,0,0
346267,0,0,0
107665,0,0,0
197011,0,0,0
384818,0,0,0
86006,0,0,0
51362,0,0,0
391229,0,0,0
237104,0,0,0
15863,0,0,0
313017,0,0,0
179303,0,0,0
287219,0,0,0
208921,0,0,0
184974,0,0,0
139799,0,0,0
222497,0,0,0
377133,0,0,0
41715,0,0,0
145659,0,0,0
15981,0,0,0
367508,0,0,0
404359,0,0,0
151641,0,0,0
395887,0,0,0
386322,0,0,0
311114,0,0,0
103252,0,0,0
336751,0,0,0
17934,0,0,0
134984,0,0,0
36575,0,0,0
301507,0,0,0
275987,0,0,0
265397,0,0,0
217715,0,0,0
109830,0,0,0
363550,0,0,0
284422,0,0,0
240077,0,0,0
238366,0,0,0
410839,0,0,0
182796,0,0,0
39510,0,0,0
218393,0,0,0
182427,0,0,0
324284,0,0,0
371857,0,0,0
44130,0,0,0
169464,0,0,0
390907,0,0,0
390967,0,0,0
192750,0,0,0
32785,0,0,0
306667,0,0,0
274322,0,0,0
123863,0,0,0
268222,0,0,0
274397,0,0,0
59096,0,0,0
141848,0,0,0
274809,0,0,0
302746,0,0,0
60662,0,0,0
22342,0,0,0
299615,0,0,0
163808,0,0,0
278420,0,0,0
244520,0,0,0
308067,0,0,0
352282,0,0,0
364327,0,0,0
108392,0,0,0
108662,0,0,0
169187,0,0,0
135874,0,0,0
200709,0,0,0
150295,0,0,0
54220,0,0,0
36472,0,0,0
104415,0,0,0
282170,0,0,0
163881,0,0,0
107835,0,0,0
74794,0,0,0
384033,0,0,0
81267,0,0,0
297680,0,0,0
155534,0,0,0
133169,0,0,0
288308,0,0,0
360695,0,0,0
317704,0,0,0
319471,0,0,0
2598,0,0,0
410575,0,0,0
356599,0,0,0
126545,0,0,0
305117,0,0,0
358069,0,0,0
383162,0,0,0
309920,0,0,0
388707,0,0,0
115981,0,0,0
387604,0,0,0
278700,0,0,0
198883,0,0,0
187599,0,0,0
167432,0,0,0
187097,0,0,0
380952,0,0,0
196916,0,0,0
3378,0,0,0
214460,0,0,0
396795,0,0,0
367026,0,0,0
101144,0,0,0
152939,0,0,0
338852,0,0,0
69952,0,0,0
310453,0,0,0
215689,0,0,0
106167,0,0,0
1348,0,0,0
159531,0,0,0
312730,0,0,0
373051,0,0,0
28261,0,0,0
53063,0,0,0
282464,0,0,0
352059,0,0,0
111788,0,0,0
278239,0,0,0
228662,0,0,0
99149,0,0,0
374900,0,0,0
84942,0,0,0
309179,0,0,0
189710,0,0,0
141379,0,0,0
331438,0,0,0
58365,0,0,0
184069,0,0,0
378155,0,0,0
347204,0,0,0
342583,0,0,0
115964,0,0,0
389024,0,0,0
89911,0,0,0
393372,0,0,0
409394,0,0,0
237865,0,0,0
366998,0,0,0
194630,0,0,0
148852,0,0,0
225242,0,0,0
30191,0,0,0
330759,0,0,0
28185,0,0,0
309812,0,0,0
255684,0,0,0
106327,0,0,0
20424,0,0,0
130561,0,0,0
255896,0,0,0
322237,0,0,0
158640,0,0,0
71120,0,0,0
160222,0,0,0
180291,0,0,0
134495,0,0,0
191090,0,0,0
118868,0,0,0
265497,0,0,0
41486,0,0,0
187248,0,0,0
373340,0,0,0
454,0,0,0
134358,0,0,0
216407,0,0,0
202023,0,0,0
265382,0,0,0
185259,0,0,0
190942,0,0,0
371819,0,0,0
30912,0,0,0
354607,0,0,0
167073,0,0,0
107967,0,0,0
214239,0,0,0
198033,0,0,0
238794,0,0,0
33323,0,0,0
58387,0,0,0
218943,0,0,0
48749,0,0,0
167636,0,0,0
314720,0,0,0
100440,0,0,0
313396,0,0,0
116794,0,0,0
256263,0,0,0
60718,0,0,0
203564,0,0,0
397616,0,0,0
13824,0,0,0
75327,0,0,0
320554,0,0,0
324248,0,0,0
177461,0,0,0
25017,0,0,0
205954,0,0,0
190834,0,0,0
58312,0,0,0
405750,0,0,0
215498,0,0,0
356155,0,0,0
158664,0,0,0
27548,0,0,0
72763,0,0,0
349971,0,0,0
219991,0,0,0
270924,0,0,0
141685,0,0,0
67986,0,0,0
121481,0,0,0
174824,0,0,0
369668,0,0,0
23934,0,0,0
93708,0,0,0
80653,0,0,0
317057,0,0,0
202929,0,0,0
11034,0,0,0
147376,0,0,0
79523,0,0,0
209160,0,0,0
234955,0,0,0
278034,0,0,0
270099,0,0,0
292386,0,0,0
220419,0,0,0
109356,0,0,0
175568,0,0,0
70643,0,0,0
187509,0,0,0
314494,0,0,0
315220,0,0,0
268900,0,0,0
380979,0,0,0
181357,0,0,0
168922,0,0,0
143064,0,0,0
207413,0,0,0
15893,0,0,0
65965,0,0,0
349852,0,0,0
171088,0,0,0
64646,0,0,0
125050,0,0,0
73997,0,0,0
166000,0,0,0
321520,0,0,0
220750,0,0,0
300396,0,0,0
303301,0,0,0
230720,0,0,0
9624,0,0,0
174493,0,0,0
307181,0,0,0
26718,0,0,0
57863,0,0,0
97649,0,0,0
384557,0,0,0
384845,0,0,0
307743,0,0,0
13064,0,0,0
19946,0,0,0
255886,0,0,0
300357,0,0,0
31662,0,0,0
284827,0,0,0
223545,0,0,0
316513,0,0,0
352494,0,0,0
119999,0,0,0
250907,0,0,0
292527,0,0,0
147782,0,0,0
293727,0,0,0
252094,0,0,0
224436,0,0,0
217057,0,0,0
387798,0,0,0
307850,0,0,0
409405,0,0,0
310341,0,0,0
65967,0,0,0
396089,0,0,0
60940,0,0,0
324966,0,0,0
139496,0,0,0
66418,0,0,0
144338,0,0,0
205571,0,0,0
84697,0,0,0
284103,0,0,0
186093,0,0,0
134214,0,0,0
117636,0,0,0
371557,0,0,0
32910,0,0,0
16668,0,0,0
410483,0,0,0
319401,0,0,0
33551,0,0,0
218719,0,0,0
257440,0,0,0
408990,0,0,0
210552,0,0,0
112302,0,0,0
368790,0,0,0
13166,0,0,0
308648,0,0,0
76950,0,0,0
375390,0,0,0
348123,0,0,0
245608,0,0,0
193259,0,0,0
168465,0,0,0
215528,0,0,0
273037,0,0,0
308770,0,0,0
337437,0,0,0
173532,0,0,0
318364,0,0,0
239976,0,0,0
272229,0,0,0
409181,0,0,0
374178,0,0,0
351464,0,0,0
16877,0,0,0
170039,0,0,0
173808,0,0,0
253573,0,0,0
332508,0,0,0
374189,0,0,0
194770,0,0,0
143106,0,0,0
357677,0,0,0
197981,0,0,0
83583,0,0,0
346568,0,0,0
308373,0,0,0
194984,0,0,0
189956,0,0,0
80563,0,0,0
405261,0,0,0
280178,0,0,0
366257,0,0,0
46923,0,0,0
293808,0,0,0
254630,0,0,0
334351,0,0,0
197360,0,0,0
121398,0,0,0
270133,0,0,0
308542,0,0,0
301367,0,0,0
103025,0,0,0
32652,0,0,0
222458,0,0,0
219945,0,0,0
364341,0,0,0
103654,0,0,0
72026,0,0,0
65794,0,0,0
309765,0,0,0
357842,0,0,0
285954,0,0,0
277583,0,0,0
304203,0,0,0
205785,0,0,0
353355,0,0,0
110860,0,0,0
187299,0,0,0
100618,0,0,0
121437,0,0,0
324763,0,0,0
319163,0,0,0
345026,0,0,0
100999,0,0,0
216710,0,0,0
48964,0,0,0
145916,0,0,0
65471,0,0,0
99785,0,0,0
181403,0,0,0
305710,0,0,0
367833,0,0,0
166825,0,0,0
237015,0,0,0
95529,0,0,0
168454,0,0,0
113479,0,0,0
71060,0,0,0
183864,0,0,0
260616,0,0,0
347751,0,0,0
188558,0,0,0
235275,0,0,0
272405,0,0,0
212335,0,0,0
108018,0,0,0
64550,0,0,0
123257,0,0,0
353546,0,0,0
234486,0,0,0
327791,0,0,0
273534,0,0,0
282416,0,0,0
55805,0,0,0
349761,0,0,0
204712,0,0,0
289927,0,0,0
354240,0,0,0
162606,0,0,0
351152,0,0,0
285015,0,0,0
58534,0,0,0
397579,0,0,0
168893,0,0,0
394918,0,0,0
196491,0,0,0
406849,0,0,0
287679,0,0,0
36635,0,0,0
310097,0,0,0
348674,0,0,0
217692,0,0,0
46534,0,0,0
56375,0,0,0
408568,0,0,0
328424,0,0,0
61763,0,0,0
157791,0,0,0
313536,0,0,0
99496,0,0,0
42506,0,0,0
133576,0,0,0
365114,0,0,0
198784,0,0,0
240314,0,0,0
274111,0,0,0
11124,0,0,0
336846,0,0,0
263353,0,0,0
399168,0,0,0
568,0,0,0
289684,0,0,0
237960,0,0,0
261976,0,0,0
195098,0,0,0
246670,0,0,0
344445,0,0,0
225495,0,0,0
10944,0,0,0
183485,0,0,0
177836,0,0,0
394073,0,0,0
217015,0,0,0
157492,0,0,0
223255,0,0,0
130521,0,0,0
221376,0,0,0
323781,0,0,0
183301,0,0,0
184812,0,0,0
233822,0,0,0
190231,0,0,0
171142,0,0,0
274962,0,0,0
184581,0,0,0
197254,0,0,0
235557,0,0,0
80981,0,0,0
261717,0,0,0
138251,0,0,0
258141,0,0,0
278315,0,0,0
163232,0,0,0
130166,0,0,0
83491,0,0,0
308436,0,0,0
87477,0,0,0
30337,0,0,0
270665,0,0,0
93361,0,0,0
134775,0,0,0
249192,0,0,0
319655,0,0,0
292330,0,0,0
288027,0,0,0
295609,0,0,0
382981,0,0,0
60793,0,0,0
93330,0,0,0
265098,0,0,0
222929,0,0,0
174308,0,0,0
34188,0,0,0
304732,0,0,0
325203,0,0,0
126702,0,0,0
265514,0,0,0
17810,0,0,0
46415,0,0,0
339905,0,0,0
141621,0,0,0
314830,0,0,0
325208,0,0,0
157702,0,0,0
46674,0,0,0
245896,0,0,0
9195,0,0,0
383332,0,0,0
62176,0,0,0
373281,0,0,0
62564,0,0,0
187474,0,0,0
323197,0,0,0
356034,0,0,0
74096,0,0,0
408858,0,0,0
76116,0,0,0
282875,0,0,0
380964,0,0,0
347918,0,0,0
358975,0,0,0
290452,0,0,0
358506,0,0,0
136288,0,0,0
213795,0,0,0
47208,0,0,0
56062,0,0,0
363971,0,0,0
159213,0,0,0
54080,0,0,0
357813,0,0,0
24483,0,0,0
107959,0,0,0
114894,0,0,0
210559,0,0,0
110291,0,0,0
36972,0,0,0
35006,0,0,0
198786,0,0,0
102404,0,0,0
358384,0,0,0
64632,0,0,0
33500,0,0,0
288729,0,0,0
282362,0,0,0
64386,0,0,0
2451,0,0,0
285519,0,0,0
162884,0,0,0
194541,0,0,0
53037,0,0,0
52282,0,0,0
130463,0,0,0
106958,0,0,0
163563,0,0,0
401005,0,0,0
236923,0,0,0
270581,0,0,0
303504,0,0,0
318214,0,0,0
190803,0,0,0
75615,0,0,0
232286,0,0,0
182507,0,0,0
149713,0,0,0
230247,0,0,0
173921,0,0,0
33436,0,0,0
117391,0,0,0
310685,0,0,0
296781,0,0,0
394217,0,0,0
18155,0,0,0
407136,0,0,0
408925,0,0,0
181755,0,0,0
399377,0,0,0
124318,0,0,0
35408,0,0,0
84135,0,0,0
294624,0,0,0
409433,0,0,0
331086,0,0,0
280583,0,0,0
176563,0,0,0
385529,0,0,0
390695,0,0,0
126225,0,0,0
311198,0,0,0
171740,0,0,0
338936,0,0,0
384595,0,0,0
391380,0,0,0
119384,0,0,0
232158,0,0,0
260328,0,0,0
410531,0,0,0
259920,0,0,0
55249,0,0,0
277235,0,0,0
272720,0,0,0
114474,0,0,0
255093,0,0,0
52363,0,0,0
115609,0,0,0
83142,0,0,0
250788,0,0,0
299500,0,0,0
137618,0,0,0
97178,0,0,0
50344,0,0,0
199800,0,0,0
331444,0,0,0
198460,0,0,0
21441,0,0,0
231447,0,0,0
52175,0,0,0
110657,0,0,0
134576,0,0,0
125560,0,0,0
365277,0,0,0
333743,0,0,0
269247,0,0,0
125455,0,0,0
305186,0,0,0
110250,0,0,0
76458,0,0,0
1514,0,0,0
285993,0,0,0
299032,0,0,0
366700,0,0,0
174302,0,0,0
287698,0,0,0
213254,0,0,0
196670,0,0,0
325623,0,0,0
214194,0,0,0
379486,0,0,0
309701,0,0,0
72858,0,0,0
71043,0,0,0
399772,0,0,0
149113,0,0,0
208049,0,0,0
380750,0,0,0
241539,0,0,0
36361,0,0,0
262425,0,0,0
80909,0,0,0
348696,0,0,0
97973,0,0,0
162684,0,0,0
140069,0,0,0
285886,0,0,0
217570,0,0,0
192959,0,0,0
169548,0,0,0
350169,0,0,0
165435,0,0,0
190181,0,0,0
48899,0,0,0
83668,0,0,0
237646,0,0,0
35235,0,0,0
257114,0,0,0
153042,0,0,0
14239,0,0,0
33709,0,0,0
79700,0,0,0
358070,0,0,0
56018,0,0,0
358308,0,0,0
79927,0,0,0
862,0,0,0
102512,0,0,0
111603,0,0,0
205829,0,0,0
29132,0,0,0
277178,0,0,0
124952,0,0,0
12101,0,0,0
50953,0,0,0
201894,0,0,0
47956,0,0,0
332903,0,0,0
163305,0,0,0
313149,0,0,0
90280,0,0,0
163009,0,0,0
343786,0,0,0
328113,0,0,0
351238,0,0,0
352635,0,0,0
194729,0,0,0
64014,0,0,0
382277,0,0,0
29710,0,0,0
168236,0,0,0
190176,0,0,0
389985,0,0,0
109436,0,0,0
151121,0,0,0
254660,0,0,0
33955,0,0,0
23756,0,0,0
240239,0,0,0
288629,0,0,0
258382,0,0,0
335479,0,0,0
179144,0,0,0
4502,0,0,0
2237,0,0,0
249429,0,0,0
33371,0,0,0
259266,0,0,0
130144,0,0,0
335608,0,0,0
69828,0,0,0
95030,0,0,0
356368,0,0,0
309850,0,0,0
362667,0,0,0
345910,0,0,0
161799,0,0,0
37191,0,0,0
50751,0,0,0
38227,0,0,0
362289,0,0,0
354563,0,0,0
167302,0,0,0
177054,0,0,0
232226,0,0,0
284267,0,0,0
309787,0,0,0
303269,0,0,0
35662,0,0,0
259244,0,0,0
383362,0,0,0
1716,0,0,0
213060,0,0,0
281458,0,0,0
70438,0,0,0
332529,0,0,0
9636,0,0,0
296500,0,0,0
290697,0,0,0
276940,0,0,0
393538,0,0,0
196294,0,0,0
33148,0,0,0
259824,0,0,0
363562,0,0,0
64861,0,0,0
203415,0,0,0
369924,0,0,0
179292,0,0,0
111943,0,0,0
26818,0,0,0
108664,0,0,0
167128,0,0,0
54657,0,0,0
58870,0,0,0
337004,0,0,0
289733,0,0,0
166140,0,0,0
54812,0,0,0
134013,0,0,0
326666,0,0,0
385634,0,0,0
123011,0,0,0
123691,0,0,0
314203,0,0,0
76221,0,0,0
117960,0,0,0
302616,0,0,0
305519,0,0,0
49452,0,0,0
234997,0,0,0
372987,0,0,0
322484,0,0,0
239899,0,0,0
88314,0,0,0
165223,0,0,0
198578,0,0,0
223838,0,0,0
269178,0,0,0
12469,0,0,0
144257,0,0,0
322689,0,0,0
268847,0,0,0
277116,0,0,0
186927,0,0,0
261793,0,0,0
97516,0,0,0
48787,0,0,0
89646,0,0,0
231264,0,0,0
336024,0,0,0
399984,0,0,0
384856,0,0,0
39462,0,0,0
19924,0,0,0
326143,0,0,0
58295,0,0,0
122079,0,0,0
126658,0,0,0
147833,0,0,0
225493,0,0,0
391489,0,0,0
219525,0,0,0
318077,0,0,0
396800,0,0,0
252506,0,0,0
113368,0,0,0
118709,0,0,0
348849,0,0,0
222156,0,0,0
264545,0,0,0
157970,0,0,0
98207,0,0,0
86584,0,0,0
175811,0,0,0
192214,0,0,0
401758,0,0,0
345173,0,0,0
399775,0,0,0
65706,0,0,0
142516,0,0,0
101821,0,0,0
108913,0,0,0
13490,0,0,0
76162,0,0,0
268937,0,0,0
67574,0,0,0
324812,0,0,0
323174,0,0,0
231158,0,0,0
370100,0,0,0
343060,0,0,0
375613,0,0,0
226869,0,0,0
192855,0,0,0
100153,0,0,0
367517,0,0,0
389291,0,0,0
80500,0,0,0
351868,0,0,0
67178,0,0,0
51544,0,0,0
333963,0,0,0
173059,0,0,0
13043,0,0,0
22371,0,0,0
277959,0,0,0
172879,0,0,0
326291,0,0,0
383818,0,0,0
221651,0,0,0
192020,0,0,0
392128,0,0,0
292262,0,0,0
286069,0,0,0
151117,0,0,0
193680,0,0,0
290570,0,0,0
360984,0,0,0
390643,0,0,0
269220,0,0,0
308314,0,0,0
383067,0,0,0
273862,0,0,0
377533,0,0,0
321706,0,0,0
38408,0,0,0
318845,0,0,0
185192,0,0,0
175485,0,0,0
350214,0,0,0
108945,0,0,0
290597,0,0,0
209181,0,0,0
42560,0,0,0
153353,0,0,0
331956,0,0,0
296380,0,0,0
364189,0,0,0
172066,0,0,0
32292,0,0,0
167400,0,0,0
162125,0,0,0
170462,0,0,0
329509,0,0,0
67325,0,0,0
262876,0,0,0
56919,0,0,0
353734,0,0,0
386055,0,0,0
326716,0,0,0
341932,0,0,0
405837,0,0,0
351059,0,0,0
272337,0,0,0
329031,0,0,0
68712,0,0,0
229958,0,0,0
70510,0,0,0
219510,0,0,0
278724,0,0,0
194800,0,0,0
371248,0,0,0
46740,0,0,0
272136,0,0,0
85530,0,0,0
120221,0,0,0
386944,0,0,0
220523,0,0,0
152097,0,0,0
199400,0,0,0
182948,0,0,0
97776,0,0,0
161270,0,0,0
177422,0,0,0
185285,0,0,0
143648,0,0,0
166750,0,0,0
78223,0,0,0
228546,0,0,0
136806,0,0,0
225783,0,0,0
191967,0,0,0
24170,0,0,0
286518,0,0,0
191104,0,0,0
228282,0,0,0
278864,0,0,0
41013,0,0,0
103599,0,0,0
89194,0,0,0
205368,0,0,0
345836,0,0,0
359516,0,0,0
94277,0,0,0
149432,0,0,0
405161,0,0,0
92259,0,0,0
376885,0,0,0
90603,0,0,0
140577,0,0,0
325133,0,0,0
325032,0,0,0
397556,0,0,0
24743,0,0,0
219037,0,0,0
216129,0,0,0
174519,0,0,0
256363,0,0,0
5832,0,0,0
41312,0,0,0
243171,0,0,0
85243,0,0,0
234265,0,0,0
85733,0,0,0
279726,0,0,0
286220,0,0,0
327593,0,0,0
290056,0,0,0
385510,0,0,0
158516,0,0,0
296396,0,0,0
327958,0,0,0
111480,0,0,0
264663,0,0,0
247684,0,0,0
314778,0,0,0
357825,0,0,0
15746,0,0,0
300181,0,0,0
362584,0,0,0
11936,0,0,0
269105,0,0,0
213381,0,0,0
268740,0,0,0
274284,0,0,0
409855,0,0,0
312995,0,0,0
176704,0,0,0
94750,0,0,0
76069,0,0,0
135063,0,0,0
189089,0,0,0
266016,0,0,0
201798,0,0,0
182215,0,0,0
388005,0,0,0
314883,0,0,0
91575,0,0,0
363803,0,0,0
315002,0,0,0
338487,0,0,0
259490,0,0,0
243124,0,0,0
384786,0,0,0
203844,0,0,0
306276,0,0,0
152042,0,0,0
406739,0,0,0
22854,0,0,0
129306,0,0,0
119405,0,0,0
98224,0,0,0
146393,0,0,0
113201,0,0,0
213387,0,0,0
109432,0,0,0
398590,0,0,0
119440,0,0,0
370004,0,0,0
281130,0,0,0
248694,0,0,0
232923,0,0,0
285736,0,0,0
106731,0,0,0
338289,0,0,0
106969,0,0,0
408488,0,0,0
236102,0,0,0
101740,0,0,0
103364,0,0,0
59140,0,0,0
109788,0,0,0
175173,0,0,0
111572,0,0,0
301197,0,0,0
17863,0,0,0
84305,0,0,0
347824,0,0,0
312523,0,0,0
364899,0,0,0
145664,0,0,0
392842,0,0,0
238047,0,0,0
128659,0,0,0
24570,0,0,0
6809,0,0,0
280268,0,0,0
146146,0,0,0
345718,0,0,0
168700,0,0,0
268026,0,0,0
313262,0,0,0
234208,0,0,0
62105,0,0,0
358204,0,0,0
347826,0,0,0
367754,0,0,0
58047,0,0,0
58197,0,0,0
188162,0,0,0
369919,0,0,0
438,0,0,0
333010,0,0,0
69484,0,0,0
108366,0,0,0
364288,0,0,0
314637,0,0,0
247399,0,0,0
122594,0,0,0
106887,0,0,0
49916,0,0,0
220166,0,0,0
313168,0,0,0
4525,0,0,0
334582,0,0,0
311118,0,0,0
285558,0,0,0
316920,0,0,0
81860,0,0,0
172341,0,0,0
295367,0,0,0
207664,0,0,0
284782,0,0,0
204747,0,0,0
45090,0,0,0
193646,0,0,0
399741,0,0,0
302646,0,0,0
152495,0,0,0
221415,0,0,0
336349,0,0,0
171209,0,0,0
379018,0,0,0
146692,0,0,0
111573,0,0,0
326921,0,0,0
65191,0,0,0
70453,0,0,0
23312,0,0,0
109215,0,0,0
372815,0,0,0
64826,0,0,0
57711,0,0,0
119391,0,0,0
159618,0,0,0
189449,0,0,0
271796,0,0,0
59982,0,0,0
272609,0,0,0
212114,0,0,0
388948,0,0,0
70552,0,0,0
131135,0,0,0
338703,0,0,0
174231,0,0,0
277431,0,0,0
125254,0,0,0
151562,0,0,0
48196,0,0,0
250826,0,0,0
237590,0,0,0
165321,0,0,0
90451,0,0,0
75384,0,0,0
333108,0,0,0
405345,0,0,0
333139,0,0,0
270789,0,0,0
85098,0,0,0
19581,0,0,0
238216,0,0,0
148180,0,0,0
341090,0,0,0
67717,0,0,0
196158,0,0,0
80694,0,0,0
20692,0,0,0
312606,0,0,0
138910,0,0,0
305199,0,0,0
375379,0,0,0
369618,0,0,0
16699,0,0,0
410793,0,0,0
339113,0,0,0
409697,0,0,0
334979,0,0,0
150313,0,0,0
176807,0,0,0
3091,0,0,0
89192,0,0,0
372571,0,0,0
33438,0,0,0
407359,0,0,0
43716,0,0,0
55720,0,0,0
40098,0,0,0
281888,0,0,0
2154,0,0,0
390205,0,0,0
250719,0,0,0
255956,0,0,0
265031,0,0,0
376230,0,0,0
254439,0,0,0
42989,0,0,0
310067,0,0,0
342298,0,0,0
375828,0,0,0
251612,0,0,0
29844,0,0,0
326970,0,0,0
102348,0,0,0
252368,0,0,0
149435,0,0,0
8171,0,0,0
111762,0,0,0
265121,0,0,0
225181,0,0,0
241722,0,0,0
170953,0,0,0
241698,0,0,0
66479,0,0,0
135224,0,0,0
118438,0,0,0
281771,0,0,0
189826,0,0,0
280359,0,0,0
287215,0,0,0
358250,0,0,0
256920,0,0,0
218228,0,0,0
375413,0,0,0
353677,0,0,0
329546,0,0,0
56480,0,0,0
150420,0,0,0
388236,0,0,0
400773,0,0,0
229724,0,0,0
125020,0,0,0
123482,0,0,0
401065,0,0,0
392340,0,0,0
184891,0,0,0
165592,0,0,0
369771,0,0,0
161539,0,0,0
383047,0,0,0
118755,0,0,0
209901,0,0,0
230691,0,0,0
8189,0,0,0
81044,0,0,0
396893,0,0,0
358240,0,0,0
180741,0,0,0
262599,0,0,0
302906,0,0,0
214365,0,0,0
202336,0,0,0
271556,0,0,0
393004,0,0,0
300558,0,0,0
27360,0,0,0
189716,0,0,0
345494,0,0,0
191178,0,0,0
125372,0,0,0
66619,0,0,0
312701,0,0,0
293993,0,0,0
253774,0,0,0
377782,0,0,0
65062,0,0,0
348680,0,0,0
349701,0,0,0
122159,0,0,0
377815,0,0,0
337153,0,0,0
62171,0,0,0
248990,0,0,0
222842,0,0,0
142890,0,0,0
358865,0,0,0
206231,0,0,0
382008,0,0,0
280724,0,0,0
281193,0,0,0
394738,0,0,0
360114,0,0,0
111250,0,0,0
144792,0,0,0
168286,0,0,0
319753,0,0,0
324695,0,0,0
20737,0,0,0
212693,0,0,0
40099,0,0,0
240811,0,0,0
227278,0,0,0
136084,0,0,0
299193,0,0,0
174346,0,0,0
267286,0,0,0
267706,0,0,0
365357,0,0,0
1548,0,0,0
174767,0,0,0
137912,0,0,0
180736,0,0,0
301354,0,0,0
266704,0,0,0
228212,0,0,0
277897,0,0,0
34615,0,0,0
263630,0,0,0
74030,0,0,0
144786,0,0,0
150274,0,0,0
294036,0,0,0
144718,0,0,0
377469,0,0,0
58172,0,0,0
175355,0,0,0
143691,0,0,0
350227,0,0,0
220819,0,0,0
16522,0,0,0
38792,0,0,0
130498,0,0,0
132101,0,0,0
99870,0,0,0
78985,0,0,0
319035,0,0,0
239162,0,0,0
376945,0,0,0
33800,0,0,0
363966,0,0,0
214965,0,0,0
54337,0,0,0
31903,0,0,0
18459,0,0,0
53241,0,0,0
351225,0,0,0
175443,0,0,0
35252,0,0,0
80551,0,0,0
214269,0,0,0
5707,0,0,0
101044,0,0,0
154387,0,0,0
176267,0,0,0
143586,0,0,0
264763,0,0,0
69920,0,0,0
119919,0,0,0
365738,0,0,0
176627,0,0,0
5504,0,0,0
314807,0,0,0
252305,0,0,0
148579,0,0,0
196921,0,0,0
173382,0,0,0
107798,0,0,0
109069,0,0,0
276022,0,0,0
401881,0,0,0
372406,0,0,0
159953,0,0,0
330940,0,0,0
309254,0,0,0
292101,0,0,0
366745,0,0,0
362124,0,0,0
132302,0,0,0
194555,0,0,0
3848,0,0,0
197992,0,0,0
295968,0,0,0
73191,0,0,0
27187,0,0,0
148901,0,0,0
49502,0,0,0
60220,0,0,0
205695,0,0,0
229346,0,0,0
68751,0,0,0
367555,0,0,0
142235,0,0,0
30825,0,0,0
345165,0,0,0
185827,0,0,0
194451,0,0,0
281867,0,0,0
65074,0,0,0
313404,0,0,0
113619,0,0,0
112042,0,0,0
108550,0,0,0
398417,0,0,0
128213,0,0,0
43147,0,0,0
300157,0,0,0
354297,0,0,0
243253,0,0,0
401536,0,0,0
93538,0,0,0
112145,0,0,0
353453,0,0,0
367804,0,0,0
251003,0,0,0
63427,0,0,0
346530,0,0,0
8218,0,0,0
128316,0,0,0
184726,0,0,0
258244,0,0,0
21828,0,0,0
208011,0,0,0
109462,0,0,0
385326,0,0,0
120040,0,0,0
2494,0,0,0
48113,0,0,0
142270,0,0,0
166639,0,0,0
193901,0,0,0
190341,0,0,0
375335,0,0,0
385521,0,0,0
29265,0,0,0
35968,0,0,0
103413,0,0,0
221107,0,0,0
305210,0,0,0
17442,0,0,0
389030,0,0,0
337511,0,0,0
371072,0,0,0
68727,0,0,0
383500,0,0,0
4231,0,0,0
137161,0,0,0
194090,0,0,0
331767,0,0,0
384442,0,0,0
64532,0,0,0
391351,0,0,0
36427,0,0,0
184171,0,0,0
274931,0,0,0
369441,0,0,0
346469,0,0,0
231424,0,0,0
334940,0,0,0
276709,0,0,0
358678,0,0,0
162231,0,0,0
298118,0,0,0
201505,0,0,0
308018,0,0,0
261577,0,0,0
402758,0,0,0
345535,0,0,0
193615,0,0,0
2959,0,0,0
336232,0,0,0
25153,0,0,0
277561,0,0,0
313474,0,0,0
116169,0,0,0
337581,0,0,0
268189,0,0,0
221029,0,0,0
1017,0,0,0
403202,0,0,0
168624,0,0,0
44329,0,0,0
389510,0,0,0
348132,0,0,0
14379,0,0,0
69392,0,0,0
75255,0,0,0
10388,0,0,0
76010,0,0,0
6041,0,0,0
253954,0,0,0
319942,0,0,0
339563,0,0,0
403161,0,0,0
192649,0,0,0
50835,0,0,0
52857,0,0,0
308136,0,0,0
260241,0,0,0
359116,0,0,0
236371,0,0,0
343740,0,0,0
206270,0,0,0
404606,0,0,0
321799,0,0,0
243894,0,0,0
85998,0,0,0
309155,0,0,0
38384,0,0,0
272648,0,0,0
66326,0,0,0
190950,0,0,0
366810,0,0,0
370934,0,0,0
103570,0,0,0
8352,0,0,0
201182,0,0,0
147032,0,0,0
84147,0,0,0
256524,0,0,0
261439,0,0,0
411330,0,0,0
28032,0,0,0
278248,0,0,0
56927,0,0,0
271441,0,0,0
297600,0,0,0
393673,0,0,0
138440,0,0,0
90430,0,0,0
325354,0,0,0
49685,0,0,0
118059,0,0,0
310287,0,0,0
65849,0,0,0
262329,0,0,0
84773,0,0,0
309892,0,0,0
179867,0,0,0
230170,0,0,0
287700,0,0,0
146793,0,0,0
402651,0,0,0
46067,0,0,0
49500,0,0,0
162956,0,0,0
119562,0,0,0
13010,0,0,0
202127,0,0,0
167279,0,0,0
154609,0,0,0
174054,0,0,0
255449,0,0,0
164411,0,0,0
42827,0,0,0
381,0,0,0
263528,0,0,0
222455,0,0,0
207782,0,0,0
304065,0,0,0
344184,0,0,0
235065,0,0,0
244234,0,0,0
369911,0,0,0
99955,0,0,0
357499,0,0,0
2944,0,0,0
37773,0,0,0
176684,0,0,0
16538,0,0,0
15415,0,0,0
178177,0,0,0
210616,0,0,0
343183,0,0,0
87533,0,0,0
350777,0,0,0
166887,0,0,0
180991,0,0,0
9033,0,0,0
282781,0,0,0
4230,0,0,0
96546,0,0,0
369054,0,0,0
261856,0,0,0
110813,0,0,0
85259,0,0,0
195053,0,0,0
261739,0,0,0
241625,0,0,0
220553,0,0,0
347568,0,0,0
316714,0,0,0
254691,0,0,0
228501,0,0,0
202965,0,0,0
198779,0,0,0
265171,0,0,0
29576,0,0,0
270291,0,0,0
409155,0,0,0
268175,0,0,0
42196,0,0,0
166640,0,0,0
63146,0,0,0
336063,0,0,0
70694,0,0,0
365896,0,0,0
60167,0,0,0
182637,0,0,0
301437,0,0,0
212375,0,0,0
40503,0,0,0
1258,0,0,0
364132,0,0,0
321175,0,0,0
190686,0,0,0
53641,0,0,0
312809,0,0,0
230354,0,0,0
73660,0,0,0
1638,0,0,0
317691,0,0,0
97627,0,0,0
107488,0,0,0
332894,0,0,0
371541,0,0,0
324521,0,0,0
110496,0,0,0
214029,0,0,0
305253,0,0,0
38927,0,0,0
8394,0,0,0
192343,0,0,0
382449,0,0,0
221699,0,0,0
46016,0,0,0
192824,0,0,0
33976,0,0,0
130637,0,0,0
213250,0,0,0
190952,0,0,0
124586,0,0,0
129199,0,0,0
408167,0,0,0
11066,0,0,0
271492,0,0,0
382993,0,0,0
209517,0,0,0
165468,0,0,0
239898,0,0,0
169874,0,0,0
217894,0,0,0
241200,0,0,0
55297,0,0,0
197168,0,0,0
33287,0,0,0
180436,0,0,0
18603,0,0,0
202326,0,0,0
204127,0,0,0
368491,0,0,0
140271,0,0,0
101118,0,0,0
226762,0,0,0
341939,0,0,0
390848,0,0,0
173381,0,0,0
302780,0,0,0
198269,0,0,0
399026,0,0,0
389727,0,0,0
219253,0,0,0
311629,0,0,0
122724,0,0,0
18001,0,0,0
2464,0,0,0
358260,0,0,0
22663,0,0,0
390063,0,0,0
830,0,0,0
300645,0,0,0
387970,0,0,0
260280,0,0,0
328705,0,0,0
319322,0,0,0
295734,0,0,0
359380,0,0,0
228645,0,0,0
331820,0,0,0
252202,0,0,0
207439,0,0,0
158883,0,0,0
231435,0,0,0
179499,0,0,0
121332,0,0,0
69187,0,0,0
276550,0,0,0
149667,0,0,0
99500,0,0,0
343550,0,0,0
331847,0,0,0
80080,0,0,0
117726,0,0,0
135197,0,0,0
188831,0,0,0
128171,0,0,0
379440,0,0,0
158374,0,0,0
348766,0,0,0
400486,0,0,0
133637,0,0,0
298618,0,0,0
318303,0,0,0
94269,0,0,0
47548,0,0,0
354680,0,0,0
120253,0,0,0
246735,0,0,0
123977,0,0,0
263858,0,0,0
290355,0,0,0
217952,0,0,0
188309,0,0,0
134305,0,0,0
131430,0,0,0
211097,0,0,0
140436,0,0,0
268996,0,0,0
132879,0,0,0
19758,0,0,0
353566,0,0,0
376441,0,0,0
60019,0,0,0
116798,0,0,0
184154,0,0,0
116245,0,0,0
137532,0,0,0
130989,0,0,0
187434,0,0,0
295814,0,0,0
49958,0,0,0
163234,0,0,0
163020,0,0,0
357454,0,0,0
182686,0,0,0
314069,0,0,0
263597,0,0,0
115425,0,0,0
206316,0,0,0
350453,0,0,0
274647,0,0,0
130000,0,0,0
202627,0,0,0
323073,0,0,0
101485,0,0,0
17990,0,0,0
409349,0,0,0
269548,0,0,0
122235,0,0,0
85292,0,0,0
195903,0,0,0
132943,0,0,0
144022,0,0,0
385587,0,0,0
96432,0,0,0
106651,0,0,0
274054,0,0,0
381931,0,0,0
64617,0,0,0
277669,0,0,0
66005,0,0,0
106981,0,0,0
361863,0,0,0
255484,0,0,0
212323,0,0,0
216317,0,0,0
268057,0,0,0
267720,0,0,0
218856,0,0,0
79277,0,0,0
169294,0,0,0
115940,0,0,0
77321,0,0,0
175906,0,0,0
371046,0,0,0
306533,0,0,0
234714,0,0,0
74422,0,0,0
12735,0,0,0
74560,0,0,0
82601,0,0,0
388806,0,0,0
96286,0,0,0
211419,0,0,0
141320,0,0,0
323921,0,0,0
167121,0,0,0
270963,0,0,0
6199,0,0,0
19292,0,0,0
270427,0,0,0
291210,0,0,0
154794,0,0,0
107925,0,0,0
31801,0,0,0
25999,0,0,0
184957,0,0,0
362625,0,0,0
262032,0,0,0
397933,0,0,0
71435,0,0,0
403936,0,0,0
386177,0,0,0
34339,0,0,0
10122,0,0,0
340882,0,0,0
337666,0,0,0
395988,0,0,0
298053,0,0,0
319560,0,0,0
69181,0,0,0
278046,0,0,0
119690,0,0,0
58169,0,0,0
76358,0,0,0
293245,0,0,0
125311,0,0,0
213643,0,0,0
175723,0,0,0
205933,0,0,0
174989,0,0,0
18474,0,0,0
2007,0,0,0
129467,0,0,0
276579,0,0,0
176011,0,0,0
385406,0,0,0
142575,0,0,0
361444,0,0,0
278919,0,0,0
135821,0,0,0
116607,0,0,0
239086,0,0,0
325481,0,0,0
407862,0,0,0
215335,0,0,0
62107,0,0,0
161121,0,0,0
79627,0,0,0
57196,0,0,0
44650,0,0,0
95109,0,0,0
257467,0,0,0
171917,0,0,0
235561,0,0,0
75715,0,0,0
244402,0,0,0
384487,0,0,0
403119,0,0,0
59616,0,0,0
52880,0,0,0
120450,0,0,0
165007,0,0,0
37977,0,0,0
326157,0,0,0
90479,0,0,0
59112,0,0,0
103352,0,0,0
211769,0,0,0
56866,0,0,0
159163,0,0,0
356054,0,0,0
215828,0,0,0
407971,0,0,0
5578,0,0,0
328670,0,0,0
189635,0,0,0
51135,0,0,0
189774,0,0,0
328865,0,0,0
331344,0,0,0
222096,0,0,0
14706,0,0,0
82035,0,0,0
330564,0,0,0
43184,0,0,0
244791,0,0,0
341519,0,0,0
373003,0,0,0
187129,0,0,0
226931,0,0,0
404140,0,0,0
5840,0,0,0
152705,0,0,0
29182,0,0,0
369161,0,0,0
81429,0,0,0
252456,0,0,0
61407,0,0,0
346388,0,0,0
296446,0,0,0
4269,0,0,0
376564,0,0,0
21244,0,0,0
409499,0,0,0
377862,0,0,0
299960,0,0,0
149311,0,0,0
298820,0,0,0
61296,0,0,0
269635,0,0,0
250113,0,0,0
406114,0,0,0
308039,0,0,0
15546,0,0,0
131656,0,0,0
56557,0,0,0
332937,0,0,0
388846,0,0,0
109134,0,0,0
402628,0,0,0
214945,0,0,0
96986,0,0,0
242169,0,0,0
337962,0,0,0
177726,0,0,0
17201,0,0,0
222516,0,0,0
219077,0,0,0
148560,0,0,0
314574,0,0,0
81503,0,0,0
75032,0,0,0
239509,0,0,0
314923,0,0,0
337388,0,0,0
326923,0,0,0
119504,0,0,0
301091,0,0,0
328423,0,0,0
406367,0,0,0
387902,0,0,0
144479,0,0,0
301744,0,0,0
405945,0,0,0
16793,0,0,0
134253,0,0,0
106986,0,0,0
41912,0,0,0
74738,0,0,0
131586,0,0,0
82659,0,0,0
247498,0,0,0
184185,0,0,0
238666,0,0,0
303274,0,0,0
203457,0,0,0
310882,0,0,0
172992,0,0,0
91785,0,0,0
71993,0,0,0
363833,0,0,0
307927,0,0,0
98951,0,0,0
269440,0,0,0
188121,0,0,0
367345,0,0,0
265686,0,0,0
305781,0,0,0
150249,0,0,0
261560,0,0,0
41957,0,0,0
239337,0,0,0
149728,0,0,0
216832,0,0,0
180732,0,0,0
387019,0,0,0
150732,0,0,0
406210,0,0,0
106033,0,0,0
89933,0,0,0
367248,0,0,0
282764,0,0,0
345069,0,0,0
323652,0,0,0
164130,0,0,0
203062,0,0,0
179477,0,0,0
160504,0,0,0
322640,0,0,0
396938,0,0,0
145626,0,0,0
63882,0,0,0
241006,0,0,0
40979,0,0,0
182491,0,0,0
183221,0,0,0
104548,0,0,0
310843,0,0,0
377414,0,0,0
71442,0,0,0
408105,0,0,0
63767,0,0,0
184714,0,0,0
147967,0,0,0
139289,0,0,0
121257,0,0,0
277338,0,0,0
121006,0,0,0
379539,0,0,0
122359,0,0,0
344452,0,0,0
3562,0,0,0
21335,0,0,0
399371,0,0,0
345041,0,0,0
408919,0,0,0
28761,0,0,0
23897,0,0,0
312536,0,0,0
101918,0,0,0
253676,0,0,0
330993,0,0,0
110821,0,0,0
127508,0,0,0
360515,0,0,0
331728,0,0,0
163848,0,0,0
230912,0,0,0
157677,0,0,0
115140,0,0,0
88718,0,0,0
60856,0,0,0
343877,0,0,0
258406,0,0,0
281115,0,0,0
329526,0,0,0
170160,0,0,0
231870,0,0,0
220764,0,0,0
170507,0,0,0
385339,0,0,0
358076,0,0,0
361824,0,0,0
299035,0,0,0
364927,0,0,0
272128,0,0,0
386138,0,0,0
230496,0,0,0
167380,0,0,0
16744,0,0,0
406642,0,0,0
225815,0,0,0
211827,0,0,0
249768,0,0,0
387089,0,0,0
137335,0,0,0
57442,0,0,0
218540,0,0,0
338627,0,0,0
378751,0,0,0
164488,0,0,0
71696,0,0,0
356267,0,0,0
371876,0,0,0
124052,0,0,0
399996,0,0,0
110165,0,0,0
401011,0,0,0
67482,0,0,0
218400,0,0,0
87909,0,0,0
167891,0,0,0
358376,0,0,0
224160,0,0,0
98175,0,0,0
66208,0,0,0
299619,0,0,0
8721,0,0,0
377584,0,0,0
208689,0,0,0
333383,0,0,0
196385,0,0,0
348222,0,0,0
137612,0,0,0
313972,0,0,0
410073,0,0,0
141037,0,0,0
40609,0,0,0
133334,0,0,0
70734,0,0,0
365121,0,0,0
354150,0,0,0
356498,0,0,0
381770,0,0,0
358954,0,0,0
58891,0,0,0
14658,0,0,0
133445,0,0,0
54835,0,0,0
109151,0,0,0
181994,0,0,0
155181,0,0,0
349531,0,0,0
384165,0,0,0
398658,0,0,0
50674,0,0,0
328480,0,0,0
5392,0,0,0
203305,0,0,0
166520,0,0,0
303222,0,0,0
22791,0,0,0
16393,0,0,0
274256,0,0,0
339810,0,0,0
151032,0,0,0
352176,0,0,0
407327,0,0,0
42797,0,0,0
277966,0,0,0
345118,0,0,0
293380,0,0,0
156313,0,0,0
129430,0,0,0
214477,0,0,0
5201,0,0,0
247221,0,0,0
354573,0,0,0
290435,0,0,0
69571,0,0,0
270412,0,0,0
100088,0,0,0
390475,0,0,0
285967,0,0,0
6308,0,0,0
211715,0,0,0
119886,0,0,0
397689,0,0,0
89216,0,0,0
142867,0,0,0
222589,0,0,0
176347,0,0,0
259135,0,0,0
195893,0,0,0
198917,0,0,0
294985,0,0,0
147908,0,0,0
251667,0,0,0
104563,0,0,0
285238,0,0,0
42407,0,0,0
181513,0,0,0
298903,0,0,0
399220,0,0,0
219435,0,0,0
381523,0,0,0
218381,0,0,0
1958,0,0,0
147644,0,0,0
348945,0,0,0
284252,0,0,0
77100,0,0,0
304523,0,0,0
83029,0,0,0
14710,0,0,0
20913,0,0,0
90007,0,0,0
253310,0,0,0
378577,0,0,0
384583,0,0,0
112491,0,0,0
383462,0,0,0
173072,0,0,0
238837,0,0,0
340753,0,0,0
116985,0,0,0
89327,0,0,0
326988,0,0,0
335692,0,0,0
101620,0,0,0
260804,0,0,0
129857,0,0,0
10308,0,0,0
230651,0,0,0
268578,0,0,0
43545,0,0,0
115300,0,0,0
226609,0,0,0
78978,0,0,0
357497,0,0,0
318504,0,0,0
292538,0,0,0
302513,0,0,0
211079,0,0,0
186132,0,0,0
121331,0,0,0
137952,0,0,0
178668,0,0,0
9569,0,0,0
88850,0,0,0
70490,0,0,0
142059,0,0,0
73867,0,0,0
14610,0,0,0
209122,0,0,0
239219,0,0,0
56704,0,0,0
232539,0,0,0
314335,0,0,0
226111,0,0,0
38680,0,0,0
110206,0,0,0
183894,0,0,0
313503,0,0,0
147473,0,0,0
219049,0,0,0
352493,0,0,0
237105,0,0,0
62752,0,0,0
326173,0,0,0
231957,0,0,0
388735,0,0,0
321378,0,0,0
33602,0,0,0
249136,0,0,0
225492,0,0,0
364869,0,0,0
117274,0,0,0
119642,0,0,0
281576,0,0,0
380792,0,0,0
312578,0,0,0
69658,0,0,0
93202,0,0,0
373416,0,0,0
175710,0,0,0
394081,0,0,0
350881,0,0,0
373150,0,0,0
260555,0,0,0
279264,0,0,0
409689,0,0,0
148539,0,0,0
133108,0,0,0
89002,0,0,0
246674,0,0,0
383137,0,0,0
370875,0,0,0
187155,0,0,0
10248,0,0,0
178697,0,0,0
394927,0,0,0
288618,0,0,0
390515,0,0,0
253404,0,0,0
12098,0,0,0
76521,0,0,0
189880,0,0,0
192628,0,0,0
7848,0,0,0
58867,0,0,0
298405,0,0,0
52985,0,0,0
184742,0,0,0
129682,0,0,0
129862,0,0,0
187984,0,0,0
199206,0,0,0
407821,0,0,0
17480,0,0,0
272055,0,0,0
30467,0,0,0
276234,0,0,0
288741,0,0,0
35354,0,0,0
158780,0,0,0
281302,0,0,0
89732,0,0,0
298023,0,0,0
49804,0,0,0
155693,0,0,0
29996,0,0,0
257212,0,0,0
376842,0,0,0
300081,0,0,0
77616,0,0,0
111035,0,0,0
98318,0,0,0
384017,0,0,0
136443,0,0,0
102739,0,0,0
365616,0,0,0
172460,0,0,0
231828,0,0,0
67319,0,0,0
114250,0,0,0
175172,0,0,0
145073,0,0,0
162084,0,0,0
306023,0,0,0
304389,0,0,0
29365,0,0,0
64786,0,0,0
72510,0,0,0
13005,0,0,0
100144,0,0,0
375812,0,0,0
317964,0,0,0
311585,0,0,0
344421,0,0,0
331081,0,0,0
97093,0,0,0
22717,0,0,0
90667,0,0,0
275861,0,0,0
27907,0,0,0
383648,0,0,0
128448,0,0,0
292510,0,0,0
117220,0,0,0
143239,0,0,0
410732,0,0,0
366077,0,0,0
350596,0,0,0
278302,0,0,0
402320,0,0,0
89744,0,0,0
296346,0,0,0
6861,0,0,0
345741,0,0,0
249794,0,0,0
289006,0,0,0
99826,0,0,0
191405,0,0,0
37505,0,0,0
261217,0,0,0
334988,0,0,0
88702,0,0,0
58925,0,0,0
198339,0,0,0
161454,0,0,0
365228,0,0,0
223701,0,0,0
255914,0,0,0
88246,0,0,0
210487,0,0,0
92503,0,0,0
49825,0,0,0
248803,0,0,0
323207,0,0,0
39723,0,0,0
211855,0,0,0
113990,0,0,0
161176,0,0,0
344311,0,0,0
366560,0,0,0
130611,0,0,0
190343,0,0,0
161113,0,0,0
397017,0,0,0
123092,0,0,0
314222,0,0,0
254814,0,0,0
11207,0,0,0
229686,0,0,0
404678,0,0,0
27656,0,0,0
145092,0,0,0
263251,0,0,0
40199,0,0,0
204192,0,0,0
165153,0,0,0
162419,0,0,0
262515,0,0,0
352590,0,0,0
15124,0,0,0
215199,0,0,0
47904,0,0,0
163504,0,0,0
168517,0,0,0
87711,0,0,0
377054,0,0,0
228372,0,0,0
327150,0,0,0
316151,0,0,0
198466,0,0,0
16253,0,0,0
54079,0,0,0
249656,0,0,0
229984,0,0,0
250061,0,0,0
317611,0,0,0
309372,0,0,0
163724,0,0,0
92546,0,0,0
408787,0,0,0
181475,0,0,0
178715,0,0,0
210105,0,0,0
167978,0,0,0
368116,0,0,0
3533,0,0,0
270137,0,0,0
358160,0,0,0
4574,0,0,0
207335,0,0,0
17197,0,0,0
375861,0,0,0
226293,0,0,0
304815,0,0,0
396221,0,0,0
90710,0,0,0
191949,0,0,0
36109,0,0,0
188330,0,0,0
328249,0,0,0
198344,0,0,0
114742,0,0,0
383492,0,0,0
191783,0,0,0
146830,0,0,0
340529,0,0,0
212100,0,0,0
13772,0,0,0
182673,0,0,0
311158,0,0,0
310859,0,0,0
359889,0,0,0
358583,0,0,0
381224,0,0,0
338472,0,0,0
104162,0,0,0
397875,0,0,0
342493,0,0,0
255486,0,0,0
213369,0,0,0
96845,0,0,0
369179,0,0,0
115897,0,0,0
375853,0,0,0
159871,0,0,0
80370,0,0,0
106804,0,0,0
186849,0,0,0
137425,0,0,0
259318,0,0,0
38256,0,0,0
289852,0,0,0
9318,0,0,0
268736,0,0,0
181384,0,0,0
9459,0,0,0
118553,0,0,0
228291,0,0,0
371186,0,0,0
96588,0,0,0
30599,0,0,0
149341,0,0,0
337686,0,0,0
59330,0,0,0
42918,0,0,0
262346,0,0,0
268709,0,0,0
180746,0,0,0
205926,0,0,0
234878,0,0,0
96937,0,0,0
120600,0,0,0
326261,0,0,0
275531,0,0,0
68081,0,0,0
46894,0,0,0
307727,0,0,0
15485,0,0,0
157796,0,0,0
89651,0,0,0
6629,0,0,0
71347,0,0,0
173509,0,0,0
242933,0,0,0
171638,0,0,0
327296,0,0,0
268532,0,0,0
238679,0,0,0
212432,0,0,0
145560,0,0,0
182532,0,0,0
388053,0,0,0
112825,0,0,0
139911,0,0,0
272754,0,0,0
83320,0,0,0
45042,0,0,0
339567,0,0,0
9056,0,0,0
3236,0,0,0
328599,0,0,0
682,0,0,0
211939,0,0,0
325944,0,0,0
76118,0,0,0
322008,0,0,0
153208,0,0,0
260410,0,0,0
347433,0,0,0
20308,0,0,0
41351,0,0,0
275194,0,0,0
57953,0,0,0
26730,0,0,0
355539,0,0,0
122925,0,0,0
206593,0,0,0
178780,0,0,0
383348,0,0,0
174324,0,0,0
112330,0,0,0
62191,0,0,0
219331,0,0,0
387158,0,0,0
173695,0,0,0
17896,0,0,0
284594,0,0,0
53420,0,0,0
291699,0,0,0
380313,0,0,0
56137,0,0,0
186076,0,0,0
318867,0,0,0
74144,0,0,0
409565,0,0,0
72609,0,0,0
30983,0,0,0
68597,0,0,0
255899,0,0,0
5565,0,0,0
325504,0,0,0
44657,0,0,0
317604,0,0,0
13080,0,0,0
124936,0,0,0
313061,0,0,0
21834,0,0,0
20242,0,0,0
62999,0,0,0
259975,0,0,0
214676,0,0,0
200483,0,0,0
282124,0,0,0
244636,0,0,0
157909,0,0,0
329045,0,0,0
2679,0,0,0
21216,0,0,0
300410,0,0,0
391416,0,0,0
195229,0,0,0
157962,0,0,0
403473,0,0,0
214851,0,0,0
8287,0,0,0
411117,0,0,0
342259,0,0,0
113380,0,0,0
137788,0,0,0
388272,0,0,0
63496,0,0,0
208503,0,0,0
264139,0,0,0
213322,0,0,0
261982,0,0,0
252726,0,0,0
340931,0,0,0
120624,0,0,0
123043,0,0,0
86218,0,0,0
307720,0,0,0
46048,0,0,0
405258,0,0,0
138638,0,0,0
128750,0,0,0
45188,0,0,0
231341,0,0,0
390768,0,0,0
332417,0,0,0
60516,0,0,0
182357,0,0,0
333091,0,0,0
119382,0,0,0
115946,0,0,0
145505,0,0,0
190502,0,0,0
406700,0,0,0
286105,0,0,0
207733,0,0,0
215291,0,0,0
357122,0,0,0
345037,0,0,0
295783,0,0,0
401986,0,0,0
20659,0,0,0
110767,0,0,0
66522,0,0,0
355264,0,0,0
26045,0,0,0
135805,0,0,0
387899,0,0,0
199907,0,0,0
333691,0,0,0
334890,0,0,0
164386,0,0,0
250995,0,0,0
338367,0,0,0
197228,0,0,0
301315,0,0,0
395886,0,0,0
384981,0,0,0
379767,0,0,0
105743,0,0,0
217407,0,0,0
126575,0,0,0
86931,0,0,0
141987,0,0,0
314789,0,0,0
56197,0,0,0
121455,0,0,0
18680,0,0,0
300282,0,0,0
234950,0,0,0
284167,0,0,0
166362,0,0,0
407081,0,0,0
353529,0,0,0
190791,0,0,0
27714,0,0,0
31652,0,0,0
238375,0,0,0
38289,0,0,0
215138,0,0,0
38138,0,0,0
334045,0,0,0
45317,0,0,0
84213,0,0,0
247497,0,0,0
34352,0,0,0
72355,0,0,0
191880,0,0,0
365901,0,0,0
233373,0,0,0
245940,0,0,0
180678,0,0,0
259419,0,0,0
7408,0,0,0
13012,0,0,0
107207,0,0,0
126108,0,0,0
332441,0,0,0
186641,0,0,0
369615,0,0,0
354625,0,0,0
232460,0,0,0
207609,0,0,0
362592,0,0,0
162515,0,0,0
238033,0,0,0
130197,0,0,0
224677,0,0,0
158926,0,0,0
46119,0,0,0
402257,0,0,0
143536,0,0,0
218750,0,0,0
285320,0,0,0
351282,0,0,0
200043,0,0,0
339070,0,0,0
221407,0,0,0
269663,0,0,0
313361,0,0,0
249709,0,0,0
142477,0,0,0
103022,0,0,0
7713,0,0,0
312378,0,0,0
40120,0,0,0
327900,0,0,0
279879,0,0,0
338740,0,0,0
180608,0,0,0
351958,0,0,0
35308,0,0,0
359872,0,0,0
11760,0,0,0
12328,0,0,0
389764,0,0,0
261243,0,0,0
385575,0,0,0
408709,0,0,0
373176,0,0,0
45180,0,0,0
15794,0,0,0
376329,0,0,0
401669,0,0,0
308209,0,0,0
344390,0,0,0
244473,0,0,0
19595,0,0,0
288551,0,0,0
41907,0,0,0
244533,0,0,0
344658,0,0,0
191941,0,0,0
48408,0,0,0
50102,0,0,0
178799,0,0,0
209292,0,0,0
340335,0,0,0
337450,0,0,0
34772,0,0,0
285661,0,0,0
185186,0,0,0
198063,0,0,0
229589,0,0,0
174195,0,0,0
233862,0,0,0
131177,0,0,0
298444,0,0,0
336424,0,0,0
372747,0,0,0
181439,0,0,0
24046,0,0,0
38908,0,0,0
251554,0,0,0
317201,0,0,0
218510,0,0,0
104804,0,0,0
252450,0,0,0
211925,0,0,0
130515,0,0,0
205482,0,0,0
96586,0,0,0
383486,0,0,0
313161,0,0,0
136744,0,0,0
239742,0,0,0
42013,0,0,0
315962,0,0,0
25223,0,0,0
183411,0,0,0
249942,0,0,0
265009,0,0,0
220648,0,0,0
383897,0,0,0
161955,0,0,0
402147,0,0,0
341515,0,0,0
7060,0,0,0
201759,0,0,0
101931,0,0,0
148163,0,0,0
167743,0,0,0
43292,0,0,0
253810,0,0,0
113197,0,0,0
362628,0,0,0
29296,0,0,0
265101,0,0,0
46452,0,0,0
256204,0,0,0
187462,0,0,0
190111,0,0,0
275815,0,0,0
194274,0,0,0
83730,0,0,0
172160,0,0,0
155701,0,0,0
317062,0,0,0
129527,0,0,0
347709,0,0,0
283020,0,0,0
286899,0,0,0
17721,0,0,0
100986,0,0,0
380405,0,0,0
177374,0,0,0
331510,0,0,0
292546,0,0,0
14544,0,0,0
252618,0,0,0
63346,0,0,0
205761,0,0,0
52952,0,0,0
358,0,0,0
297297,0,0,0
115855,0,0,0
99363,0,0,0
19621,0,0,0
68832,0,0,0
2101,0,0,0
244036,0,0,0
39710,0,0,0
274431,0,0,0
385249,0,0,0
402405,0,0,0
333422,0,0,0
44294,0,0,0
133767,0,0,0
71588,0,0,0
334472,0,0,0
99954,0,0,0
375393,0,0,0
72506,0,0,0
151580,0,0,0
8504,0,0,0
281640,0,0,0
51787,0,0,0
138355,0,0,0
120823,0,0,0
391988,0,0,0
139903,0,0,0
90790,0,0,0
254803,0,0,0
10201,0,0,0
309671,0,0,0
291379,0,0,0
18891,0,0,0
108078,0,0,0
369379,0,0,0
190296,0,0,0
123053,0,0,0
398733,0,0,0
179008,0,0,0
358602,0,0,0
11991,0,0,0
152254,0,0,0
74132,0,0,0
261599,0,0,0
29504,0,0,0
64355,0,0,0
53058,0,0,0
207574,0,0,0
71447,0,0,0
376732,0,0,0
259706,0,0,0
333740,0,0,0
111195,0,0,0
216688,0,0,0
86450,0,0,0
284001,0,0,0
148733,0,0,0
269506,0,0,0
179920,0,0,0
31156,0,0,0
213046,0,0,0
2924,0,0,0
392773,0,0,0
162554,0,0,0
77502,0,0,0
237914,0,0,0
31907,0,0,0
255010,0,0,0
93682,0,0,0
346216,0,0,0
23477,0,0,0
203622,0,0,0
65723,0,0,0
57773,0,0,0
159755,0,0,0
302521,0,0,0
236433,0,0,0
388082,0,0,0
345439,0,0,0
65841,0,0,0
104293,0,0,0
63693,0,0,0
76642,0,0,0
3106,0,0,0
6244,0,0,0
357256,0,0,0
22799,0,0,0
86084,0,0,0
401685,0,0,0
394078,0,0,0
333217,0,0,0
137837,0,0,0
210235,0,0,0
362393,0,0,0
187430,0,0,0
170394,0,0,0
233319,0,0,0
396917,0,0,0
77832,0,0,0
89235,0,0,0
199506,0,0,0
272195,0,0,0
326955,0,0,0
179405,0,0,0
25312,0,0,0
192454,0,0,0
13866,0,0,0
294752,0,0,0
299612,0,0,0
165648,0,0,0
42701,0,0,0
348517,0,0,0
36663,0,0,0
125986,0,0,0
61735,0,0,0
205518,0,0,0
114623,0,0,0
383182,0,0,0
25167,0,0,0
135695,0,0,0
367251,0,0,0
383821,0,0,0
156647,0,0,0
371739,0,0,0
316362,0,0,0
381723,0,0,0
239612,0,0,0
317021,0,0,0
171798,0,0,0
106028,0,0,0
75697,0,0,0
276261,0,0,0
230017,0,0,0
229096,0,0,0
189163,0,0,0
351786,0,0,0
119348,0,0,0
62035,0,0,0
50052,0,0,0
321097,0,0,0
98897,0,0,0
238335,0,0,0
387085,0,0,0
348744,0,0,0
127924,0,0,0
71188,0,0,0
152458,0,0,0
374782,0,0,0
91341,0,0,0
342122,0,0,0
176799,0,0,0
52146,0,0,0
239859,0,0,0
161118,0,0,0
48960,0,0,0
80861,0,0,0
47407,0,0,0
255844,0,0,0
203592,0,0,0
386817,0,0,0
261839,0,0,0
82597,0,0,0
43996,0,0,0
196140,0,0,0
150895,0,0,0
280218,0,0,0
352508,0,0,0
166830,0,0,0
216793,0,0,0
323401,0,0,0
276942,0,0,0
215393,0,0,0
353509,0,0,0
118031,0,0,0
374830,0,0,0
81426,0,0,0
209744,0,0,0
320265,0,0,0
27387,0,0,0
226506,0,0,0
52656,0,0,0
312524,0,0,0
165330,0,0,0
342116,0,0,0
386161,0,0,0
258041,0,0,0
208412,0,0,0
259097,0,0,0
165052,0,0,0
133731,0,0,0
339823,0,0,0
219855,0,0,0
220407,0,0,0
18644,0,0,0
155468,0,0,0
80781,0,0,0
124822,0,0,0
280773,0,0,0
346642,0,0,0
367873,0,0,0
323247,0,0,0
291133,0,0,0
243114,0,0,0
140627,0,0,0
27332,0,0,0
16597,0,0,0
291811,0,0,0
12004,0,0,0
92832,0,0,0
268295,0,0,0
217687,0,0,0
365246,0,0,0
372263,0,0,0
256410,0,0,0
71937,0,0,0
246778,0,0,0
350673,0,0,0
237234,0,0,0
282181,0,0,0
371935,0,0,0
267444,0,0,0
223989,0,0,0
56157,0,0,0
366491,0,0,0
315285,0,0,0
102154,0,0,0
245434,0,0,0
236480,0,0,0
346384,0,0,0
254627,0,0,0
399971,0,0,0
232491,0,0,0
62291,0,0,0
365847,0,0,0
289696,0,0,0
253989,0,0,0
311237,0,0,0
25597,0,0,0
344306,0,0,0
124218,0,0,0
169600,0,0,0
199507,0,0,0
347291,0,0,0
216607,0,0,0
406247,0,0,0
390408,0,0,0
93300,0,0,0
406272,0,0,0
211425,0,0,0
121260,0,0,0
302477,0,0,0
228007,0,0,0
324008,0,0,0
411030,0,0,0
395614,0,0,0
28713,0,0,0
299409,0,0,0
395504,0,0,0
60399,0,0,0
148168,0,0,0
36886,0,0,0
283066,0,0,0
398319,0,0,0
77411,0,0,0
187716,0,0,0
30646,0,0,0
258940,0,0,0
24755,0,0,0
353089,0,0,0
211066,0,0,0
73969,0,0,0
18305,0,0,0
331257,0,0,0
87077,0,0,0
371444,0,0,0
330142,0,0,0
190662,0,0,0
225986,0,0,0
187605,0,0,0
399496,0,0,0
252178,0,0,0
136930,0,0,0
68205,0,0,0
379736,0,0,0
37184,0,0,0
91074,0,0,0
370961,0,0,0
266950,0,0,0
330478,0,0,0
164925,0,0,0
329559,0,0,0
343518,0,0,0
241651,0,0,0
26050,0,0,0
88206,0,0,0
215614,0,0,0
237579,0,0,0
92823,0,0,0
113780,0,0,0
395938,0,0,0
208392,0,0,0
208872,0,0,0
154636,0,0,0
73629,0,0,0
370471,0,0,0
270264,0,0,0
65200,0,0,0
250613,0,0,0
408005,0,0,0
325460,0,0,0
345270,0,0,0
299026,0,0,0
161623,0,0,0
239913,0,0,0
225431,0,0,0
108134,0,0,0
260131,0,0,0
207468,0,0,0
5806,0,0,0
29318,0,0,0
105718,0,0,0
401552,0,0,0
389299,0,0,0
298141,0,0,0
314443,0,0,0
306031,0,0,0
383135,0,0,0
398458,0,0,0
208753,0,0,0
337447,0,0,0
205093,0,0,0
397796,0,0,0
53807,0,0,0
80994,0,0,0
95573,0,0,0
90661,0,0,0
175269,0,0,0
255052,0,0,0
41450,0,0,0
184644,0,0,0
341991,0,0,0
77305,0,0,0
52720,0,0,0
310009,0,0,0
317827,0,0,0
268703,0,0,0
132995,0,0,0
400053,0,0,0
299946,0,0,0
192194,0,0,0
207555,0,0,0
346455,0,0,0
118182,0,0,0
205462,0,0,0
371200,0,0,0
318668,0,0,0
42347,0,0,0
207296,0,0,0
283318,0,0,0
388431,0,0,0
382847,0,0,0
280459,0,0,0
37249,0,0,0
325268,0,0,0
206673,0,0,0
294272,0,0,0
171857,0,0,0
304538,0,0,0
352471,0,0,0
309350,0,0,0
187157,0,0,0
135098,0,0,0
110032,0,0,0
174463,0,0,0
74817,0,0,0
231406,0,0,0
213682,0,0,0
129290,0,0,0
400422,0,0,0
187837,0,0,0
193192,0,0,0
377856,0,0,0
183272,0,0,0
150001,0,0,0
252836,0,0,0
395685,0,0,0
247478,0,0,0
287043,0,0,0
87665,0,0,0
235905,0,0,0
335868,0,0,0
293426,0,0,0
337569,0,0,0
117798,0,0,0
320375,0,0,0
96878,0,0,0
131472,0,0,0
125948,0,0,0
190923,0,0,0
182425,0,0,0
196524,0,0,0
295647,0,0,0
100400,0,0,0
69638,0,0,0
283149,0,0,0
7875,0,0,0
214696,0,0,0
302778,0,0,0
23542,0,0,0
326582,0,0,0
256084,0,0,0
210038,0,0,0
206398,0,0,0
250935,0,0,0
169462,0,0,0
345985,0,0,0
25367,0,0,0
268339,0,0,0
402872,0,0,0
103706,0,0,0
28454,0,0,0
179286,0,0,0
232921,0,0,0
286710,0,0,0
53034,0,0,0
16151,0,0,0
326161,0,0,0
14889,0,0,0
240499,0,0,0
251741,0,0,0
99148,0,0,0
87148,0,0,0
203955,0,0,0
36863,0,0,0
139529,0,0,0
168798,0,0,0
32340,0,0,0
318566,0,0,0
59017,0,0,0
260950,0,0,0
69703,0,0,0
154669,0,0,0
74115,0,0,0
235385,0,0,0
391556,0,0,0
141846,0,0,0
364336,0,0,0
12581,0,0,0
185842,0,0,0
398836,0,0,0
21679,0,0,0
316482,0,0,0
229997,0,0,0
254754,0,0,0
407260,0,0,0
378991,0,0,0
205964,0,0,0
20725,0,0,0
333927,0,0,0
185098,0,0,0
220866,0,0,0
196883,0,0,0
377726,0,0,0
2203,0,0,0
221225,0,0,0
400314,0,0,0
337664,0,0,0
291711,0,0,0
383211,0,0,0
288165,0,0,0
49838,0,0,0
221082,0,0,0
219588,0,0,0
110500,0,0,0
166444,0,0,0
242656,0,0,0
272098,0,0,0
53567,0,0,0
295748,0,0,0
76307,0,0,0
365939,0,0,0
390908,0,0,0
354888,0,0,0
405078,0,0,0
275539,0,0,0
82969,0,0,0
149672,0,0,0
185200,0,0,0
165503,0,0,0
9940,0,0,0
148398,0,0,0
135232,0,0,0
219747,0,0,0
279217,0,0,0
96249,0,0,0
272290,0,0,0
94598,0,0,0
42072,0,0,0
355283,0,0,0
219487,0,0,0
313826,0,0,0
77811,0,0,0
273678,0,0,0
141092,0,0,0
340180,0,0,0
229588,0,0,0
275584,0,0,0
119639,0,0,0
218622,0,0,0
70906,0,0,0
335406,0,0,0
166227,0,0,0
249976,0,0,0
212472,0,0,0
15655,0,0,0
903,0,0,0
19385,0,0,0
383960,0,0,0
204277,0,0,0
208186,0,0,0
171213,0,0,0
312681,0,0,0
362402,0,0,0
325914,0,0,0
199250,0,0,0
76983,0,0,0
117243,0,0,0
362419,0,0,0
343327,0,0,0
390245,0,0,0
194472,0,0,0
254870,0,0,0
65224,0,0,0
245523,0,0,0
36609,0,0,0
14389,0,0,0
353582,0,0,0
134724,0,0,0
391183,0,0,0
206215,0,0,0
302748,0,0,0
159362,0,0,0
354605,0,0,0
46700,0,0,0
342745,0,0,0
304241,0,0,0
228966,0,0,0
53013,0,0,0
295581,0,0,0
208618,0,0,0
24432,0,0,0
147974,0,0,0
281057,0,0,0
165132,0,0,0
106590,0,0,0
97856,0,0,0
404945,0,0,0
381122,0,0,0
133225,0,0,0
383209,0,0,0
230949,0,0,0
285837,0,0,0
181052,0,0,0
293528,0,0,0
399481,0,0,0
80290,0,0,0
269914,0,0,0
194589,0,0,0
204977,0,0,0
115304,0,0,0
250909,0,0,0
217967,0,0,0
116566,0,0,0
290188,0,0,0
402376,0,0,0
359124,0,0,0
285924,0,0,0
371407,0,0,0
24233,0,0,0
60658,0,0,0
242399,0,0,0
152465,0,0,0
398529,0,0,0
257490,0,0,0
294928,0,0,0
333566,0,0,0
387606,0,0,0
96428,0,0,0
71437,0,0,0
112045,0,0,0
141046,0,0,0
231217,0,0,0
273998,0,0,0
63082,0,0,0
221658,0,0,0
332714,0,0,0
216427,0,0,0
116033,0,0,0
118696,0,0,0
289353,0,0,0
73897,0,0,0
184771,0,0,0
228594,0,0,0
163873,0,0,0
162227,0,0,0
269024,0,0,0
351029,0,0,0
141065,0,0,0
48503,0,0,0
334256,0,0,0
270809,0,0,0
100910,0,0,0
283886,0,0,0
4932,0,0,0
266269,0,0,0
29159,0,0,0
273120,0,0,0
351072,0,0,0
53065,0,0,0
265661,0,0,0
234728,0,0,0
42290,0,0,0
371353,0,0,0
332356,0,0,0
169482,0,0,0
91644,0,0,0
219012,0,0,0
286183,0,0,0
101261,0,0,0
280721,0,0,0
92258,0,0,0
49518,0,0,0
107041,0,0,0
272122,0,0,0
32164,0,0,0
296114,0,0,0
163785,0,0,0
374991,0,0,0
64689,0,0,0
151709,0,0,0
397583,0,0,0
377919,0,0,0
182230,0,0,0
270026,0,0,0
158198,0,0,0
66737,0,0,0
160195,0,0,0
359453,0,0,0
83535,0,0,0
69481,0,0,0
398094,0,0,0
360454,0,0,0
163340,0,0,0
32488,0,0,0
190702,0,0,0
373500,0,0,0
152188,0,0,0
287463,0,0,0
264053,0,0,0
354320,0,0,0
226963,0,0,0
107227,0,0,0
33386,0,0,0
382649,0,0,0
273220,0,0,0
186608,0,0,0
74785,0,0,0
259952,0,0,0
244991,0,0,0
198512,0,0,0
6043,0,0,0
384648,0,0,0
153268,0,0,0
135244,0,0,0
128634,0,0,0
197216,0,0,0
271465,0,0,0
34472,0,0,0
85091,0,0,0
127848,0,0,0
379643,0,0,0
187896,0,0,0
376683,0,0,0
118456,0,0,0
350731,0,0,0
87346,0,0,0
400396,0,0,0
360289,0,0,0
71212,0,0,0
407253,0,0,0
299692,0,0,0
134967,0,0,0
322758,0,0,0
323662,0,0,0
313940,0,0,0
39176,0,0,0
359061,0,0,0
137013,0,0,0
142831,0,0,0
103172,0,0,0
372276,0,0,0
54565,0,0,0
294678,0,0,0
159694,0,0,0
316508,0,0,0
346048,0,0,0
298598,0,0,0
37934,0,0,0
111209,0,0,0
124087,0,0,0
99574,0,0,0
307790,0,0,0
51729,0,0,0
257264,0,0,0
76058,0,0,0
251839,0,0,0
256559,0,0,0
32797,0,0,0
328305,0,0,0
742,0,0,0
255211,0,0,0
15486,0,0,0
287422,0,0,0
35347,0,0,0
306605,0,0,0
232902,0,0,0
84357,0,0,0
278895,0,0,0
90145,0,0,0
283402,0,0,0
411203,0,0,0
241864,0,0,0
286346,0,0,0
101688,0,0,0
385311,0,0,0
244367,0,0,0
372225,0,0,0
252294,0,0,0
184250,0,0,0
90253,0,0,0
389178,0,0,0
313587,0,0,0
187413,0,0,0
399461,0,0,0
140718,0,0,0
245013,0,0,0
14464,0,0,0
297348,0,0,0
333882,0,0,0
202349,0,0,0
340971,0,0,0
125893,0,0,0
263010,0,0,0
47900,0,0,0
4755,0,0,0
240533,0,0,0
393461,0,0,0
266936,0,0,0
173965,0,0,0
149504,0,0,0
111652,0,0,0
127253,0,0,0
91756,0,0,0
16484,0,0,0
319297,0,0,0
93029,0,0,0
124140,0,0,0
53087,0,0,0
250102,0,0,0
168592,0,0,0
286656,0,0,0
189753,0,0,0
305680,0,0,0
183653,0,0,0
366483,0,0,0
55940,0,0,0
8036,0,0,0
233018,0,0,0
347856,0,0,0
377223,0,0,0
270829,0,0,0
378920,0,0,0
9177,0,0,0
121489,0,0,0
309248,0,0,0
351652,0,0,0
400244,0,0,0
218320,0,0,0
365769,0,0,0
223842,0,0,0
76007,0,0,0
309260,0,0,0
354454,0,0,0
176888,0,0,0
176250,0,0,0
362366,0,0,0
361132,0,0,0
277020,0,0,0
98844,0,0,0
233570,0,0,0
180098,0,0,0
318877,0,0,0
336106,0,0,0
24940,0,0,0
22084,0,0,0
49374,0,0,0
370113,0,0,0
244328,0,0,0
285823,0,0,0
121134,0,0,0
357214,0,0,0
343192,0,0,0
202645,0,0,0
317305,0,0,0
269526,0,0,0
324962,0,0,0
76248,0,0,0
117108,0,0,0
379053,0,0,0
60210,0,0,0
385164,0,0,0
267325,0,0,0
61346,0,0,0
193808,0,0,0
178108,0,0,0
161741,0,0,0
124757,0,0,0
58850,0,0,0
313103,0,0,0
253704,0,0,0
96850,0,0,0
57110,0,0,0
133592,0,0,0
127064,0,0,0
92605,0,0,0
327471,0,0,0
163035,0,0,0
382236,0,0,0
250902,0,0,0
85409,0,0,0
345977,0,0,0
114676,0,0,0
176352,0,0,0
86550,0,0,0
40544,0,0,0
2899,0,0,0
266231,0,0,0
255234,0,0,0
208878,0,0,0
330156,0,0,0
254223,0,0,0
51623,0,0,0
4212,0,0,0
178788,0,0,0
178670,0,0,0
40539,0,0,0
324496,0,0,0
186138,0,0,0
253602,0,0,0
376474,0,0,0
240146,0,0,0
42946,0,0,0
84149,0,0,0
210465,0,0,0
301800,0,0,0
109982,0,0,0
202047,0,0,0
17510,0,0,0
278916,0,0,0
285500,0,0,0
103637,0,0,0
240043,0,0,0
384367,0,0,0
208100,0,0,0
205910,0,0,0
183367,0,0,0
266534,0,0,0
357224,0,0,0
347270,0,0,0
86509,0,0,0
411328,0,0,0
164367,0,0,0
373642,0,0,0
154344,0,0,0
305861,0,0,0
404084,0,0,0
2057,0,0,0
144569,0,0,0
81085,0,0,0
267869,0,0,0
112711,0,0,0
187528,0,0,0
198902,0,0,0
217071,0,0,0
7065,0,0,0
9381,0,0,0
72758,0,0,0
33935,0,0,0
368890,0,0,0
94103,0,0,0
399641,0,0,0
120893,0,0,0
228791,0,0,0
389309,0,0,0
81928,0,0,0
157123,0,0,0
918,0,0,0
763,0,0,0
383072,0,0,0
48034,0,0,0
195394,0,0,0
94394,0,0,0
397213,0,0,0
122576,0,0,0
198153,0,0,0
171891,0,0,0
280637,0,0,0
226184,0,0,0
31134,0,0,0
390960,0,0,0
106431,0,0,0
187200,0,0,0
409204,0,0,0
389040,0,0,0
330200,0,0,0
387059,0,0,0
324804,0,0,0
314999,0,0,0
131429,0,0,0
359974,0,0,0
86845,0,0,0
134170,0,0,0
175153,0,0,0
294419,0,0,0
234553,0,0,0
213534,0,0,0
223848,0,0,0
225860,0,0,0
87462,0,0,0
99152,0,0,0
173867,0,0,0
347909,0,0,0
149093,0,0,0
182729,0,0,0
96501,0,0,0
387293,0,0,0
54740,0,0,0
373305,0,0,0
135408,0,0,0
198655,0,0,0
301649,0,0,0
63245,0,0,0
59113,0,0,0
54814,0,0,0
23482,0,0,0
110634,0,0,0
191114,0,0,0
23314,0,0,0
394464,0,0,0
180124,0,0,0
326047,0,0,0
136902,0,0,0
56003,0,0,0
322762,0,0,0
276633,0,0,0
365213,0,0,0
358267,0,0,0
409242,0,0,0
25037,0,0,0
337930,0,0,0
278446,0,0,0
74375,0,0,0
349624,0,0,0
374209,0,0,0
54028,0,0,0
318841,0,0,0
96757,0,0,0
317930,0,0,0
84960,0,0,0
306519,0,0,0
69568,0,0,0
91312,0,0,0
211698,0,0,0
135953,0,0,0
265500,0,0,0
352639,0,0,0
280484,0,0,0
350361,0,0,0
29314,0,0,0
336431,0,0,0
107511,0,0,0
255636,0,0,0
245263,0,0,0
367940,0,0,0
101182,0,0,0
342949,0,0,0
34922,0,0,0
355228,0,0,0
172264,0,0,0
284476,0,0,0
408755,0,0,0
109823,0,0,0
385122,0,0,0
299629,0,0,0
220957,0,0,0
61216,0,0,0
358742,0,0,0
165104,0,0,0
395921,0,0,0
366717,0,0,0
39965,0,0,0
229504,0,0,0
104582,0,0,0
15539,0,0,0
405242,0,0,0
368230,0,0,0
152219,0,0,0
349396,0,0,0
411409,0,0,0
240556,0,0,0
139442,0,0,0
206298,0,0,0
196472,0,0,0
122323,0,0,0
118645,0,0,0
9111,0,0,0
193957,0,0,0
111882,0,0,0
359471,0,0,0
59820,0,0,0
69555,0,0,0
64214,0,0,0
104088,0,0,0
234171,0,0,0
157362,0,0,0
367088,0,0,0
404080,0,0,0
248241,0,0,0
157609,0,0,0
411442,0,0,0
144027,0,0,0
405198,0,0,0
362683,0,0,0
147634,0,0,0
168314,0,0,0
329697,0,0,0
214380,0,0,0
388440,0,0,0
87918,0,0,0
151445,0,0,0
83691,0,0,0
359016,0,0,0
34435,0,0,0
283167,0,0,0
212434,0,0,0
371408,0,0,0
409736,0,0,0
110697,0,0,0
402799,0,0,0
395364,0,0,0
239082,0,0,0
373429,0,0,0
357625,0,0,0
359162,0,0,0
99931,0,0,0
143225,0,0,0
254029,0,0,0
279628,0,0,0
78276,0,0,0
133729,0,0,0
270121,0,0,0
24400,0,0,0
353965,0,0,0
94129,0,0,0
310670,0,0,0
16097,0,0,0
366850,0,0,0
56209,0,0,0
365583,0,0,0
25221,0,0,0
409097,0,0,0
132602,0,0,0
140427,0,0,0
291991,0,0,0
74805,0,0,0
299336,0,0,0
342198,0,0,0
171599,0,0,0
138010,0,0,0
316152,0,0,0
406141,0,0,0
338030,0,0,0
221152,0,0,0
241396,0,0,0
396092,0,0,0
59782,0,0,0
53810,0,0,0
160106,0,0,0
367276,0,0,0
368474,0,0,0
92607,0,0,0
126041,0,0,0
109898,0,0,0
409528,0,0,0
375360,0,0,0
134599,0,0,0
31571,0,0,0
324306,0,0,0
273613,0,0,0
324085,0,0,0
149507,0,0,0
345048,0,0,0
245345,0,0,0
285690,0,0,0
279922,0,0,0
216091,0,0,0
340266,0,0,0
245585,0,0,0
187888,0,0,0
18528,0,0,0
408739,0,0,0
7309,0,0,0
196424,0,0,0
145738,0,0,0
9310,0,0,0
203024,0,0,0
216981,0,0,0
253977,0,0,0
351891,0,0,0
290647,0,0,0
84183,0,0,0
353402,0,0,0
284389,0,0,0
338096,0,0,0
16933,0,0,0
304578,0,0,0
67230,0,0,0
118204,0,0,0
199515,0,0,0
98989,0,0,0
13546,0,0,0
186681,0,0,0
298624,0,0,0
170356,0,0,0
13920,0,0,0
12072,0,0,0
403763,0,0,0
83425,0,0,0
82327,0,0,0
15941,0,0,0
43098,0,0,0
335761,0,0,0
163311,0,0,0
379632,0,0,0
196118,0,0,0
372357,0,0,0
128618,0,0,0
18897,0,0,0
317095,0,0,0
184832,0,0,0
124636,0,0,0
342029,0,0,0
266856,0,0,0
127572,0,0,0
285832,0,0,0
219238,0,0,0
380448,0,0,0
170162,0,0,0
98314,0,0,0
260694,0,0,0
222006,0,0,0
359752,0,0,0
254914,0,0,0
254877,0,0,0
34727,0,0,0
396392,0,0,0
360901,0,0,0
383204,0,0,0
404211,0,0,0
368806,0,0,0
239769,0,0,0
319550,0,0,0
237250,0,0,0
296002,0,0,0
341914,0,0,0
24583,0,0,0
217414,0,0,0
174255,0,0,0
86488,0,0,0
244250,0,0,0
335243,0,0,0
80734,0,0,0
106665,0,0,0
388574,0,0,0
120218,0,0,0
207340,0,0,0
345237,0,0,0
67147,0,0,0
348381,0,0,0
262436,0,0,0
380267,0,0,0
37097,0,0,0
256897,0,0,0
242798,0,0,0
43763,0,0,0
342512,0,0,0
161153,0,0,0
170370,0,0,0
132648,0,0,0
149403,0,0,0
125093,0,0,0
34779,0,0,0
68852,0,0,0
40193,0,0,0
101005,0,0,0
109328,0,0,0
400165,0,0,0
377002,0,0,0
350107,0,0,0
235216,0,0,0
177022,0,0,0
171586,0,0,0
77824,0,0,0
318511,0,0,0
19033,0,0,0
363959,0,0,0
291338,0,0,0
306870,0,0,0
289016,0,0,0
59476,0,0,0
396187,0,0,0
302729,0,0,0
301319,0,0,0
208295,0,0,0
88498,0,0,0
286129,0,0,0
68028,0,0,0
258815,0,0,0
212081,0,0,0
248434,0,0,0
119205,0,0,0
178577,0,0,0
41891,0,0,0
50688,0,0,0
50833,0,0,0
100354,0,0,0
195247,0,0,0
389636,0,0,0
389725,0,0,0
76964,0,0,0
377593,0,0,0
330715,0,0,0
195039,0,0,0
142069,0,0,0
291783,0,0,0
345591,0,0,0
4538,0,0,0
277450,0,0,0
295889,0,0,0
64338,0,0,0
124958,0,0,0
219683,0,0,0
251539,0,0,0
103282,0,0,0
323389,0,0,0
125843,0,0,0
47834,0,0,0
59530,0,0,0
292508,0,0,0
316262,0,0,0
390787,0,0,0
127463,0,0,0
232333,0,0,0
273086,0,0,0
350030,0,0,0
99414,0,0,0
169232,0,0,0
167269,0,0,0
135001,0,0,0
40491,0,0,0
239265,0,0,0
400432,0,0,0
376667,0,0,0
5,0,0,0
286330,0,0,0
350158,0,0,0
378006,0,0,0
267318,0,0,0
408703,0,0,0
33401,0,0,0
287878,0,0,0
395286,0,0,0
36100,0,0,0
137387,0,0,0
130742,0,0,0
190520,0,0,0
229209,0,0,0
49438,0,0,0
53924,0,0,0
185697,0,0,0
16299,0,0,0
129952,0,0,0
115121,0,0,0
372194,0,0,0
46150,0,0,0
390124,0,0,0
316123,0,0,0
197292,0,0,0
381504,0,0,0
158817,0,0,0
75825,0,0,0
259216,0,0,0
331051,0,0,0
216256,0,0,0
337101,0,0,0
244670,0,0,0
366597,0,0,0
133456,0,0,0
276227,0,0,0
317853,0,0,0
80933,0,0,0
379785,0,0,0
348156,0,0,0
218442,0,0,0
113988,0,0,0
114339,0,0,0
34721,0,0,0
70248,0,0,0
177844,0,0,0
206607,0,0,0
239978,0,0,0
55105,0,0,0
218586,0,0,0
208967,0,0,0
278381,0,0,0
283763,0,0,0
209505,0,0,0
28398,0,0,0
150283,0,0,0
28025,0,0,0
143201,0,0,0
48310,0,0,0
316532,0,0,0
290087,0,0,0
231600,0,0,0
75493,0,0,0
103431,0,0,0
109808,0,0,0
386875,0,0,0
180406,0,0,0
297815,0,0,0
104018,0,0,0
216875,0,0,0
116865,0,0,0
300531,0,0,0
12111,0,0,0
344803,0,0,0
337837,0,0,0
364902,0,0,0
355825,0,0,0
237090,0,0,0
88697,0,0,0
408953,0,0,0
155784,0,0,0
82221,0,0,0
88528,0,0,0
262362,0,0,0
224821,0,0,0
308955,0,0,0
118273,0,0,0
9365,0,0,0
38117,0,0,0
107889,0,0,0
193135,0,0,0
346845,0,0,0
319585,0,0,0
50389,0,0,0
293502,0,0,0
264543,0,0,0
191554,0,0,0
282057,0,0,0
387512,0,0,0
307166,0,0,0
216767,0,0,0
362373,0,0,0
323012,0,0,0
264896,0,0,0
362992,0,0,0
123475,0,0,0
191820,0,0,0
75152,0,0,0
106072,0,0,0
37616,0,0,0
337816,0,0,0
368811,0,0,0
313356,0,0,0
176378,0,0,0
90164,0,0,0
153190,0,0,0
136194,0,0,0
384310,0,0,0
389258,0,0,0
170442,0,0,0
211563,0,0,0
145154,0,0,0
294067,0,0,0
74551,0,0,0
48802,0,0,0
254921,0,0,0
155154,0,0,0
400962,0,0,0
195825,0,0,0
3377,0,0,0
144775,0,0,0
15882,0,0,0
149155,0,0,0
263414,0,0,0
113776,0,0,0
253623,0,0,0
385585,0,0,0
245538,0,0,0
172673,0,0,0
154454,0,0,0
132466,0,0,0
291189,0,0,0
225745,0,0,0
98857,0,0,0
338315,0,0,0
175159,0,0,0
57950,0,0,0
25192,0,0,0
365067,0,0,0
405187,0,0,0
189834,0,0,0
35889,0,0,0
372999,0,0,0
129345,0,0,0
251602,0,0,0
392616,0,0,0
117215,0,0,0
203326,0,0,0
403681,0,0,0
273844,0,0,0
326474,0,0,0
333117,0,0,0
408958,0,0,0
224799,0,0,0
65917,0,0,0
199281,0,0,0
368029,0,0,0
354921,0,0,0
219467,0,0,0
130245,0,0,0
63644,0,0,0
317885,0,0,0
154125,0,0,0
182064,0,0,0
218857,0,0,0
162774,0,0,0
365267,0,0,0
153163,0,0,0
160576,0,0,0
410759,0,0,0
96901,0,0,0
279835,0,0,0
10253,0,0,0
151869,0,0,0
136093,0,0,0
314049,0,0,0
304789,0,0,0
189820,0,0,0
96655,0,0,0
280899,0,0,0
316592,0,0,0
208948,0,0,0
343180,0,0,0
90397,0,0,0
193456,0,0,0
116059,0,0,0
63416,0,0,0
249074,0,0,0
246288,0,0,0
182337,0,0,0
111663,0,0,0
251024,0,0,0
297953,0,0,0
157714,0,0,0
76094,0,0,0
145731,0,0,0
311257,0,0,0
390820,0,0,0
362759,0,0,0
209808,0,0,0
141039,0,0,0
330864,0,0,0
325170,0,0,0
252245,0,0,0
150432,0,0,0
181381,0,0,0
325121,0,0,0
251704,0,0,0
254573,0,0,0
355233,0,0,0
217025,0,0,0
35999,0,0,0
337808,0,0,0
394201,0,0,0
273325,0,0,0
104445,0,0,0
351738,0,0,0
50918,0,0,0
260859,0,0,0
135692,0,0,0
256997,0,0,0
102162,0,0,0
118589,0,0,0
269640,0,0,0
299378,0,0,0
300327,0,0,0
218280,0,0,0
231261,0,0,0
265992,0,0,0
211195,0,0,0
291123,0,0,0
236318,0,0,0
259164,0,0,0
40332,0,0,0
163565,0,0,0
299450,0,0,0
95835,0,0,0
155128,0,0,0
13046,0,0,0
305490,0,0,0
330701,0,0,0
118303,0,0,0
397458,0,0,0
93040,0,0,0
248181,0,0,0
169549,0,0,0
296581,0,0,0
267315,0,0,0
134251,0,0,0
152686,0,0,0
55624,0,0,0
156048,0,0,0
28045,0,0,0
274988,0,0,0
197720,0,0,0
287833,0,0,0
125462,0,0,0
139462,0,0,0
356800,0,0,0
273782,0,0,0
39121,0,0,0
76320,0,0,0
82041,0,0,0
29679,0,0,0
284761,0,0,0
147938,0,0,0
57207,0,0,0
4567,0,0,0
308687,0,0,0
374082,0,0,0
185944,0,0,0
131346,0,0,0
60540,0,0,0
167141,0,0,0
182616,0,0,0
157803,0,0,0
123202,0,0,0
207655,0,0,0
330376,0,0,0
281611,0,0,0
175736,0,0,0
169546,0,0,0
358664,0,0,0
201781,0,0,0
58799,0,0,0
3435,0,0,0
154782,0,0,0
199810,0,0,0
56358,0,0,0
298043,0,0,0
205668,0,0,0
53542,0,0,0
382560,0,0,0
374379,0,0,0
310952,0,0,0
191575,0,0,0
218805,0,0,0
117697,0,0,0
106307,0,0,0
64481,0,0,0
90514,0,0,0
47738,0,0,0
86253,0,0,0
155408,0,0,0
177981,0,0,0
232756,0,0,0
399998,0,0,0
369990,0,0,0
222282,0,0,0
324562,0,0,0
301118,0,0,0
315085,0,0,0
391370,0,0,0
205389,0,0,0
97392,0,0,0
262109,0,0,0
262977,0,0,0
351839,0,0,0
327642,0,0,0
203496,0,0,0
350069,0,0,0
186376,0,0,0
112724,0,0,0
386149,0,0,0
15779,0,0,0
7317,0,0,0
210964,0,0,0
341379,0,0,0
293090,0,0,0
64699,0,0,0
79369,0,0,0
335278,0,0,0
362805,0,0,0
147253,0,0,0
184151,0,0,0
333934,0,0,0
234293,0,0,0
354292,0,0,0
114262,0,0,0
289287,0,0,0
302703,0,0,0
169306,0,0,0
206531,0,0,0
255790,0,0,0
104336,0,0,0
326657,0,0,0
362545,0,0,0
95093,0,0,0
293726,0,0,0
333185,0,0,0
226260,0,0,0
168855,0,0,0
366813,0,0,0
219730,0,0,0
383065,0,0,0
400883,0,0,0
17918,0,0,0
83955,0,0,0
46863,0,0,0
263651,0,0,0
232365,0,0,0
179052,0,0,0
102296,0,0,0
188009,0,0,0
326675,0,0,0
354636,0,0,0
323565,0,0,0
23011,0,0,0
205529,0,0,0
383576,0,0,0
10135,0,0,0
131481,0,0,0
269406,0,0,0
227805,0,0,0
227147,0,0,0
362889,0,0,0
66825,0,0,0
156497,0,0,0
277623,0,0,0
194206,0,0,0
34309,0,0,0
23491,0,0,0
359992,0,0,0
329970,0,0,0
409701,0,0,0
343577,0,0,0
197217,0,0,0
381772,0,0,0
236199,0,0,0
368124,0,0,0
217300,0,0,0
185474,0,0,0
186828,0,0,0
175619,0,0,0
51098,0,0,0
398006,0,0,0
96800,0,0,0
110875,0,0,0
139853,0,0,0
301842,0,0,0
344823,0,0,0
218629,0,0,0
121608,0,0,0
219056,0,0,0
59714,0,0,0
269707,0,0,0
240090,0,0,0
203361,0,0,0
206276,0,0,0
379972,0,0,0
188865,0,0,0
96232,0,0,0
191874,0,0,0
368303,0,0,0
34003,0,0,0
121450,0,0,0
202786,0,0,0
70265,0,0,0
352688,0,0,0
318440,0,0,0
343199,0,0,0
65394,0,0,0
234990,0,0,0
368312,0,0,0
382493,0,0,0
43867,0,0,0
30230,0,0,0
158602,0,0,0
28867,0,0,0
17847,0,0,0
306343,0,0,0
298236,0,0,0
242822,0,0,0
122551,0,0,0
174008,0,0,0
182669,0,0,0
404913,0,0,0
399494,0,0,0
274278,0,0,0
246285,0,0,0
285853,0,0,0
345131,0,0,0
320093,0,0,0
53781,0,0,0
29469,0,0,0
234569,0,0,0
154131,0,0,0
215973,0,0,0
287209,0,0,0
267001,0,0,0
63620,0,0,0
58092,0,0,0
243843,0,0,0
1344,0,0,0
19722,0,0,0
259767,0,0,0
244442,0,0,0
175993,0,0,0
210459,0,0,0
212595,0,0,0
318254,0,0,0
223722,0,0,0
362398,0,0,0
364667,0,0,0
4914,0,0,0
139461,0,0,0
394760,0,0,0
58532,0,0,0
88058,0,0,0
46454,0,0,0
313225,0,0,0
224645,0,0,0
359035,0,0,0
336959,0,0,0
99057,0,0,0
100586,0,0,0
206859,0,0,0
314648,0,0,0
139250,0,0,0
268961,0,0,0
110738,0,0,0
107961,0,0,0
86925,0,0,0
226383,0,0,0
224344,0,0,0
356971,0,0,0
119931,0,0,0
232979,0,0,0
178993,0,0,0
82280,0,0,0
324156,0,0,0
45621,0,0,0
368365,0,0,0
14294,0,0,0
66045,0,0,0
193045,0,0,0
373368,0,0,0
380347,0,0,0
93913,0,0,0
123459,0,0,0
41091,0,0,0
374431,0,0,0
132145,0,0,0
6356,0,0,0
153879,0,0,0
387897,0,0,0
338235,0,0,0
408247,0,0,0
243605,0,0,0
385684,0,0,0
2853,0,0,0
51265,0,0,0
86181,0,0,0
262757,0,0,0
350213,0,0,0
259683,0,0,0
195064,0,0,0
109846,0,0,0
291305,0,0,0
272145,0,0,0
253662,0,0,0
40331,0,0,0
75744,0,0,0
263640,0,0,0
214350,0,0,0
63616,0,0,0
334432,0,0,0
234719,0,0,0
254683,0,0,0
214480,0,0,0
273514,0,0,0
195396,0,0,0
206268,0,0,0
90206,0,0,0
403314,0,0,0
151343,0,0,0
342836,0,0,0
234628,0,0,0
392799,0,0,0
190392,0,0,0
96965,0,0,0
131216,0,0,0
52137,0,0,0
125851,0,0,0
69288,0,0,0
115685,0,0,0
104504,0,0,0
101025,0,0,0
135108,0,0,0
48353,0,0,0
267776,0,0,0
110827,0,0,0
47513,0,0,0
178027,0,0,0
40103,0,0,0
356887,0,0,0
390607,0,0,0
217148,0,0,0
79617,0,0,0
113149,0,0,0
162427,0,0,0
411246,0,0,0
136052,0,0,0
337157,0,0,0
277157,0,0,0
176410,0,0,0
259414,0,0,0
164252,0,0,0
336710,0,0,0
200242,0,0,0
325225,0,0,0
66883,0,0,0
107527,0,0,0
278448,0,0,0
336996,0,0,0
77589,0,0,0
5173,0,0,0
169302,0,0,0
52806,0,0,0
375713,0,0,0
293462,0,0,0
164765,0,0,0
405157,0,0,0
360432,0,0,0
46997,0,0,0
275050,0,0,0
363697,0,0,0
396888,0,0,0
49996,0,0,0
378918,0,0,0
406570,0,0,0
137504,0,0,0
342683,0,0,0
121857,0,0,0
56087,0,0,0
133562,0,0,0
47295,0,0,0
2373,0,0,0
142392,0,0,0
20527,0,0,0
321941,0,0,0
130021,0,0,0
322811,0,0,0
262580,0,0,0
119030,0,0,0
108743,0,0,0
406120,0,0,0
154254,0,0,0
217451,0,0,0
356970,0,0,0
100976,0,0,0
357381,0,0,0
311964,0,0,0
131983,0,0,0
48393,0,0,0
364361,0,0,0
228732,0,0,0
374937,0,0,0
65079,0,0,0
177093,0,0,0
169937,0,0,0
148833,0,0,0
30309,0,0,0
343092,0,0,0
395049,0,0,0
286612,0,0,0
280393,0,0,0
294075,0,0,0
386549,0,0,0
109450,0,0,0
235480,0,0,0
24106,0,0,0
94807,0,0,0
79504,0,0,0
243493,0,0,0
341407,0,0,0
134618,0,0,0
34341,0,0,0
60102,0,0,0
391800,0,0,0
78531,0,0,0
246181,0,0,0
233051,0,0,0
253756,0,0,0
396299,0,0,0
135605,0,0,0
63532,0,0,0
32338,0,0,0
205871,0,0,0
509,0,0,0
397763,0,0,0
95251,0,0,0
219948,0,0,0
183954,0,0,0
25953,0,0,0
238939,0,0,0
167439,0,0,0
362563,0,0,0
302158,0,0,0
48328,0,0,0
148867,0,0,0
15745,0,0,0
270886,0,0,0
384143,0,0,0
250453,0,0,0
167476,0,0,0
326827,0,0,0
164551,0,0,0
298005,0,0,0
319320,0,0,0
16635,0,0,0
75517,0,0,0
53678,0,0,0
246005,0,0,0
208333,0,0,0
257185,0,0,0
5082,0,0,0
294227,0,0,0
123865,0,0,0
308394,0,0,0
203478,0,0,0
2058,0,0,0
261321,0,0,0
234517,0,0,0
121470,0,0,0
217685,0,0,0
160055,0,0,0
364881,0,0,0
385773,0,0,0
314243,0,0,0
117164,0,0,0
141895,0,0,0
359204,0,0,0
161967,0,0,0
129662,0,0,0
156787,0,0,0
79081,0,0,0
206964,0,0,0
158131,0,0,0
173116,0,0,0
292033,0,0,0
213132,0,0,0
143326,0,0,0
67154,0,0,0
195105,0,0,0
245244,0,0,0
180633,0,0,0
239204,0,0,0
189994,0,0,0
26231,0,0,0
408638,0,0,0
2123,0,0,0
107249,0,0,0
39190,0,0,0
226784,0,0,0
134086,0,0,0
6489,0,0,0
53166,0,0,0
258992,0,0,0
279794,0,0,0
59263,0,0,0
209123,0,0,0
24113,0,0,0
396962,0,0,0
197304,0,0,0
357061,0,0,0
411362,0,0,0
268734,0,0,0
176861,0,0,0
180568,0,0,0
79137,0,0,0
218809,0,0,0
182557,0,0,0
25892,0,0,0
34635,0,0,0
12639,0,0,0
149135,0,0,0
269162,0,0,0
166506,0,0,0
393283,0,0,0
87041,0,0,0
250813,0,0,0
158263,0,0,0
317909,0,0,0
241583,0,0,0
70323,0,0,0
32408,0,0,0
135003,0,0,0
287932,0,0,0
129221,0,0,0
367158,0,0,0
142926,0,0,0
203307,0,0,0
398089,0,0,0
48397,0,0,0
255933,0,0,0
33477,0,0,0
281402,0,0,0
107946,0,0,0
324970,0,0,0
27423,0,0,0
27217,0,0,0
323666,0,0,0
379467,0,0,0
75669,0,0,0
322653,0,0,0
305458,0,0,0
58071,0,0,0
193254,0,0,0
159995,0,0,0
23689,0,0,0
126216,0,0,0
65789,0,0,0
387032,0,0,0
188262,0,0,0
403998,0,0,0
33833,0,0,0
307688,0,0,0
353141,0,0,0
367380,0,0,0
272855,0,0,0
49565,0,0,0
63668,0,0,0
358394,0,0,0
1244,0,0,0
242315,0,0,0
294240,0,0,0
129236,0,0,0
333150,0,0,0
18287,0,0,0
4686,0,0,0
41002,0,0,0
390410,0,0,0
392463,0,0,0
263565,0,0,0
370005,0,0,0
264859,0,0,0
198977,0,0,0
207992,0,0,0
396442,0,0,0
16450,0,0,0
206354,0,0,0
74904,0,0,0
408532,0,0,0
344870,0,0,0
154398,0,0,0
299630,0,0,0
225818,0,0,0
275321,0,0,0
19494,0,0,0
376697,0,0,0
192275,0,0,0
278906,0,0,0
317977,0,0,0
83495,0,0,0
177192,0,0,0
246835,0,0,0
231337,0,0,0
403007,0,0,0
24447,0,0,0
269865,0,0,0
140667,0,0,0
304692,0,0,0
32625,0,0,0
11366,0,0,0
104969,0,0,0
240038,0,0,0
206051,0,0,0
386526,0,0,0
243263,0,0,0
333286,0,0,0
135134,0,0,0
75407,0,0,0
273300,0,0,0
46449,0,0,0
299009,0,0,0
69528,0,0,0
265348,0,0,0
231650,0,0,0
207493,0,0,0
352770,0,0,0
202105,0,0,0
24847,0,0,0
213194,0,0,0
79275,0,0,0
308847,0,0,0
289364,0,0,0
24690,0,0,0
174365,0,0,0
166614,0,0,0
323885,0,0,0
195794,0,0,0
272468,0,0,0
274795,0,0,0
211843,0,0,0
330275,0,0,0
135342,0,0,0
86322,0,0,0
137650,0,0,0
107398,0,0,0
321910,0,0,0
322060,0,0,0
63137,0,0,0
79180,0,0,0
296084,0,0,0
406993,0,0,0
236878,0,0,0
256377,0,0,0
400707,0,0,0
154890,0,0,0
224801,0,0,0
366636,0,0,0
26776,0,0,0
259657,0,0,0
108863,0,0,0
393085,0,0,0
169805,0,0,0
241069,0,0,0
155415,0,0,0
337958,0,0,0
277754,0,0,0
291101,0,0,0
166395,0,0,0
211926,0,0,0
32241,0,0,0
371063,0,0,0
291364,0,0,0
35164,0,0,0
238504,0,0,0
30949,0,0,0
127922,0,0,0
14614,0,0,0
110390,0,0,0
235182,0,0,0
66378,0,0,0
197910,0,0,0
346562,0,0,0
348033,0,0,0
151543,0,0,0
364752,0,0,0
304941,0,0,0
227268,0,0,0
335431,0,0,0
241057,0,0,0
63977,0,0,0
77813,0,0,0
51010,0,0,0
100573,0,0,0
15294,0,0,0
339527,0,0,0
359505,0,0,0
299304,0,0,0
238242,0,0,0
238074,0,0,0
365608,0,0,0
380391,0,0,0
96201,0,0,0
12327,0,0,0
217142,0,0,0
14368,0,0,0
123451,0,0,0
77916,0,0,0
381077,0,0,0
384002,0,0,0
367609,0,0,0
157799,0,0,0
280858,0,0,0
63893,0,0,0
163521,0,0,0
291859,0,0,0
15824,0,0,0
96233,0,0,0
130424,0,0,0
49956,0,0,0
164293,0,0,0
25348,0,0,0
39779,0,0,0
199150,0,0,0
167646,0,0,0
230105,0,0,0
152326,0,0,0
264453,0,0,0
99007,0,0,0
187406,0,0,0
86508,0,0,0
259409,0,0,0
141666,0,0,0
394979,0,0,0
29954,0,0,0
390302,0,0,0
269301,0,0,0
6911,0,0,0
400192,0,0,0
141914,0,0,0
373868,0,0,0
103399,0,0,0
285046,0,0,0
85004,0,0,0
34432,0,0,0
146183,0,0,0
50488,0,0,0
329588,0,0,0
111647,0,0,0
369192,0,0,0
242925,0,0,0
361404,0,0,0
218390,0,0,0
151998,0,0,0
189684,0,0,0
357748,0,0,0
392692,0,0,0
94247,0,0,0
149812,0,0,0
354618,0,0,0
316672,0,0,0
282760,0,0,0
226171,0,0,0
134681,0,0,0
181936,0,0,0
149756,0,0,0
305521,0,0,0
352077,0,0,0
203567,0,0,0
17246,0,0,0
369816,0,0,0
246252,0,0,0
281237,0,0,0
373834,0,0,0
315219,0,0,0
292673,0,0,0
107658,0,0,0
322629,0,0,0
155922,0,0,0
386996,0,0,0
79040,0,0,0
407104,0,0,0
18762,0,0,0
106588,0,0,0
207936,0,0,0
246077,0,0,0
31529,0,0,0
53206,0,0,0
105866,0,0,0
164178,0,0,0
364097,0,0,0
251176,0,0,0
129436,0,0,0
171966,0,0,0
342629,0,0,0
352782,0,0,0
35761,0,0,0
211967,0,0,0
25318,0,0,0
99361,0,0,0
192830,0,0,0
121244,0,0,0
109639,0,0,0
164170,0,0,0
33649,0,0,0
406283,0,0,0
118826,0,0,0
259012,0,0,0
110223,0,0,0
186629,0,0,0
223735,0,0,0
118960,0,0,0
118200,0,0,0
389806,0,0,0
268369,0,0,0
104973,0,0,0
380141,0,0,0
368236,0,0,0
373001,0,0,0
330472,0,0,0
187153,0,0,0
249250,0,0,0
238311,0,0,0
161152,0,0,0
126711,0,0,0
399542,0,0,0
267210,0,0,0
242953,0,0,0
106274,0,0,0
126517,0,0,0
386179,0,0,0
410863,0,0,0
337704,0,0,0
355040,0,0,0
24111,0,0,0
177148,0,0,0
219890,0,0,0
146398,0,0,0
163427,0,0,0
272918,0,0,0
187653,0,0,0
397057,0,0,0
152775,0,0,0
129869,0,0,0
138955,0,0,0
289936,0,0,0
81969,0,0,0
115248,0,0,0
335883,0,0,0
348272,0,0,0
268188,0,0,0
32214,0,0,0
245705,0,0,0
311793,0,0,0
12666,0,0,0
194227,0,0,0
280955,0,0,0
226120,0,0,0
44470,0,0,0
209994,0,0,0
388978,0,0,0
301020,0,0,0
84167,0,0,0
316505,0,0,0
103093,0,0,0
205013,0,0,0
218525,0,0,0
54641,0,0,0
341122,0,0,0
72757,0,0,0
333527,0,0,0
320133,0,0,0
389949,0,0,0
389497,0,0,0
282683,0,0,0
263104,0,0,0
111986,0,0,0
309158,0,0,0
250498,0,0,0
68686,0,0,0
282836,0,0,0
274696,0,0,0
29139,0,0,0
352625,0,0,0
161485,0,0,0
319430,0,0,0
308593,0,0,0
14876,0,0,0
320189,0,0,0
358610,0,0,0
74121,0,0,0
191082,0,0,0
361463,0,0,0
362058,0,0,0
323047,0,0,0
13696,0,0,0
265587,0,0,0
139995,0,0,0
43291,0,0,0
81810,0,0,0
20841,0,0,0
101884,0,0,0
395809,0,0,0
289132,0,0,0
99227,0,0,0
287496,0,0,0
248347,0,0,0
57778,0,0,0
267661,0,0,0
301620,0,0,0
223560,0,0,0
371611,0,0,0
299347,0,0,0
333353,0,0,0
388902,0,0,0
198335,0,0,0
36010,0,0,0
302571,0,0,0
267615,0,0,0
198648,0,0,0
158196,0,0,0
102193,0,0,0
399384,0,0,0
128081,0,0,0
345959,0,0,0
352640,0,0,0
87083,0,0,0
85450,0,0,0
71844,0,0,0
68305,0,0,0
274394,0,0,0
171087,0,0,0
167262,0,0,0
269026,0,0,0
322313,0,0,0
78490,0,0,0
250338,0,0,0
300710,0,0,0
265641,0,0,0
407580,0,0,0
223369,0,0,0
97341,0,0,0
201343,0,0,0
190267,0,0,0
123445,0,0,0
101869,0,0,0
59825,0,0,0
217200,0,0,0
35961,0,0,0
196668,0,0,0
82756,0,0,0
305297,0,0,0
307421,0,0,0
115752,0,0,0
145868,0,0,0
332659,0,0,0
95354,0,0,0
321403,0,0,0
47073,0,0,0
53922,0,0,0
124292,0,0,0
72414,0,0,0
207500,0,0,0
231448,0,0,0
321237,0,0,0
314402,0,0,0
397923,0,0,0
235729,0,0,0
147442,0,0,0
267704,0,0,0
285152,0,0,0
74621,0,0,0
280364,0,0,0
357149,0,0,0
188609,0,0,0
126423,0,0,0
402662,0,0,0
94740,0,0,0
206753,0,0,0
121084,0,0,0
158789,0,0,0
222963,0,0,0
58581,0,0,0
98066,0,0,0
247983,0,0,0
248521,0,0,0
244753,0,0,0
409400,0,0,0
319160,0,0,0
167390,0,0,0
120059,0,0,0
123243,0,0,0
285268,0,0,0
104164,0,0,0
13260,0,0,0
83773,0,0,0
60794,0,0,0
249189,0,0,0
152053,0,0,0
340148,0,0,0
106868,0,0,0
340923,0,0,0
83358,0,0,0
403598,0,0,0
49861,0,0,0
222117,0,0,0
262347,0,0,0
84406,0,0,0
352632,0,0,0
260004,0,0,0
83568,0,0,0
184301,0,0,0
113801,0,0,0
159195,0,0,0
86521,0,0,0
204858,0,0,0
309658,0,0,0
193389,0,0,0
275411,0,0,0
66602,0,0,0
353156,0,0,0
185654,0,0,0
282651,0,0,0
46545,0,0,0
172783,0,0,0
315501,0,0,0
224242,0,0,0
80920,0,0,0
17759,0,0,0
239055,0,0,0
311957,0,0,0
218344,0,0,0
97723,0,0,0
271554,0,0,0
108558,0,0,0
377595,0,0,0
399154,0,0,0
248350,0,0,0
173835,0,0,0
282018,0,0,0
327214,0,0,0
94651,0,0,0
164619,0,0,0
327709,0,0,0
200116,0,0,0
361184,0,0,0
85044,0,0,0
210900,0,0,0
14757,0,0,0
352661,0,0,0
324749,0,0,0
219292,0,0,0
289653,0,0,0
323342,0,0,0
82032,0,0,0
302046,0,0,0
248830,0,0,0
242951,0,0,0
408111,0,0,0
116836,0,0,0
17923,0,0,0
89739,0,0,0
249605,0,0,0
289722,0,0,0
55801,0,0,0
233079,0,0,0
334341,0,0,0
1232,0,0,0
215514,0,0,0
189321,0,0,0
194831,0,0,0
15935,0,0,0
105987,0,0,0
315961,0,0,0
274164,0,0,0
354578,0,0,0
145160,0,0,0
27534,0,0,0
332286,0,0,0
231457,0,0,0
170769,0,0,0
107029,0,0,0
406606,0,0,0
390805,0,0,0
216624,0,0,0
172304,0,0,0
234583,0,0,0
379940,0,0,0
203712,0,0,0
364450,0,0,0
20877,0,0,0
355644,0,0,0
36733,0,0,0
10891,0,0,0
369748,0,0,0
365222,0,0,0
1046,0,0,0
31749,0,0,0
165008,0,0,0
232976,0,0,0
158150,0,0,0
263171,0,0,0
177964,0,0,0
189455,0,0,0
410255,0,0,0
48539,0,0,0
166834,0,0,0
379719,0,0,0
309049,0,0,0
136862,0,0,0
196794,0,0,0
253682,0,0,0
86776,0,0,0
138570,0,0,0
397773,0,0,0
313194,0,0,0
101265,0,0,0
216444,0,0,0
304059,0,0,0
127088,0,0,0
144184,0,0,0
142847,0,0,0
108284,0,0,0
351725,0,0,0
333320,0,0,0
263073,0,0,0
65755,0,0,0
219142,0,0,0
20218,0,0,0
138271,0,0,0
370406,0,0,0
84850,0,0,0
349126,0,0,0
41137,0,0,0
86998,0,0,0
393860,0,0,0
22339,0,0,0
158264,0,0,0
208285,0,0,0
37847,0,0,0
99241,0,0,0
351926,0,0,0
227723,0,0,0
196743,0,0,0
360508,0,0,0
221996,0,0,0
105334,0,0,0
384849,0,0,0
177252,0,0,0
116123,0,0,0
128629,0,0,0
27782,0,0,0
293070,0,0,0
252081,0,0,0
86953,0,0,0
68103,0,0,0
224313,0,0,0
96565,0,0,0
29491,0,0,0
82236,0,0,0
362212,0,0,0
41388,0,0,0
81998,0,0,0
52413,0,0,0
311050,0,0,0
248464,0,0,0
220338,0,0,0
263184,0,0,0
164824,0,0,0
340866,0,0,0
283072,0,0,0
113282,0,0,0
23915,0,0,0
323458,0,0,0
177625,0,0,0
318435,0,0,0
216563,0,0,0
184670,0,0,0
275850,0,0,0
92968,0,0,0
181536,0,0,0
198850,0,0,0
199433,0,0,0
307805,0,0,0
155012,0,0,0
177024,0,0,0
139444,0,0,0
169160,0,0,0
117396,0,0,0
239878,0,0,0
337640,0,0,0
406954,0,0,0
4158,0,0,0
36422,0,0,0
299384,0,0,0
233250,0,0,0
377285,0,0,0
253055,0,0,0
391676,0,0,0
275631,0,0,0
388528,0,0,0
46460,0,0,0
283241,0,0,0
292896,0,0,0
244806,0,0,0
347458,0,0,0
85342,0,0,0
72239,0,0,0
2584,0,0,0
307615,0,0,0
59515,0,0,0
20516,0,0,0
348288,0,0,0
96538,0,0,0
344463,0,0,0
225234,0,0,0
130722,0,0,0
239464,0,0,0
398196,0,0,0
128161,0,0,0
368666,0,0,0
146482,0,0,0
237780,0,0,0
112845,0,0,0
394780,0,0,0
186375,0,0,0
292639,0,0,0
98228,0,0,0
97959,0,0,0
124041,0,0,0
319698,0,0,0
331112,0,0,0
176334,0,0,0
171189,0,0,0
144981,0,0,0
160105,0,0,0
4547,0,0,0
194411,0,0,0
131809,0,0,0
232220,0,0,0
372653,0,0,0
12092,0,0,0
134262,0,0,0
216191,0,0,0
96237,0,0,0
247300,0,0,0
188843,0,0,0
380327,0,0,0
370626,0,0,0
136230,0,0,0
163267,0,0,0
286422,0,0,0
137119,0,0,0
224438,0,0,0
393566,0,0,0
154695,0,0,0
38136,0,0,0
28630,0,0,0
64819,0,0,0
346503,0,0,0
148598,0,0,0
406765,0,0,0
367163,0,0,0
345039,0,0,0
361133,0,0,0
208271,0,0,0
58054,0,0,0
167897,0,0,0
289818,0,0,0
103835,0,0,0
381182,0,0,0
205621,0,0,0
114762,0,0,0
342067,0,0,0
177062,0,0,0
45611,0,0,0
270377,0,0,0
378846,0,0,0
93472,0,0,0
135371,0,0,0
172065,0,0,0
266535,0,0,0
294759,0,0,0
308185,0,0,0
118821,0,0,0
393041,0,0,0
167326,0,0,0
5113,0,0,0
392587,0,0,0
344404,0,0,0
88424,0,0,0
301553,0,0,0
128331,0,0,0
217136,0,0,0
145751,0,0,0
277691,0,0,0
80123,0,0,0
188531,0,0,0
220199,0,0,0
31431,0,0,0
133849,0,0,0
115030,0,0,0
9313,0,0,0
152610,0,0,0
73375,0,0,0
396178,0,0,0
392516,0,0,0
73337,0,0,0
388796,0,0,0
50243,0,0,0
350119,0,0,0
301780,0,0,0
374146,0,0,0
98451,0,0,0
103866,0,0,0
242034,0,0,0
345178,0,0,0
215621,0,0,0
65751,0,0,0
36227,0,0,0
315635,0,0,0
10374,0,0,0
41437,0,0,0
313823,0,0,0
400403,0,0,0
337085,0,0,0
270351,0,0,0
196969,0,0,0
168554,0,0,0
139802,0,0,0
114582,0,0,0
358366,0,0,0
42262,0,0,0
348133,0,0,0
229271,0,0,0
51998,0,0,0
103473,0,0,0
375723,0,0,0
165715,0,0,0
161919,0,0,0
343536,0,0,0
121367,0,0,0
149753,0,0,0
160661,0,0,0
74658,0,0,0
2346,0,0,0
176168,0,0,0
229297,0,0,0
99,0,0,0
150486,0,0,0
162805,0,0,0
361425,0,0,0
285458,0,0,0
32989,0,0,0
326479,0,0,0
339525,0,0,0
214035,0,0,0
295142,0,0,0
334525,0,0,0
323913,0,0,0
403850,0,0,0
149345,0,0,0
327762,0,0,0
131233,0,0,0
400039,0,0,0
215653,0,0,0
188504,0,0,0
309515,0,0,0
235426,0,0,0
146947,0,0,0
110785,0,0,0
339731,0,0,0
96430,0,0,0
123817,0,0,0
151068,0,0,0
298567,0,0,0
2250,0,0,0
240257,0,0,0
327962,0,0,0
86563,0,0,0
393199,0,0,0
16767,0,0,0
122077,0,0,0
349978,0,0,0
299820,0,0,0
365627,0,0,0
266549,0,0,0
80351,0,0,0
263613,0,0,0
397568,0,0,0
147058,0,0,0
124704,0,0,0
340768,0,0,0
38818,0,0,0
86670,0,0,0
172958,0,0,0
232013,0,0,0
73713,0,0,0
84222,0,0,0
368214,0,0,0
387570,0,0,0
392188,0,0,0
410299,0,0,0
290235,0,0,0
408979,0,0,0
360548,0,0,0
220475,0,0,0
118450,0,0,0
88265,0,0,0
117691,0,0,0
253921,0,0,0
410841,0,0,0
188568,0,0,0
26143,0,0,0
303692,0,0,0
396008,0,0,0
259100,0,0,0
155021,0,0,0
214147,0,0,0
131714,0,0,0
128770,0,0,0
281169,0,0,0
379289,0,0,0
227395,0,0,0
327085,0,0,0
112740,0,0,0
61016,0,0,0
262481,0,0,0
352383,0,0,0
52258,0,0,0
245007,0,0,0
52754,0,0,0
343460,0,0,0
297212,0,0,0
306862,0,0,0
114579,0,0,0
289322,0,0,0
180025,0,0,0
331828,0,0,0
167132,0,0,0
162176,0,0,0
386250,0,0,0
125432,0,0,0
200480,0,0,0
44224,0,0,0
332060,0,0,0
79861,0,0,0
33801,0,0,0
228716,0,0,0
318255,0,0,0
138878,0,0,0
98183,0,0,0
164880,0,0,0
366860,0,0,0
53008,0,0,0
65043,0,0,0
228126,0,0,0
140724,0,0,0
165967,0,0,0
331092,0,0,0
114050,0,0,0
236335,0,0,0
302685,0,0,0
380319,0,0,0
187333,0,0,0
283496,0,0,0
186582,0,0,0
40198,0,0,0
113717,0,0,0
60838,0,0,0
165607,0,0,0
329054,0,0,0
100373,0,0,0
323648,0,0,0
6808,0,0,0
276962,0,0,0
236205,0,0,0
101421,0,0,0
401795,0,0,0
140625,0,0,0
162254,0,0,0
25663,0,0,0
219777,0,0,0
17342,0,0,0
27420,0,0,0
97997,0,0,0
255987,0,0,0
112236,0,0,0
200062,0,0,0
116233,0,0,0
110442,0,0,0
377982,0,0,0
217966,0,0,0
317862,0,0,0
43424,0,0,0
70299,0,0,0
321798,0,0,0
175132,0,0,0
217287,0,0,0
264018,0,0,0
251053,0,0,0
130195,0,0,0
29723,0,0,0
370839,0,0,0
50362,0,0,0
233429,0,0,0
369160,0,0,0
92612,0,0,0
309064,0,0,0
340867,0,0,0
163298,0,0,0
121693,0,0,0
339242,0,0,0
306307,0,0,0
211830,0,0,0
58391,0,0,0
181806,0,0,0
1023,0,0,0
184456,0,0,0
30729,0,0,0
335909,0,0,0
127666,0,0,0
115096,0,0,0
332617,0,0,0
17229,0,0,0
21540,0,0,0
185706,0,0,0
356767,0,0,0
93869,0,0,0
243229,0,0,0
65757,0,0,0
247420,0,0,0
334990,0,0,0
361551,0,0,0
277751,0,0,0
20,0,0,0
25404,0,0,0
133376,0,0,0
145272,0,0,0
264872,0,0,0
221101,0,0,0
398340,0,0,0
67176,0,0,0
392302,0,0,0
346655,0,0,0
135653,0,0,0
395714,0,0,0
236192,0,0,0
26600,0,0,0
322474,0,0,0
71307,0,0,0
307445,0,0,0
240766,0,0,0
79778,0,0,0
381442,0,0,0
128776,0,0,0
369120,0,0,0
161353,0,0,0
27954,0,0,0
395799,0,0,0
404541,0,0,0
94791,0,0,0
186865,0,0,0
58756,0,0,0
205805,0,0,0
243100,0,0,0
153984,0,0,0
403509,0,0,0
397462,0,0,0
301476,0,0,0
24994,0,0,0
280491,0,0,0
131934,0,0,0
79452,0,0,0
274386,0,0,0
258876,0,0,0
365842,0,0,0
223197,0,0,0
29448,0,0,0
169569,0,0,0
252251,0,0,0
240139,0,0,0
240617,0,0,0
187871,0,0,0
402336,0,0,0
44652,0,0,0
359320,0,0,0
276585,0,0,0
265854,0,0,0
137905,0,0,0
296723,0,0,0
158868,0,0,0
137360,0,0,0
180729,0,0,0
155891,0,0,0
284437,0,0,0
318721,0,0,0
296489,0,0,0
30439,0,0,0
264044,0,0,0
82738,0,0,0
84564,0,0,0
233613,0,0,0
293273,0,0,0
321417,0,0,0
59347,0,0,0
329872,0,0,0
269129,0,0,0
164567,0,0,0
212930,0,0,0
185331,0,0,0
264552,0,0,0
305347,0,0,0
244182,0,0,0
36828,0,0,0
255625,0,0,0
265763,0,0,0
222101,0,0,0
71726,0,0,0
245651,0,0,0
382068,0,0,0
217843,0,0,0
71758,0,0,0
194383,0,0,0
327566,0,0,0
86144,0,0,0
22505,0,0,0
206454,0,0,0
93739,0,0,0
179450,0,0,0
322770,0,0,0
409157,0,0,0
170545,0,0,0
233318,0,0,0
3128,0,0,0
190797,0,0,0
120150,0,0,0
114935,0,0,0
261352,0,0,0
370244,0,0,0
398493,0,0,0
329962,0,0,0
306196,0,0,0
371202,0,0,0
127742,0,0,0
59948,0,0,0
340716,0,0,0
292031,0,0,0
361140,0,0,0
311583,0,0,0
46904,0,0,0
266331,0,0,0
121457,0,0,0
43327,0,0,0
102518,0,0,0
302054,0,0,0
335775,0,0,0
376519,0,0,0
39318,0,0,0
124845,0,0,0
301136,0,0,0
396318,0,0,0
231360,0,0,0
275983,0,0,0
94514,0,0,0
176531,0,0,0
56078,0,0,0
328411,0,0,0
30025,0,0,0
383175,0,0,0
61472,0,0,0
181334,0,0,0
85931,0,0,0
99248,0,0,0
219105,0,0,0
110725,0,0,0
286334,0,0,0
386556,0,0,0
354681,0,0,0
86480,0,0,0
18457,0,0,0
10348,0,0,0
249484,0,0,0
12920,0,0,0
80852,0,0,0
319029,0,0,0
180275,0,0,0
254329,0,0,0
315148,0,0,0
29240,0,0,0
131100,0,0,0
90547,0,0,0
7908,0,0,0
274689,0,0,0
321289,0,0,0
42531,0,0,0
89689,0,0,0
114983,0,0,0
52101,0,0,0
239931,0,0,0
225276,0,0,0
3875,0,0,0
96135,0,0,0
21968,0,0,0
107134,0,0,0
379177,0,0,0
86875,0,0,0
379991,0,0,0
199371,0,0,0
283664,0,0,0
263342,0,0,0
264533,0,0,0
111975,0,0,0
316280,0,0,0
13053,0,0,0
123969,0,0,0
256511,0,0,0
396424,0,0,0
335322,0,0,0
41399,0,0,0
185900,0,0,0
238555,0,0,0
140543,0,0,0
347324,0,0,0
145156,0,0,0
377956,0,0,0
25356,0,0,0
170425,0,0,0
278772,0,0,0
178327,0,0,0
275962,0,0,0
286039,0,0,0
24266,0,0,0
33770,0,0,0
260231,0,0,0
370532,0,0,0
357709,0,0,0
327336,0,0,0
313798,0,0,0
235203,0,0,0
275280,0,0,0
131984,0,0,0
69155,0,0,0
386352,0,0,0
77404,0,0,0
46529,0,0,0
152074,0,0,0
225224,0,0,0
212058,0,0,0
161558,0,0,0
296636,0,0,0
152882,0,0,0
236077,0,0,0
159365,0,0,0
90077,0,0,0
367112,0,0,0
2093,0,0,0
406622,0,0,0
83760,0,0,0
74230,0,0,0
240946,0,0,0
286184,0,0,0
363173,0,0,0
228624,0,0,0
408730,0,0,0
36068,0,0,0
380666,0,0,0
177413,0,0,0
197044,0,0,0
82076,0,0,0
284693,0,0,0
92927,0,0,0
213243,0,0,0
182028,0,0,0
251154,0,0,0
212665,0,0,0
242258,0,0,0
312455,0,0,0
96083,0,0,0
149003,0,0,0
155994,0,0,0
117868,0,0,0
378789,0,0,0
164748,0,0,0
20611,0,0,0
319618,0,0,0
176436,0,0,0
224983,0,0,0
240783,0,0,0
222555,0,0,0
212275,0,0,0
173950,0,0,0
59565,0,0,0
376443,0,0,0
212243,0,0,0
391533,0,0,0
187266,0,0,0
257866,0,0,0
321594,0,0,0
241985,0,0,0
37332,0,0,0
206189,0,0,0
126965,0,0,0
323563,0,0,0
63068,0,0,0
128100,0,0,0
225323,0,0,0
227914,0,0,0
85323,0,0,0
106599,0,0,0
110218,0,0,0
15164,0,0,0
160990,0,0,0
17264,0,0,0
40215,0,0,0
183347,0,0,0
148415,0,0,0
83898,0,0,0
409019,0,0,0
169924,0,0,0
156083,0,0,0
92948,0,0,0
96510,0,0,0
300636,0,0,0
251334,0,0,0
216557,0,0,0
138978,0,0,0
108330,0,0,0
268125,0,0,0
22082,0,0,0
49704,0,0,0
256509,0,0,0
195624,0,0,0
116746,0,0,0
83620,0,0,0
228958,0,0,0
97991,0,0,0
404447,0,0,0
61361,0,0,0
342123,0,0,0
366421,0,0,0
407041,0,0,0
142360,0,0,0
103954,0,0,0
103075,0,0,0
156734,0,0,0
329100,0,0,0
362789,0,0,0
229051,0,0,0
97095,0,0,0
35882,0,0,0
403605,0,0,0
284522,0,0,0
2880,0,0,0
145547,0,0,0
184316,0,0,0
68552,0,0,0
167284,0,0,0
186957,0,0,0
405808,0,0,0
184524,0,0,0
217100,0,0,0
248204,0,0,0
390733,0,0,0
92384,0,0,0
312537,0,0,0
265807,0,0,0
275256,0,0,0
183715,0,0,0
340183,0,0,0
252779,0,0,0
21889,0,0,0
109064,0,0,0
15701,0,0,0
94496,0,0,0
210412,0,0,0
252692,0,0,0
198684,0,0,0
115198,0,0,0
116053,0,0,0
332751,0,0,0
406955,0,0,0
397261,0,0,0
282199,0,0,0
50253,0,0,0
229878,0,0,0
321205,0,0,0
128097,0,0,0
307271,0,0,0
311887,0,0,0
111259,0,0,0
205512,0,0,0
100824,0,0,0
253375,0,0,0
32097,0,0,0
83467,0,0,0
204658,0,0,0
160668,0,0,0
59340,0,0,0
390405,0,0,0
133919,0,0,0
372977,0,0,0
397909,0,0,0
197299,0,0,0
380493,0,0,0
79544,0,0,0
331230,0,0,0
242321,0,0,0
61290,0,0,0
318443,0,0,0
192857,0,0,0
67577,0,0,0
36224,0,0,0
318893,0,0,0
218694,0,0,0
132346,0,0,0
245068,0,0,0
276650,0,0,0
178181,0,0,0
350147,0,0,0
358147,0,0,0
359305,0,0,0
44535,0,0,0
28744,0,0,0
152836,0,0,0
203648,0,0,0
381184,0,0,0
295588,0,0,0
68040,0,0,0
214174,0,0,0
353604,0,0,0
407795,0,0,0
150043,0,0,0
98140,0,0,0
82714,0,0,0
116167,0,0,0
238780,0,0,0
225557,0,0,0
156511,0,0,0
369925,0,0,0
91223,0,0,0
107101,0,0,0
120261,0,0,0
361145,0,0,0
195295,0,0,0
344221,0,0,0
136887,0,0,0
144987,0,0,0
151837,0,0,0
11793,0,0,0
80418,0,0,0
29439,0,0,0
55603,0,0,0
88472,0,0,0
63897,0,0,0
224868,0,0,0
71801,0,0,0
23122,0,0,0
322987,0,0,0
374643,0,0,0
129717,0,0,0
2286,0,0,0
5376,0,0,0
301318,0,0,0
293322,0,0,0
353805,0,0,0
168139,0,0,0
373241,0,0,0
315619,0,0,0
142033,0,0,0
97092,0,0,0
247444,0,0,0
267847,0,0,0
60168,0,0,0
100543,0,0,0
22042,0,0,0
136303,0,0,0
361476,0,0,0
236225,0,0,0
336727,0,0,0
175149,0,0,0
356589,0,0,0
289451,0,0,0
217009,0,0,0
200647,0,0,0
93830,0,0,0
410285,0,0,0
315067,0,0,0
260445,0,0,0
404666,0,0,0
55298,0,0,0
80808,0,0,0
98737,0,0,0
359895,0,0,0
69072,0,0,0
109084,0,0,0
411043,0,0,0
406006,0,0,0
263606,0,0,0
157008,0,0,0
145651,0,0,0
390315,0,0,0
332042,0,0,0
179414,0,0,0
124848,0,0,0
284805,0,0,0
124267,0,0,0
389681,0,0,0
161124,0,0,0
13292,0,0,0
248987,0,0,0
381322,0,0,0
136029,0,0,0
292539,0,0,0
224284,0,0,0
265326,0,0,0
184989,0,0,0
139859,0,0,0
284341,0,0,0
336374,0,0,0
243187,0,0,0
218900,0,0,0
184363,0,0,0
182980,0,0,0
392269,0,0,0
184718,0,0,0
195366,0,0,0
159396,0,0,0
172994,0,0,0
10637,0,0,0
19347,0,0,0
300183,0,0,0
233492,0,0,0
254212,0,0,0
235452,0,0,0
312459,0,0,0
296516,0,0,0
359554,0,0,0
95086,0,0,0
50826,0,0,0
208764,0,0,0
281168,0,0,0
124320,0,0,0
238290,0,0,0
178713,0,0,0
7605,0,0,0
187842,0,0,0
294586,0,0,0
219538,0,0,0
101937,0,0,0
105147,0,0,0
236763,0,0,0
55424,0,0,0
106077,0,0,0
404951,0,0,0
179825,0,0,0
61470,0,0,0
351110,0,0,0
245583,0,0,0
261928,0,0,0
321212,0,0,0
172658,0,0,0
162979,0,0,0
82547,0,0,0
28259,0,0,0
361636,0,0,0
47188,0,0,0
50698,0,0,0
321848,0,0,0
193959,0,0,0
338028,0,0,0
338059,0,0,0
134015,0,0,0
9181,0,0,0
215688,0,0,0
32472,0,0,0
332305,0,0,0
264259,0,0,0
12180,0,0,0
361843,0,0,0
329910,0,0,0
945,0,0,0
401443,0,0,0
335468,0,0,0
327097,0,0,0
167480,0,0,0
29107,0,0,0
15783,0,0,0
14445,0,0,0
149821,0,0,0
244112,0,0,0
339387,0,0,0
407167,0,0,0
385655,0,0,0
68154,0,0,0
189001,0,0,0
377416,0,0,0
233849,0,0,0
240225,0,0,0
372086,0,0,0
262428,0,0,0
292646,0,0,0
111330,0,0,0
325445,0,0,0
152684,0,0,0
208278,0,0,0
293402,0,0,0
39166,0,0,0
52203,0,0,0
329811,0,0,0
234174,0,0,0
240332,0,0,0
48057,0,0,0
213380,0,0,0
303214,0,0,0
128405,0,0,0
343324,0,0,0
334051,0,0,0
297492,0,0,0
234933,0,0,0
65243,0,0,0
126667,0,0,0
42451,0,0,0
395098,0,0,0
410811,0,0,0
239175,0,0,0
30262,0,0,0
321492,0,0,0
114812,0,0,0
235025,0,0,0
157000,0,0,0
381378,0,0,0
364033,0,0,0
7113,0,0,0
52070,0,0,0
190304,0,0,0
108688,0,0,0
253196,0,0,0
115580,0,0,0
303687,0,0,0
346867,0,0,0
397578,0,0,0
39363,0,0,0
214389,0,0,0
285182,0,0,0
164105,0,0,0
239991,0,0,0
38412,0,0,0
129160,0,0,0
184672,0,0,0
79958,0,0,0
58099,0,0,0
13083,0,0,0
282385,0,0,0
95932,0,0,0
90245,0,0,0
336337,0,0,0
97196,0,0,0
266504,0,0,0
61665,0,0,0
102541,0,0,0
186381,0,0,0
271721,0,0,0
266428,0,0,0
254125,0,0,0
386023,0,0,0
360218,0,0,0
75485,0,0,0
284871,0,0,0
17001,0,0,0
184702,0,0,0
28219,0,0,0
318904,0,0,0
310093,0,0,0
325603,0,0,0
64219,0,0,0
394720,0,0,0
204154,0,0,0
353418,0,0,0
5452,0,0,0
3554,0,0,0
107661,0,0,0
352345,0,0,0
384314,0,0,0
61704,0,0,0
83996,0,0,0
64588,0,0,0
366837,0,0,0
215458,0,0,0
23566,0,0,0
257972,0,0,0
346102,0,0,0
284401,0,0,0
227054,0,0,0
70482,0,0,0
330277,0,0,0
378959,0,0,0
84637,0,0,0
257824,0,0,0
4290,0,0,0
163279,0,0,0
352957,0,0,0
281448,0,0,0
300387,0,0,0
216650,0,0,0
261300,0,0,0
141264,0,0,0
43432,0,0,0
34083,0,0,0
129405,0,0,0
23396,0,0,0
289782,0,0,0
364690,0,0,0
138562,0,0,0
38415,0,0,0
253296,0,0,0
109879,0,0,0
389894,0,0,0
177830,0,0,0
141178,0,0,0
117045,0,0,0
57625,0,0,0
30683,0,0,0
399247,0,0,0
150221,0,0,0
130120,0,0,0
51121,0,0,0
225027,0,0,0
311507,0,0,0
13580,0,0,0
223241,0,0,0
133374,0,0,0
117922,0,0,0
203222,0,0,0
222071,0,0,0
123583,0,0,0
246384,0,0,0
19396,0,0,0
319484,0,0,0
234116,0,0,0
234470,0,0,0
166488,0,0,0
362090,0,0,0
123909,0,0,0
160968,0,0,0
361016,0,0,0
139411,0,0,0
253103,0,0,0
48321,0,0,0
329541,0,0,0
129644,0,0,0
265602,0,0,0
330307,0,0,0
219607,0,0,0
333359,0,0,0
250489,0,0,0
280568,0,0,0
263000,0,0,0
298134,0,0,0
324626,0,0,0
105995,0,0,0
170991,0,0,0
296625,0,0,0
173064,0,0,0
180099,0,0,0
241490,0,0,0
352753,0,0,0
369013,0,0,0
371311,0,0,0
301099,0,0,0
328596,0,0,0
171468,0,0,0
106433,0,0,0
127082,0,0,0
212479,0,0,0
220093,0,0,0
7376,0,0,0
19749,0,0,0
313127,0,0,0
298930,0,0,0
262898,0,0,0
151325,0,0,0
256047,0,0,0
323805,0,0,0
120517,0,0,0
377562,0,0,0
406344,0,0,0
353280,0,0,0
94946,0,0,0
183863,0,0,0
110064,0,0,0
142895,0,0,0
188044,0,0,0
324341,0,0,0
356390,0,0,0
199919,0,0,0
138678,0,0,0
69620,0,0,0
224283,0,0,0
131351,0,0,0
223019,0,0,0
212674,0,0,0
136430,0,0,0
131431,0,0,0
355670,0,0,0
278808,0,0,0
373764,0,0,0
295683,0,0,0
139782,0,0,0
375667,0,0,0
97695,0,0,0
345459,0,0,0
115416,0,0,0
382095,0,0,0
80806,0,0,0
268307,0,0,0
97785,0,0,0
228042,0,0,0
100264,0,0,0
351125,0,0,0
182489,0,0,0
208259,0,0,0
234852,0,0,0
371568,0,0,0
337029,0,0,0
64084,0,0,0
360698,0,0,0
224535,0,0,0
191835,0,0,0
303505,0,0,0
360259,0,0,0
80027,0,0,0
312958,0,0,0
5262,0,0,0
286470,0,0,0
249345,0,0,0
82698,0,0,0
316903,0,0,0
220696,0,0,0
129700,0,0,0
35825,0,0,0
323168,0,0,0
327382,0,0,0
228337,0,0,0
243878,0,0,0
97549,0,0,0
335727,0,0,0
371295,0,0,0
387257,0,0,0
121540,0,0,0
336054,0,0,0
136260,0,0,0
152753,0,0,0
74494,0,0,0
88546,0,0,0
155650,0,0,0
142101,0,0,0
410735,0,0,0
28440,0,0,0
385725,0,0,0
312686,0,0,0
408823,0,0,0
271552,0,0,0
406755,0,0,0
100919,0,0,0
66440,0,0,0
131808,0,0,0
365235,0,0,0
7004,0,0,0
22592,0,0,0
348886,0,0,0
90795,0,0,0
116443,0,0,0
117129,0,0,0
41839,0,0,0
108842,0,0,0
108385,0,0,0
41767,0,0,0
145136,0,0,0
346396,0,0,0
72753,0,0,0
162511,0,0,0
95523,0,0,0
149967,0,0,0
130268,0,0,0
42346,0,0,0
389207,0,0,0
1188,0,0,0
240660,0,0,0
133902,0,0,0
148323,0,0,0
55376,0,0,0
409817,0,0,0
161075,0,0,0
106478,0,0,0
352795,0,0,0
143902,0,0,0
331169,0,0,0
370467,0,0,0
200556,0,0,0
125819,0,0,0
177691,0,0,0
133030,0,0,0
91009,0,0,0
14580,0,0,0
7201,0,0,0
8137,0,0,0
108862,0,0,0
238657,0,0,0
337994,0,0,0
389798,0,0,0
66068,0,0,0
310129,0,0,0
78042,0,0,0
311779,0,0,0
371516,0,0,0
99435,0,0,0
64372,0,0,0
149638,0,0,0
87154,0,0,0
301304,0,0,0
259521,0,0,0
54387,0,0,0
59506,0,0,0
330781,0,0,0
332154,0,0,0
335351,0,0,0
252928,0,0,0
310308,0,0,0
269880,0,0,0
287374,0,0,0
366047,0,0,0
131055,0,0,0
41323,0,0,0
17983,0,0,0
679,0,0,0
140216,0,0,0
114040,0,0,0
64319,0,0,0
382362,0,0,0
263003,0,0,0
23686,0,0,0
283191,0,0,0
251690,0,0,0
54385,0,0,0
48674,0,0,0
297214,0,0,0
28855,0,0,0
75348,0,0,0
348869,0,0,0
320575,0,0,0
236663,0,0,0
398179,0,0,0
108494,0,0,0
203301,0,0,0
324902,0,0,0
347093,0,0,0
403699,0,0,0
335146,0,0,0
68194,0,0,0
61805,0,0,0
213516,0,0,0
190461,0,0,0
215002,0,0,0
302758,0,0,0
107269,0,0,0
367822,0,0,0
259953,0,0,0
310544,0,0,0
290279,0,0,0
343773,0,0,0
28515,0,0,0
179311,0,0,0
259260,0,0,0
371300,0,0,0
43170,0,0,0
178941,0,0,0
57374,0,0,0
323696,0,0,0
365950,0,0,0
307793,0,0,0
383573,0,0,0
162053,0,0,0
202027,0,0,0
146428,0,0,0
166708,0,0,0
299539,0,0,0
352807,0,0,0
98159,0,0,0
351764,0,0,0
159488,0,0,0
114015,0,0,0
74519,0,0,0
197682,0,0,0
356067,0,0,0
246454,0,0,0
51765,0,0,0
116783,0,0,0
408341,0,0,0
285307,0,0,0
198860,0,0,0
373983,0,0,0
341071,0,0,0
165380,0,0,0
93258,0,0,0
229694,0,0,0
91596,0,0,0
224817,0,0,0
284911,0,0,0
320176,0,0,0
390144,0,0,0
194306,0,0,0
189796,0,0,0
8362,0,0,0
98563,0,0,0
237376,0,0,0
223348,0,0,0
64852,0,0,0
332333,0,0,0
294770,0,0,0
383511,0,0,0
204726,0,0,0
103387,0,0,0
246364,0,0,0
256451,0,0,0
201848,0,0,0
365669,0,0,0
46621,0,0,0
117244,0,0,0
203414,0,0,0
172262,0,0,0
377015,0,0,0
89561,0,0,0
361111,0,0,0
16887,0,0,0
225765,0,0,0
384277,0,0,0
49424,0,0,0
316313,0,0,0
144906,0,0,0
60927,0,0,0
239761,0,0,0
343084,0,0,0
201771,0,0,0
282677,0,0,0
383507,0,0,0
176822,0,0,0
138522,0,0,0
178318,0,0,0
162718,0,0,0
342922,0,0,0
62579,0,0,0
380510,0,0,0
187310,0,0,0
37706,0,0,0
332753,0,0,0
168030,0,0,0
157065,0,0,0
116164,0,0,0
58862,0,0,0
121168,0,0,0
230140,0,0,0
135021,0,0,0
50598,0,0,0
392184,0,0,0
349935,0,0,0
68485,0,0,0
92182,0,0,0
75298,0,0,0
35044,0,0,0
65936,0,0,0
254823,0,0,0
315134,0,0,0
44510,0,0,0
318651,0,0,0
71469,0,0,0
26313,0,0,0
194093,0,0,0
17755,0,0,0
88822,0,0,0
255971,0,0,0
126259,0,0,0
299974,0,0,0
20507,0,0,0
324883,0,0,0
404191,0,0,0
308957,0,0,0
313425,0,0,0
292716,0,0,0
387267,0,0,0
389131,0,0,0
256881,0,0,0
108005,0,0,0
34043,0,0,0
177404,0,0,0
361705,0,0,0
90072,0,0,0
1464,0,0,0
229641,0,0,0
187763,0,0,0
269752,0,0,0
94425,0,0,0
314600,0,0,0
337615,0,0,0
217698,0,0,0
105564,0,0,0
333982,0,0,0
402024,0,0,0
157258,0,0,0
248764,0,0,0
291257,0,0,0
187812,0,0,0
383080,0,0,0
230617,0,0,0
60343,0,0,0
815,0,0,0
213087,0,0,0
168397,0,0,0
11374,0,0,0
374361,0,0,0
369667,0,0,0
322599,0,0,0
223052,0,0,0
250308,0,0,0
117029,0,0,0
67070,0,0,0
122057,0,0,0
175794,0,0,0
184676,0,0,0
226889,0,0,0
141962,0,0,0
272017,0,0,0
303030,0,0,0
50975,0,0,0
186158,0,0,0
241351,0,0,0
398747,0,0,0
48690,0,0,0
105799,0,0,0
354361,0,0,0
88560,0,0,0
355441,0,0,0
230466,0,0,0
125845,0,0,0
381621,0,0,0
315723,0,0,0
275093,0,0,0
23538,0,0,0
8090,0,0,0
290542,0,0,0
155295,0,0,0
237070,0,0,0
181006,0,0,0
177175,0,0,0
355405,0,0,0
86317,0,0,0
290953,0,0,0
10871,0,0,0
379937,0,0,0
395442,0,0,0
152613,0,0,0
143737,0,0,0
110884,0,0,0
186517,0,0,0
236698,0,0,0
340661,0,0,0
250491,0,0,0
401254,0,0,0
130490,0,0,0
60176,0,0,0
60726,0,0,0
101825,0,0,0
24858,0,0,0
290248,0,0,0
179573,0,0,0
249506,0,0,0
184795,0,0,0
375318,0,0,0
153091,0,0,0
20395,0,0,0
1688,0,0,0
95549,0,0,0
110402,0,0,0
5228,0,0,0
322177,0,0,0
307515,0,0,0
293216,0,0,0
262132,0,0,0
42607,0,0,0
409301,0,0,0
195351,0,0,0
277372,0,0,0
62378,0,0,0
254578,0,0,0
327733,0,0,0
296126,0,0,0
359776,0,0,0
182820,0,0,0
309643,0,0,0
250,0,0,0
225418,0,0,0
374519,0,0,0
123832,0,0,0
205715,0,0,0
118640,0,0,0
373253,0,0,0
168062,0,0,0
387308,0,0,0
355225,0,0,0
305683,0,0,0
79702,0,0,0
366917,0,0,0
316154,0,0,0
115671,0,0,0
259722,0,0,0
121307,0,0,0
233279,0,0,0
309524,0,0,0
182374,0,0,0
30607,0,0,0
99381,0,0,0
171935,0,0,0
10164,0,0,0
172234,0,0,0
150349,0,0,0
258304,0,0,0
185171,0,0,0
349379,0,0,0
370017,0,0,0
246271,0,0,0
39533,0,0,0
91384,0,0,0
201000,0,0,0
234899,0,0,0
231541,0,0,0
39495,0,0,0
272829,0,0,0
321902,0,0,0
50683,0,0,0
369849,0,0,0
151918,0,0,0
1826,0,0,0
331506,0,0,0
339998,0,0,0
227765,0,0,0
70732,0,0,0
66124,0,0,0
212991,0,0,0
228512,0,0,0
249856,0,0,0
375477,0,0,0
121247,0,0,0
196931,0,0,0
196825,0,0,0
176817,0,0,0
280469,0,0,0
97314,0,0,0
309534,0,0,0
96206,0,0,0
322712,0,0,0
169675,0,0,0
233879,0,0,0
218933,0,0,0
170185,0,0,0
147340,0,0,0
351245,0,0,0
184755,0,0,0
338851,0,0,0
11941,0,0,0
100476,0,0,0
57475,0,0,0
376804,0,0,0
4941,0,0,0
267220,0,0,0
381170,0,0,0
403217,0,0,0
362111,0,0,0
393268,0,0,0
338584,0,0,0
342645,0,0,0
125865,0,0,0
233469,0,0,0
258089,0,0,0
360332,0,0,0
74353,0,0,0
261096,0,0,0
243959,0,0,0
352817,0,0,0
98443,0,0,0
247790,0,0,0
401252,0,0,0
326132,0,0,0
264607,0,0,0
4634,0,0,0
16679,0,0,0
216196,0,0,0
87393,0,0,0
370425,0,0,0
182352,0,0,0
256853,0,0,0
235100,0,0,0
271102,0,0,0
196569,0,0,0
51400,0,0,0
370340,0,0,0
225287,0,0,0
120671,0,0,0
221591,0,0,0
53464,0,0,0
384622,0,0,0
318101,0,0,0
210075,0,0,0
341068,0,0,0
266775,0,0,0
306731,0,0,0
312217,0,0,0
343361,0,0,0
401471,0,0,0
160308,0,0,0
136523,0,0,0
408446,0,0,0
171025,0,0,0
45829,0,0,0
307403,0,0,0
251880,0,0,0
280673,0,0,0
286131,0,0,0
387979,0,0,0
367958,0,0,0
383196,0,0,0
369731,0,0,0
136283,0,0,0
57257,0,0,0
91317,0,0,0
241537,0,0,0
387943,0,0,0
158292,0,0,0
311499,0,0,0
305411,0,0,0
297809,0,0,0
75306,0,0,0
55404,0,0,0
92208,0,0,0
209023,0,0,0
271144,0,0,0
303404,0,0,0
234752,0,0,0
362210,0,0,0
260829,0,0,0
398454,0,0,0
394420,0,0,0
361809,0,0,0
210239,0,0,0
380603,0,0,0
232610,0,0,0
126250,0,0,0
205244,0,0,0
346276,0,0,0
39980,0,0,0
166612,0,0,0
143767,0,0,0
207744,0,0,0
259907,0,0,0
138232,0,0,0
44495,0,0,0
285106,0,0,0
267524,0,0,0
192178,0,0,0
346658,0,0,0
366468,0,0,0
96886,0,0,0
98303,0,0,0
129324,0,0,0
205494,0,0,0
398051,0,0,0
69114,0,0,0
43870,0,0,0
119693,0,0,0
212165,0,0,0
137281,0,0,0
295607,0,0,0
54503,0,0,0
283859,0,0,0
332872,0,0,0
131717,0,0,0
358593,0,0,0
387732,0,0,0
13426,0,0,0
51931,0,0,0
148136,0,0,0
191736,0,0,0
318142,0,0,0
243027,0,0,0
217517,0,0,0
304506,0,0,0
140743,0,0,0
37714,0,0,0
176373,0,0,0
124126,0,0,0
230123,0,0,0
321483,0,0,0
225394,0,0,0
64076,0,0,0
270058,0,0,0
93578,0,0,0
368823,0,0,0
330633,0,0,0
388649,0,0,0
200238,0,0,0
314372,0,0,0
43104,0,0,0
155682,0,0,0
94488,0,0,0
91765,0,0,0
332364,0,0,0
139345,0,0,0
390090,0,0,0
324060,0,0,0
394009,0,0,0
273567,0,0,0
5642,0,0,0
179982,0,0,0
202832,0,0,0
160233,0,0,0
181004,0,0,0
94877,0,0,0
295242,0,0,0
104259,0,0,0
211952,0,0,0
390810,0,0,0
407816,0,0,0
331148,0,0,0
329364,0,0,0
125466,0,0,0
378053,0,0,0
25424,0,0,0
306391,0,0,0
307382,0,0,0
397004,0,0,0
271790,0,0,0
277668,0,0,0
101273,0,0,0
167675,0,0,0
168518,0,0,0
154840,0,0,0
247537,0,0,0
84600,0,0,0
369240,0,0,0
45232,0,0,0
196789,0,0,0
205192,0,0,0
237450,0,0,0
42115,0,0,0
392965,0,0,0
228600,0,0,0
6343,0,0,0
23942,0,0,0
105182,0,0,0
28764,0,0,0
8007,0,0,0
328794,0,0,0
337510,0,0,0
51032,0,0,0
223054,0,0,0
91395,0,0,0
308148,0,0,0
209457,0,0,0
51078,0,0,0
262810,0,0,0
287360,0,0,0
297518,0,0,0
214272,0,0,0
121791,0,0,0
62305,0,0,0
290443,0,0,0
256833,0,0,0
358141,0,0,0
261040,0,0,0
324867,0,0,0
135599,0,0,0
198209,0,0,0
344099,0,0,0
32702,0,0,0
276587,0,0,0
401055,0,0,0
269911,0,0,0
90450,0,0,0
58154,0,0,0
369757,0,0,0
317790,0,0,0
234914,0,0,0
172312,0,0,0
251399,0,0,0
201922,0,0,0
163331,0,0,0
68613,0,0,0
184878,0,0,0
263679,0,0,0
192800,0,0,0
199261,0,0,0
289799,0,0,0
308913,0,0,0
60259,0,0,0
187690,0,0,0
88100,0,0,0
203668,0,0,0
305394,0,0,0
35385,0,0,0
69641,0,0,0
158141,0,0,0
237840,0,0,0
386131,0,0,0
207614,0,0,0
7009,0,0,0
166055,0,0,0
24950,0,0,0
171672,0,0,0
132720,0,0,0
390365,0,0,0
234660,0,0,0
200330,0,0,0
303994,0,0,0
200019,0,0,0
370589,0,0,0
185790,0,0,0
383952,0,0,0
252311,0,0,0
37618,0,0,0
145798,0,0,0
61157,0,0,0
227092,0,0,0
206067,0,0,0
402538,0,0,0
208273,0,0,0
160187,0,0,0
37466,0,0,0
113943,0,0,0
271612,0,0,0
121019,0,0,0
170196,0,0,0
313453,0,0,0
60587,0,0,0
204411,0,0,0
341637,0,0,0
383095,0,0,0
246287,0,0,0
80316,0,0,0
351327,0,0,0
222738,0,0,0
310578,0,0,0
196632,0,0,0
124638,0,0,0
5358,0,0,0
38499,0,0,0
324065,0,0,0
84804,0,0,0
291296,0,0,0
214810,0,0,0
354464,0,0,0
383639,0,0,0
404870,0,0,0
176174,0,0,0
337865,0,0,0
184327,0,0,0
320264,0,0,0
377089,0,0,0
322889,0,0,0
263733,0,0,0
222460,0,0,0
33823,0,0,0
343229,0,0,0
160621,0,0,0
211136,0,0,0
97387,0,0,0
352426,0,0,0
334030,0,0,0
148480,0,0,0
42514,0,0,0
18571,0,0,0
2556,0,0,0
295151,0,0,0
348122,0,0,0
142215,0,0,0
178386,0,0,0
381972,0,0,0
367252,0,0,0
307626,0,0,0
272133,0,0,0
241869,0,0,0
18567,0,0,0
309896,0,0,0
327847,0,0,0
71576,0,0,0
38605,0,0,0
162773,0,0,0
285628,0,0,0
228102,0,0,0
335161,0,0,0
63260,0,0,0
377604,0,0,0
120263,0,0,0
197632,0,0,0
209029,0,0,0
281569,0,0,0
220364,0,0,0
259401,0,0,0
98454,0,0,0
244044,0,0,0
225185,0,0,0
170282,0,0,0
234829,0,0,0
210263,0,0,0
147242,0,0,0
37197,0,0,0
279930,0,0,0
302642,0,0,0
336785,0,0,0
292136,0,0,0
129274,0,0,0
273867,0,0,0
384869,0,0,0
214393,0,0,0
37936,0,0,0
75676,0,0,0
215806,0,0,0
363084,0,0,0
283117,0,0,0
137093,0,0,0
199174,0,0,0
312089,0,0,0
371730,0,0,0
282926,0,0,0
163383,0,0,0
279621,0,0,0
157790,0,0,0
198581,0,0,0
278402,0,0,0
332797,0,0,0
246750,0,0,0
380620,0,0,0
80473,0,0,0
253199,0,0,0
334476,0,0,0
99936,0,0,0
269882,0,0,0
194482,0,0,0
232181,0,0,0
123676,0,0,0
27317,0,0,0
343297,0,0,0
246605,0,0,0
316825,0,0,0
129163,0,0,0
356878,0,0,0
69676,0,0,0
140286,0,0,0
155413,0,0,0
147587,0,0,0
34556,0,0,0
228122,0,0,0
42236,0,0,0
68691,0,0,0
5701,0,0,0
354164,0,0,0
38446,0,0,0
353466,0,0,0
301322,0,0,0
69083,0,0,0
339849,0,0,0
277731,0,0,0
23854,0,0,0
254030,0,0,0
42460,0,0,0
73887,0,0,0
149423,0,0,0
220609,0,0,0
50181,0,0,0
250208,0,0,0
100710,0,0,0
370921,0,0,0
348128,0,0,0
41849,0,0,0
46559,0,0,0
223733,0,0,0
232727,0,0,0
241517,0,0,0
23887,0,0,0
277574,0,0,0
144074,0,0,0
407539,0,0,0
276391,0,0,0
17311,0,0,0
146846,0,0,0
376417,0,0,0
195137,0,0,0
18005,0,0,0
146922,0,0,0
161702,0,0,0
114276,0,0,0
147651,0,0,0
52090,0,0,0
229085,0,0,0
80785,0,0,0
23588,0,0,0
137848,0,0,0
37567,0,0,0
382897,0,0,0
293105,0,0,0
362647,0,0,0
164220,0,0,0
262057,0,0,0
341033,0,0,0
107214,0,0,0
226769,0,0,0
155170,0,0,0
100175,0,0,0
302446,0,0,0
296565,0,0,0
407343,0,0,0
185578,0,0,0
206941,0,0,0
223261,0,0,0
287447,0,0,0
248788,0,0,0
145290,0,0,0
248391,0,0,0
308162,0,0,0
152670,0,0,0
164324,0,0,0
339284,0,0,0
215555,0,0,0
181176,0,0,0
278231,0,0,0
203676,0,0,0
197437,0,0,0
307723,0,0,0
303303,0,0,0
255579,0,0,0
13632,0,0,0
382110,0,0,0
106138,0,0,0
389941,0,0,0
159765,0,0,0
55847,0,0,0
169300,0,0,0
271695,0,0,0
351803,0,0,0
232537,0,0,0
264667,0,0,0
398416,0,0,0
80202,0,0,0
129918,0,0,0
367187,0,0,0
339232,0,0,0
374776,0,0,0
302154,0,0,0
70454,0,0,0
155873,0,0,0
36596,0,0,0
142504,0,0,0
4789,0,0,0
152332,0,0,0
65278,0,0,0
353948,0,0,0
92093,0,0,0
19377,0,0,0
380095,0,0,0
101298,0,0,0
89636,0,0,0
212716,0,0,0
115779,0,0,0
405376,0,0,0
394575,0,0,0
242233,0,0,0
104355,0,0,0
246028,0,0,0
385158,0,0,0
231722,0,0,0
4902,0,0,0
237009,0,0,0
202377,0,0,0
99512,0,0,0
399815,0,0,0
120503,0,0,0
100327,0,0,0
154607,0,0,0
281969,0,0,0
83147,0,0,0
300547,0,0,0
237511,0,0,0
36640,0,0,0
22162,0,0,0
286841,0,0,0
373543,0,0,0
250401,0,0,0
55749,0,0,0
366273,0,0,0
235492,0,0,0
82811,0,0,0
300970,0,0,0
312506,0,0,0
81116,0,0,0
11089,0,0,0
16561,0,0,0
162540,0,0,0
221260,0,0,0
102786,0,0,0
213115,0,0,0
206651,0,0,0
116292,0,0,0
75378,0,0,0
141098,0,0,0
406199,0,0,0
379576,0,0,0
95393,0,0,0
345901,0,0,0
133476,0,0,0
122246,0,0,0
98847,0,0,0
153811,0,0,0
311361,0,0,0
144382,0,0,0
291849,0,0,0
60605,0,0,0
103754,0,0,0
191484,0,0,0
77021,0,0,0
323292,0,0,0
154985,0,0,0
387605,0,0,0
63493,0,0,0
146823,0,0,0
49841,0,0,0
330183,0,0,0
312073,0,0,0
15355,0,0,0
346856,0,0,0
387114,0,0,0
179970,0,0,0
334567,0,0,0
367305,0,0,0
245049,0,0,0
349998,0,0,0
158647,0,0,0
401002,0,0,0
16314,0,0,0
282105,0,0,0
238664,0,0,0
3938,0,0,0
132016,0,0,0
11509,0,0,0
237750,0,0,0
287335,0,0,0
115460,0,0,0
278478,0,0,0
91511,0,0,0
335208,0,0,0
228900,0,0,0
404061,0,0,0
7287,0,0,0
81868,0,0,0
216937,0,0,0
317365,0,0,0
216782,0,0,0
71496,0,0,0
54554,0,0,0
103759,0,0,0
207994,0,0,0
77170,0,0,0
191264,0,0,0
364627,0,0,0
36017,0,0,0
75154,0,0,0
139530,0,0,0
258798,0,0,0
242210,0,0,0
47454,0,0,0
131844,0,0,0
68417,0,0,0
178035,0,0,0
92771,0,0,0
249291,0,0,0
94334,0,0,0
145986,0,0,0
66890,0,0,0
213698,0,0,0
133608,0,0,0
143395,0,0,0
360452,0,0,0
187922,0,0,0
57591,0,0,0
277099,0,0,0
143102,0,0,0
336426,0,0,0
66101,0,0,0
10207,0,0,0
172651,0,0,0
379851,0,0,0
400758,0,0,0
295562,0,0,0
366808,0,0,0
225824,0,0,0
116417,0,0,0
387224,0,0,0
67216,0,0,0
160138,0,0,0
19498,0,0,0
110126,0,0,0
310387,0,0,0
188799,0,0,0
175738,0,0,0
93837,0,0,0
193363,0,0,0
60161,0,0,0
8794,0,0,0
301327,0,0,0
305267,0,0,0
159816,0,0,0
128332,0,0,0
142846,0,0,0
293203,0,0,0
279105,0,0,0
110879,0,0,0
87521,0,0,0
289271,0,0,0
220014,0,0,0
374143,0,0,0
91520,0,0,0
345551,0,0,0
274745,0,0,0
114368,0,0,0
2493,0,0,0
91748,0,0,0
143575,0,0,0
138313,0,0,0
256811,0,0,0
151744,0,0,0
64926,0,0,0
372340,0,0,0
83660,0,0,0
337473,0,0,0
348563,0,0,0
278290,0,0,0
251001,0,0,0
166249,0,0,0
263776,0,0,0
48144,0,0,0
304284,0,0,0
173771,0,0,0
287291,0,0,0
388457,0,0,0
146381,0,0,0
269159,0,0,0
189980,0,0,0
43912,0,0,0
197861,0,0,0
339156,0,0,0
50875,0,0,0
27416,0,0,0
275184,0,0,0
258339,0,0,0
41329,0,0,0
131243,0,0,0
70225,0,0,0
279286,0,0,0
310477,0,0,0
273774,0,0,0
24816,0,0,0
191490,0,0,0
88535,0,0,0
92791,0,0,0
399055,0,0,0
318537,0,0,0
129353,0,0,0
402298,0,0,0
407198,0,0,0
167076,0,0,0
253649,0,0,0
119112,0,0,0
349163,0,0,0
161332,0,0,0
202956,0,0,0
166878,0,0,0
348902,0,0,0
50246,0,0,0
157708,0,0,0
403955,0,0,0
113760,0,0,0
86722,0,0,0
248544,0,0,0
280917,0,0,0
405574,0,0,0
321415,0,0,0
105469,0,0,0
285548,0,0,0
391563,0,0,0
291518,0,0,0
117260,0,0,0
210524,0,0,0
76722,0,0,0
36441,0,0,0
2940,0,0,0
197107,0,0,0
23251,0,0,0
195973,0,0,0
197716,0,0,0
237728,0,0,0
382039,0,0,0
155470,0,0,0
354554,0,0,0
126696,0,0,0
158504,0,0,0
239403,0,0,0
19475,0,0,0
302880,0,0,0
352931,0,0,0
387331,0,0,0
157964,0,0,0
162296,0,0,0
254207,0,0,0
213211,0,0,0
226391,0,0,0
154750,0,0,0
69527,0,0,0
307523,0,0,0
218667,0,0,0
273731,0,0,0
165155,0,0,0
323561,0,0,0
339543,0,0,0
97242,0,0,0
213015,0,0,0
232779,0,0,0
214142,0,0,0
123140,0,0,0
154822,0,0,0
221436,0,0,0
278600,0,0,0
224477,0,0,0
398502,0,0,0
78272,0,0,0
351242,0,0,0
61892,0,0,0
136896,0,0,0
71653,0,0,0
330042,0,0,0
58453,0,0,0
263412,0,0,0
110282,0,0,0
385935,0,0,0
270834,0,0,0
347792,0,0,0
224887,0,0,0
375502,0,0,0
393647,0,0,0
355840,0,0,0
144821,0,0,0
123894,0,0,0
42765,0,0,0
156736,0,0,0
82991,0,0,0
193786,0,0,0
4831,0,0,0
211518,0,0,0
260664,0,0,0
82250,0,0,0
354433,0,0,0
196315,0,0,0
206002,0,0,0
52514,0,0,0
103510,0,0,0
352836,0,0,0
231150,0,0,0
364600,0,0,0
125116,0,0,0
155531,0,0,0
339314,0,0,0
403759,0,0,0
374970,0,0,0
183557,0,0,0
197940,0,0,0
262878,0,0,0
174659,0,0,0
166731,0,0,0
253831,0,0,0
56162,0,0,0
861,0,0,0
177642,0,0,0
101919,0,0,0
207528,0,0,0
317217,0,0,0
95252,0,0,0
40762,0,0,0
106053,0,0,0
395225,0,0,0
41274,0,0,0
43004,0,0,0
127400,0,0,0
148265,0,0,0
253472,0,0,0
116457,0,0,0
237170,0,0,0
210769,0,0,0
68655,0,0,0
59926,0,0,0
250329,0,0,0
98368,0,0,0
180723,0,0,0
64412,0,0,0
384901,0,0,0
337987,0,0,0
405362,0,0,0
335099,0,0,0
393988,0,0,0
263677,0,0,0
271826,0,0,0
76758,0,0,0
295321,0,0,0
276147,0,0,0
145263,0,0,0
77591,0,0,0
317863,0,0,0
276618,0,0,0
188848,0,0,0
77609,0,0,0
108870,0,0,0
99098,0,0,0
194743,0,0,0
325875,0,0,0
391176,0,0,0
325668,0,0,0
51276,0,0,0
7536,0,0,0
309566,0,0,0
396281,0,0,0
313095,0,0,0
1479,0,0,0
186475,0,0,0
359399,0,0,0
118440,0,0,0
89143,0,0,0
278372,0,0,0
333052,0,0,0
113392,0,0,0
87892,0,0,0
55406,0,0,0
173545,0,0,0
336985,0,0,0
155541,0,0,0
50268,0,0,0
120678,0,0,0
357540,0,0,0
359321,0,0,0
273813,0,0,0
10103,0,0,0
226598,0,0,0
384608,0,0,0
332331,0,0,0
225723,0,0,0
61791,0,0,0
208066,0,0,0
298687,0,0,0
274121,0,0,0
199952,0,0,0
336858,0,0,0
246929,0,0,0
1410,0,0,0
110403,0,0,0
133197,0,0,0
256132,0,0,0
99297,0,0,0
158091,0,0,0
228924,0,0,0
144342,0,0,0
134480,0,0,0
188685,0,0,0
251774,0,0,0
253313,0,0,0
165047,0,0,0
158107,0,0,0
41214,0,0,0
298244,0,0,0
59873,0,0,0
344474,0,0,0
226573,0,0,0
322721,0,0,0
308213,0,0,0
67434,0,0,0
215921,0,0,0
74784,0,0,0
13867,0,0,0
235805,0,0,0
214798,0,0,0
87305,0,0,0
82942,0,0,0
55856,0,0,0
118518,0,0,0
346402,0,0,0
15058,0,0,0
292858,0,0,0
261137,0,0,0
128569,0,0,0
210677,0,0,0
29241,0,0,0
404748,0,0,0
292432,0,0,0
57557,0,0,0
69569,0,0,0
152578,0,0,0
26004,0,0,0
178539,0,0,0
99207,0,0,0
117818,0,0,0
172013,0,0,0
196915,0,0,0
62242,0,0,0
196845,0,0,0
94297,0,0,0
38942,0,0,0
341388,0,0,0
305329,0,0,0
212722,0,0,0
114630,0,0,0
377650,0,0,0
75972,0,0,0
11616,0,0,0
96118,0,0,0
144717,0,0,0
118032,0,0,0
184329,0,0,0
312738,0,0,0
221194,0,0,0
290433,0,0,0
125901,0,0,0
375574,0,0,0
13942,0,0,0
40759,0,0,0
198215,0,0,0
238936,0,0,0
181977,0,0,0
210869,0,0,0
409095,0,0,0
33584,0,0,0
308657,0,0,0
72900,0,0,0
25944,0,0,0
293144,0,0,0
241900,0,0,0
18251,0,0,0
116875,0,0,0
96156,0,0,0
294456,0,0,0
59766,0,0,0
267451,0,0,0
175261,0,0,0
28311,0,0,0
270457,0,0,0
317472,0,0,0
19158,0,0,0
91289,0,0,0
173002,0,0,0
134093,0,0,0
360336,0,0,0
236942,0,0,0
219881,0,0,0
337401,0,0,0
383041,0,0,0
341658,0,0,0
353521,0,0,0
390232,0,0,0
155378,0,0,0
168467,0,0,0
82975,0,0,0
39021,0,0,0
306348,0,0,0
301182,0,0,0
47580,0,0,0
148387,0,0,0
299790,0,0,0
208771,0,0,0
400506,0,0,0
129970,0,0,0
9989,0,0,0
268001,0,0,0
44481,0,0,0
155976,0,0,0
322561,0,0,0
205169,0,0,0
279397,0,0,0
65274,0,0,0
364406,0,0,0
170809,0,0,0
23679,0,0,0
402016,0,0,0
43782,0,0,0
293957,0,0,0
71983,0,0,0
297573,0,0,0
94194,0,0,0
234297,0,0,0
407704,0,0,0
97066,0,0,0
10665,0,0,0
187499,0,0,0
39325,0,0,0
351768,0,0,0
63083,0,0,0
218054,0,0,0
182962,0,0,0
34746,0,0,0
46158,0,0,0
241055,0,0,0
78613,0,0,0
390492,0,0,0
81181,0,0,0
338776,0,0,0
312172,0,0,0
84556,0,0,0
32061,0,0,0
42138,0,0,0
360348,0,0,0
24696,0,0,0
257064,0,0,0
192608,0,0,0
118698,0,0,0
71898,0,0,0
137158,0,0,0
330411,0,0,0
268381,0,0,0
22360,0,0,0
179742,0,0,0
247291,0,0,0
275896,0,0,0
56754,0,0,0
369241,0,0,0
331213,0,0,0
292462,0,0,0
43741,0,0,0
3185,0,0,0
385283,0,0,0
245380,0,0,0
402684,0,0,0
57156,0,0,0
358979,0,0,0
32793,0,0,0
269769,0,0,0
89986,0,0,0
369193,0,0,0
304239,0,0,0
194460,0,0,0
167716,0,0,0
375244,0,0,0
287167,0,0,0
178515,0,0,0
406828,0,0,0
173840,0,0,0
191444,0,0,0
353489,0,0,0
342674,0,0,0
13310,0,0,0
359699,0,0,0
391215,0,0,0
40097,0,0,0
24704,0,0,0
357916,0,0,0
248890,0,0,0
367981,0,0,0
323417,0,0,0
326218,0,0,0
403017,0,0,0
88903,0,0,0
379312,0,0,0
406894,0,0,0
214129,0,0,0
55649,0,0,0
202993,0,0,0
2740,0,0,0
316006,0,0,0
311546,0,0,0
322326,0,0,0
269957,0,0,0
168588,0,0,0
342610,0,0,0
101947,0,0,0
292224,0,0,0
133397,0,0,0
354626,0,0,0
38987,0,0,0
381802,0,0,0
81799,0,0,0
182026,0,0,0
151420,0,0,0
33142,0,0,0
193877,0,0,0
51515,0,0,0
357386,0,0,0
137818,0,0,0
313215,0,0,0
102176,0,0,0
205195,0,0,0
100499,0,0,0
370336,0,0,0
310420,0,0,0
291098,0,0,0
40334,0,0,0
186046,0,0,0
207905,0,0,0
70981,0,0,0
231632,0,0,0
120103,0,0,0
237884,0,0,0
195073,0,0,0
118871,0,0,0
180512,0,0,0
370794,0,0,0
149040,0,0,0
195616,0,0,0
84908,0,0,0
129891,0,0,0
248946,0,0,0
256551,0,0,0
284036,0,0,0
124188,0,0,0
371909,0,0,0
35436,0,0,0
172493,0,0,0
347854,0,0,0
239994,0,0,0
213308,0,0,0
385782,0,0,0
16665,0,0,0
359839,0,0,0
233408,0,0,0
240157,0,0,0
245274,0,0,0
111389,0,0,0
36245,0,0,0
38064,0,0,0
387650,0,0,0
324212,0,0,0
308336,0,0,0
283695,0,0,0
119513,0,0,0
307681,0,0,0
271629,0,0,0
31620,0,0,0
324750,0,0,0
166439,0,0,0
151434,0,0,0
360924,0,0,0
406779,0,0,0
85890,0,0,0
204973,0,0,0
249755,0,0,0
364126,0,0,0
317846,0,0,0
355190,0,0,0
332589,0,0,0
320057,0,0,0
18630,0,0,0
84778,0,0,0
198552,0,0,0
333704,0,0,0
50590,0,0,0
99805,0,0,0
220314,0,0,0
390815,0,0,0
286756,0,0,0
276972,0,0,0
185082,0,0,0
388477,0,0,0
131614,0,0,0
133522,0,0,0
193875,0,0,0
109417,0,0,0
7061,0,0,0
32679,0,0,0
230713,0,0,0
188270,0,0,0
158435,0,0,0
53229,0,0,0
174794,0,0,0
102002,0,0,0
153934,0,0,0
58567,0,0,0
209146,0,0,0
385312,0,0,0
250294,0,0,0
389559,0,0,0
226975,0,0,0
9047,0,0,0
153239,0,0,0
137331,0,0,0
88738,0,0,0
286758,0,0,0
328724,0,0,0
14285,0,0,0
133653,0,0,0
351316,0,0,0
175011,0,0,0
335088,0,0,0
410994,0,0,0
41026,0,0,0
157691,0,0,0
39895,0,0,0
46570,0,0,0
400900,0,0,0
175435,0,0,0
409506,0,0,0
277522,0,0,0
90411,0,0,0
268945,0,0,0
58609,0,0,0
182030,0,0,0
14601,0,0,0
49345,0,0,0
45771,0,0,0
139817,0,0,0
50773,0,0,0
46530,0,0,0
220978,0,0,0
272285,0,0,0
343303,0,0,0
43389,0,0,0
134772,0,0,0
90410,0,0,0
388851,0,0,0
198683,0,0,0
126757,0,0,0
163148,0,0,0
25171,0,0,0
367633,0,0,0
13101,0,0,0
29533,0,0,0
36126,0,0,0
154601,0,0,0
96503,0,0,0
59364,0,0,0
223731,0,0,0
289923,0,0,0
214659,0,0,0
60539,0,0,0
382181,0,0,0
369498,0,0,0
1903,0,0,0
180911,0,0,0
52923,0,0,0
129655,0,0,0
41936,0,0,0
137992,0,0,0
384398,0,0,0
102516,0,0,0
374729,0,0,0
217180,0,0,0
60887,0,0,0
60247,0,0,0
109403,0,0,0
270783,0,0,0
158824,0,0,0
56602,0,0,0
133049,0,0,0
297579,0,0,0
202095,0,0,0
309344,0,0,0
364531,0,0,0
295880,0,0,0
267123,0,0,0
54130,0,0,0
74104,0,0,0
315921,0,0,0
378229,0,0,0
263578,0,0,0
25782,0,0,0
108831,0,0,0
376813,0,0,0
339739,0,0,0
230780,0,0,0
309021,0,0,0
329484,0,0,0
183308,0,0,0
370466,0,0,0
365159,0,0,0
323698,0,0,0
120513,0,0,0
102545,0,0,0
14830,0,0,0
85366,0,0,0
58293,0,0,0
344613,0,0,0
222768,0,0,0
353875,0,0,0
236012,0,0,0
25212,0,0,0
154824,0,0,0
223897,0,0,0
3499,0,0,0
154373,0,0,0
353114,0,0,0
16123,0,0,0
75942,0,0,0
255324,0,0,0
66644,0,0,0
343211,0,0,0
387213,0,0,0
280997,0,0,0
192594,0,0,0
194677,0,0,0
270475,0,0,0
165280,0,0,0
324584,0,0,0
321024,0,0,0
146696,0,0,0
176432,0,0,0
353703,0,0,0
290048,0,0,0
305983,0,0,0
180620,0,0,0
266548,0,0,0
122825,0,0,0
215593,0,0,0
363020,0,0,0
206888,0,0,0
257298,0,0,0
1045,0,0,0
178088,0,0,0
185389,0,0,0
137941,0,0,0
188292,0,0,0
371389,0,0,0
27930,0,0,0
132027,0,0,0
59883,0,0,0
324323,0,0,0
96729,0,0,0
18533,0,0,0
221979,0,0,0
315741,0,0,0
255158,0,0,0
309199,0,0,0
223104,0,0,0
61904,0,0,0
316614,0,0,0
56721,0,0,0
89905,0,0,0
292244,0,0,0
306991,0,0,0
234040,0,0,0
314522,0,0,0
45222,0,0,0
238583,0,0,0
304425,0,0,0
222195,0,0,0
90940,0,0,0
39571,0,0,0
85600,0,0,0
250574,0,0,0
333445,0,0,0
345834,0,0,0
33553,0,0,0
61720,0,0,0
370945,0,0,0
122938,0,0,0
358211,0,0,0
207158,0,0,0
77883,0,0,0
70790,0,0,0
361938,0,0,0
308872,0,0,0
97625,0,0,0
275502,0,0,0
153356,0,0,0
171012,0,0,0
261944,0,0,0
167902,0,0,0
36845,0,0,0
271725,0,0,0
187329,0,0,0
86197,0,0,0
72612,0,0,0
335569,0,0,0
340380,0,0,0
262314,0,0,0
111168,0,0,0
278723,0,0,0
83678,0,0,0
49078,0,0,0
166194,0,0,0
217144,0,0,0
285619,0,0,0
24344,0,0,0
295354,0,0,0
94074,0,0,0
326617,0,0,0
311774,0,0,0
303619,0,0,0
370835,0,0,0
411257,0,0,0
394494,0,0,0
43012,0,0,0
326713,0,0,0
309678,0,0,0
295342,0,0,0
301339,0,0,0
208013,0,0,0
240885,0,0,0
35674,0,0,0
64388,0,0,0
237886,0,0,0
74811,0,0,0
95620,0,0,0
14167,0,0,0
311029,0,0,0
65587,0,0,0
176037,0,0,0
28823,0,0,0
54052,0,0,0
236529,0,0,0
59121,0,0,0
47692,0,0,0
202418,0,0,0
3937,0,0,0
339621,0,0,0
88628,0,0,0
291195,0,0,0
138821,0,0,0
153610,0,0,0
13266,0,0,0
82894,0,0,0
95100,0,0,0
389379,0,0,0
159628,0,0,0
2572,0,0,0
119701,0,0,0
4100,0,0,0
30952,0,0,0
104337,0,0,0
11312,0,0,0
280297,0,0,0
407613,0,0,0
22755,0,0,0
167090,0,0,0
60317,0,0,0
350709,0,0,0
13378,0,0,0
242,0,0,0
214734,0,0,0
213911,0,0,0
145130,0,0,0
63335,0,0,0
55314,0,0,0
315017,0,0,0
161650,0,0,0
139777,0,0,0
36937,0,0,0
81430,0,0,0
276318,0,0,0
131674,0,0,0
215901,0,0,0
173949,0,0,0
54614,0,0,0
364173,0,0,0
182559,0,0,0
385746,0,0,0
86237,0,0,0
344863,0,0,0
153630,0,0,0
396881,0,0,0
77392,0,0,0
330127,0,0,0
314320,0,0,0
349103,0,0,0
224152,0,0,0
114288,0,0,0
223121,0,0,0
149054,0,0,0
394593,0,0,0
385812,0,0,0
174399,0,0,0
117338,0,0,0
111694,0,0,0
218262,0,0,0
224714,0,0,0
344266,0,0,0
164828,0,0,0
168468,0,0,0
166223,0,0,0
170776,0,0,0
131839,0,0,0
222725,0,0,0
382072,0,0,0
252671,0,0,0
137157,0,0,0
390354,0,0,0
348981,0,0,0
177757,0,0,0
154820,0,0,0
369850,0,0,0
169625,0,0,0
348810,0,0,0
166693,0,0,0
24746,0,0,0
248696,0,0,0
31763,0,0,0
388237,0,0,0
225987,0,0,0
24283,0,0,0
84820,0,0,0
56265,0,0,0
64565,0,0,0
15842,0,0,0
65795,0,0,0
41421,0,0,0
146303,0,0,0
71197,0,0,0
306978,0,0,0
111640,0,0,0
405503,0,0,0
40484,0,0,0
399642,0,0,0
295945,0,0,0
326237,0,0,0
232251,0,0,0
395284,0,0,0
19892,0,0,0
294249,0,0,0
3115,0,0,0
95820,0,0,0
174266,0,0,0
198207,0,0,0
382645,0,0,0
203952,0,0,0
244152,0,0,0
317931,0,0,0
193487,0,0,0
160234,0,0,0
32692,0,0,0
379592,0,0,0
347911,0,0,0
251042,0,0,0
97327,0,0,0
241695,0,0,0
32614,0,0,0
16940,0,0,0
198654,0,0,0
63779,0,0,0
328580,0,0,0
301802,0,0,0
188224,0,0,0
112289,0,0,0
330255,0,0,0
198463,0,0,0
363317,0,0,0
229847,0,0,0
186286,0,0,0
271125,0,0,0
47508,0,0,0
309955,0,0,0
359370,0,0,0
351472,0,0,0
365690,0,0,0
189908,0,0,0
358213,0,0,0
297610,0,0,0
62532,0,0,0
268955,0,0,0
53739,0,0,0
358131,0,0,0
69837,0,0,0
374397,0,0,0
377003,0,0,0
200136,0,0,0
296267,0,0,0
5896,0,0,0
42063,0,0,0
10270,0,0,0
275804,0,0,0
330173,0,0,0
316759,0,0,0
70308,0,0,0
390103,0,0,0
379579,0,0,0
349627,0,0,0
175027,0,0,0
238091,0,0,0
311903,0,0,0
304928,0,0,0
394664,0,0,0
112032,0,0,0
124198,0,0,0
124289,0,0,0
55026,0,0,0
2302,0,0,0
175409,0,0,0
69835,0,0,0
157794,0,0,0
356036,0,0,0
300341,0,0,0
270293,0,0,0
309942,0,0,0
156686,0,0,0
169510,0,0,0
395027,0,0,0
376731,0,0,0
301967,0,0,0
396551,0,0,0
95707,0,0,0
18575,0,0,0
220716,0,0,0
311758,0,0,0
399414,0,0,0
321976,0,0,0
17306,0,0,0
274815,0,0,0
62334,0,0,0
383850,0,0,0
264418,0,0,0
215864,0,0,0
232411,0,0,0
263,0,0,0
25854,0,0,0
393058,0,0,0
86858,0,0,0
223708,0,0,0
82671,0,0,0
35975,0,0,0
392847,0,0,0
232789,0,0,0
334047,0,0,0
230722,0,0,0
204949,0,0,0
247475,0,0,0
374816,0,0,0
295547,0,0,0
121114,0,0,0
133786,0,0,0
282327,0,0,0
68893,0,0,0
55022,0,0,0
234242,0,0,0
233043,0,0,0
216943,0,0,0
292356,0,0,0
129726,0,0,0
288913,0,0,0
184927,0,0,0
319535,0,0,0
296841,0,0,0
171818,0,0,0
388587,0,0,0
191386,0,0,0
93505,0,0,0
313677,0,0,0
101640,0,0,0
281642,0,0,0
383657,0,0,0
16502,0,0,0
333386,0,0,0
244701,0,0,0
53870,0,0,0
33286,0,0,0
57087,0,0,0
411191,0,0,0
132413,0,0,0
120085,0,0,0
32594,0,0,0
116540,0,0,0
306802,0,0,0
92324,0,0,0
17516,0,0,0
37410,0,0,0
179851,0,0,0
202032,0,0,0
11019,0,0,0
184717,0,0,0
230742,0,0,0
179755,0,0,0
250198,0,0,0
240110,0,0,0
83508,0,0,0
238190,0,0,0
159998,0,0,0
194882,0,0,0
190956,0,0,0
119715,0,0,0
316446,0,0,0
105905,0,0,0
50167,0,0,0
266347,0,0,0
134960,0,0,0
86591,0,0,0
362707,0,0,0
132593,0,0,0
155384,0,0,0
26630,0,0,0
191817,0,0,0
13276,0,0,0
178832,0,0,0
122325,0,0,0
4819,0,0,0
90817,0,0,0
123255,0,0,0
83953,0,0,0
233941,0,0,0
91959,0,0,0
202865,0,0,0
22353,0,0,0
167760,0,0,0
11463,0,0,0
138711,0,0,0
288135,0,0,0
155310,0,0,0
352210,0,0,0
276090,0,0,0
407728,0,0,0
296294,0,0,0
222869,0,0,0
248706,0,0,0
46092,0,0,0
400730,0,0,0
348820,0,0,0
148589,0,0,0
325769,0,0,0
92990,0,0,0
180721,0,0,0
95270,0,0,0
91822,0,0,0
362591,0,0,0
305707,0,0,0
20837,0,0,0
293849,0,0,0
147471,0,0,0
341352,0,0,0
123133,0,0,0
292853,0,0,0
55879,0,0,0
318774,0,0,0
181761,0,0,0
352837,0,0,0
200845,0,0,0
8309,0,0,0
308356,0,0,0
255020,0,0,0
198740,0,0,0
309237,0,0,0
381213,0,0,0
208808,0,0,0
34938,0,0,0
129147,0,0,0
270245,0,0,0
50326,0,0,0
103702,0,0,0
242248,0,0,0
320612,0,0,0
84091,0,0,0
253274,0,0,0
130408,0,0,0
219795,0,0,0
125137,0,0,0
409163,0,0,0
323833,0,0,0
377640,0,0,0
135248,0,0,0
277791,0,0,0
369255,0,0,0
368015,0,0,0
236664,0,0,0
79616,0,0,0
130305,0,0,0
12502,0,0,0
287289,0,0,0
65537,0,0,0
231899,0,0,0
188745,0,0,0
183017,0,0,0
191191,0,0,0
207897,0,0,0
154699,0,0,0
31265,0,0,0
241632,0,0,0
52987,0,0,0
134587,0,0,0
349455,0,0,0
286908,0,0,0
18493,0,0,0
83971,0,0,0
80947,0,0,0
128262,0,0,0
127299,0,0,0
137609,0,0,0
315917,0,0,0
176543,0,0,0
237565,0,0,0
284652,0,0,0
92985,0,0,0
246625,0,0,0
120684,0,0,0
347322,0,0,0
95978,0,0,0
119119,0,0,0
304896,0,0,0
32330,0,0,0
273359,0,0,0
374286,0,0,0
70326,0,0,0
367348,0,0,0
183910,0,0,0
240444,0,0,0
332930,0,0,0
211871,0,0,0
318678,0,0,0
197,0,0,0
126588,0,0,0
210833,0,0,0
341212,0,0,0
167815,0,0,0
126311,0,0,0
163640,0,0,0
157426,0,0,0
25272,0,0,0
381733,0,0,0
386403,0,0,0
343301,0,0,0
202358,0,0,0
326223,0,0,0
345929,0,0,0
381295,0,0,0
297400,0,0,0
219045,0,0,0
141190,0,0,0
217448,0,0,0
341005,0,0,0
256352,0,0,0
32787,0,0,0
369450,0,0,0
115190,0,0,0
245368,0,0,0
285771,0,0,0
56951,0,0,0
345652,0,0,0
314001,0,0,0
186320,0,0,0
66627,0,0,0
310035,0,0,0
274697,0,0,0
321269,0,0,0
154476,0,0,0
284125,0,0,0
37224,0,0,0
126694,0,0,0
209052,0,0,0
114329,0,0,0
256829,0,0,0
98977,0,0,0
408020,0,0,0
105747,0,0,0
260574,0,0,0
356060,0,0,0
294263,0,0,0
365361,0,0,0
248222,0,0,0
349685,0,0,0
293564,0,0,0
247660,0,0,0
159681,0,0,0
48324,0,0,0
193073,0,0,0
322083,0,0,0
236132,0,0,0
138441,0,0,0
26353,0,0,0
33447,0,0,0
149838,0,0,0
329156,0,0,0
279941,0,0,0
121615,0,0,0
33847,0,0,0
209564,0,0,0
359894,0,0,0
153492,0,0,0
96712,0,0,0
205795,0,0,0
174789,0,0,0
112815,0,0,0
298241,0,0,0
50990,0,0,0
159270,0,0,0
294104,0,0,0
351138,0,0,0
196919,0,0,0
80795,0,0,0
295899,0,0,0
335207,0,0,0
205788,0,0,0
225811,0,0,0
86050,0,0,0
257604,0,0,0
62078,0,0,0
45207,0,0,0
309123,0,0,0
213126,0,0,0
221024,0,0,0
107441,0,0,0
82812,0,0,0
404743,0,0,0
223463,0,0,0
84485,0,0,0
222415,0,0,0
17789,0,0,0
330185,0,0,0
33006,0,0,0
363085,0,0,0
360261,0,0,0
208233,0,0,0
48932,0,0,0
72423,0,0,0
341666,0,0,0
365480,0,0,0
365470,0,0,0
72597,0,0,0
285431,0,0,0
125299,0,0,0
380901,0,0,0
84659,0,0,0
347953,0,0,0
379647,0,0,0
46820,0,0,0
140050,0,0,0
102411,0,0,0
99997,0,0,0
336962,0,0,0
220017,0,0,0
30042,0,0,0
181980,0,0,0
405764,0,0,0
76889,0,0,0
401216,0,0,0
177986,0,0,0
314862,0,0,0
234539,0,0,0
120296,0,0,0
108006,0,0,0
234820,0,0,0
336655,0,0,0
134240,0,0,0
53311,0,0,0
223986,0,0,0
388530,0,0,0
189002,0,0,0
208829,0,0,0
72721,0,0,0
208343,0,0,0
263298,0,0,0
193503,0,0,0
345380,0,0,0
289383,0,0,0
240120,0,0,0
258614,0,0,0
288511,0,0,0
184232,0,0,0
229021,0,0,0
146685,0,0,0
44563,0,0,0
258959,0,0,0
282342,0,0,0
44353,0,0,0
13560,0,0,0
276298,0,0,0
73251,0,0,0
118638,0,0,0
7737,0,0,0
74734,0,0,0
70462,0,0,0
68666,0,0,0
344241,0,0,0
1882,0,0,0
16939,0,0,0
214836,0,0,0
105890,0,0,0
90332,0,0,0
317623,0,0,0
365691,0,0,0
234154,0,0,0
121999,0,0,0
186985,0,0,0
184888,0,0,0
154849,0,0,0
35561,0,0,0
340135,0,0,0
306847,0,0,0
366966,0,0,0
408820,0,0,0
299587,0,0,0
105650,0,0,0
191040,0,0,0
368301,0,0,0
73100,0,0,0
253743,0,0,0
285252,0,0,0
219684,0,0,0
51581,0,0,0
353845,0,0,0
43065,0,0,0
27047,0,0,0
296919,0,0,0
274342,0,0,0
365924,0,0,0
265261,0,0,0
153264,0,0,0
381670,0,0,0
179131,0,0,0
248170,0,0,0
247744,0,0,0
279474,0,0,0
245715,0,0,0
139443,0,0,0
177690,0,0,0
379789,0,0,0
120741,0,0,0
122435,0,0,0
390753,0,0,0
302436,0,0,0
57601,0,0,0
401070,0,0,0
97351,0,0,0
210975,0,0,0
302422,0,0,0
191202,0,0,0
129056,0,0,0
262701,0,0,0
79441,0,0,0
134649,0,0,0
96982,0,0,0
386139,0,0,0
41833,0,0,0
111502,0,0,0
145086,0,0,0
81125,0,0,0
183138,0,0,0
327804,0,0,0
335396,0,0,0
239747,0,0,0
292420,0,0,0
289083,0,0,0
137527,0,0,0
114819,0,0,0
1422,0,0,0
53968,0,0,0
1509,0,0,0
18702,0,0,0
266520,0,0,0
162384,0,0,0
14004,0,0,0
48064,0,0,0
327530,0,0,0
54414,0,0,0
84633,0,0,0
290838,0,0,0
60815,0,0,0
400615,0,0,0
367862,0,0,0
179086,0,0,0
212373,0,0,0
150502,0,0,0
200533,0,0,0
406471,0,0,0
196228,0,0,0
288962,0,0,0
37765,0,0,0
101451,0,0,0
179062,0,0,0
401097,0,0,0
148889,0,0,0
3981,0,0,0
286964,0,0,0
80439,0,0,0
273923,0,0,0
319647,0,0,0
301893,0,0,0
339204,0,0,0
214807,0,0,0
179659,0,0,0
347569,0,0,0
5660,0,0,0
17224,0,0,0
150265,0,0,0
189318,0,0,0
250163,0,0,0
123195,0,0,0
173941,0,0,0
379452,0,0,0
387883,0,0,0
91892,0,0,0
318111,0,0,0
206049,0,0,0
207337,0,0,0
383371,0,0,0
34207,0,0,0
353490,0,0,0
8623,0,0,0
277986,0,0,0
62777,0,0,0
381161,0,0,0
197784,0,0,0
168844,0,0,0
328948,0,0,0
55390,0,0,0
261052,0,0,0
67167,0,0,0
225877,0,0,0
187052,0,0,0
384348,0,0,0
105838,0,0,0
256700,0,0,0
231183,0,0,0
53453,0,0,0
405232,0,0,0
34462,0,0,0
287467,0,0,0
83706,0,0,0
237223,0,0,0
265044,0,0,0
305450,0,0,0
375304,0,0,0
147191,0,0,0
141873,0,0,0
88748,0,0,0
208283,0,0,0
226304,0,0,0
73067,0,0,0
388403,0,0,0
182573,0,0,0
180872,0,0,0
77527,0,0,0
133694,0,0,0
340424,0,0,0
20107,0,0,0
33749,0,0,0
80299,0,0,0
157109,0,0,0
375752,0,0,0
205453,0,0,0
290939,0,0,0
94418,0,0,0
327633,0,0,0
121,0,0,0
212828,0,0,0
314552,0,0,0
125777,0,0,0
85006,0,0,0
307726,0,0,0
314281,0,0,0
168928,0,0,0
343018,0,0,0
170062,0,0,0
375824,0,0,0
374609,0,0,0
72126,0,0,0
146678,0,0,0
85883,0,0,0
278395,0,0,0
81519,0,0,0
65086,0,0,0
298630,0,0,0
251074,0,0,0
61597,0,0,0
35166,0,0,0
178144,0,0,0
75379,0,0,0
386068,0,0,0
133378,0,0,0
407901,0,0,0
200420,0,0,0
218577,0,0,0
407721,0,0,0
62927,0,0,0
251890,0,0,0
327445,0,0,0
257133,0,0,0
321845,0,0,0
71463,0,0,0
5876,0,0,0
77385,0,0,0
231932,0,0,0
269879,0,0,0
292910,0,0,0
67124,0,0,0
381495,0,0,0
397363,0,0,0
3539,0,0,0
192031,0,0,0
107780,0,0,0
375170,0,0,0
233634,0,0,0
387713,0,0,0
69990,0,0,0
262990,0,0,0
368670,0,0,0
339700,0,0,0
242787,0,0,0
332910,0,0,0
180362,0,0,0
230293,0,0,0
278303,0,0,0
237853,0,0,0
237171,0,0,0
298614,0,0,0
259161,0,0,0
268105,0,0,0
310596,0,0,0
270216,0,0,0
208773,0,0,0
214414,0,0,0
263280,0,0,0
224389,0,0,0
3614,0,0,0
92748,0,0,0
89886,0,0,0
41195,0,0,0
323619,0,0,0
261283,0,0,0
158775,0,0,0
226750,0,0,0
244155,0,0,0
227687,0,0,0
204047,0,0,0
48430,0,0,0
181438,0,0,0
225748,0,0,0
99360,0,0,0
157238,0,0,0
379386,0,0,0
98975,0,0,0
294643,0,0,0
120916,0,0,0
37300,0,0,0
80776,0,0,0
254550,0,0,0
324204,0,0,0
150258,0,0,0
241030,0,0,0
323871,0,0,0
109123,0,0,0
111893,0,0,0
216562,0,0,0
260678,0,0,0
125561,0,0,0
197988,0,0,0
362737,0,0,0
201990,0,0,0
383557,0,0,0
244850,0,0,0
204103,0,0,0
142042,0,0,0
171176,0,0,0
15537,0,0,0
181375,0,0,0
256045,0,0,0
46220,0,0,0
315948,0,0,0
360403,0,0,0
71570,0,0,0
386153,0,0,0
30782,0,0,0
385485,0,0,0
227076,0,0,0
326060,0,0,0
62605,0,0,0
255901,0,0,0
366974,0,0,0
93347,0,0,0
373355,0,0,0
346471,0,0,0
260913,0,0,0
158127,0,0,0
279491,0,0,0
3863,0,0,0
38234,0,0,0
313567,0,0,0
231371,0,0,0
15372,0,0,0
351335,0,0,0
82278,0,0,0
30380,0,0,0
214641,0,0,0
312969,0,0,0
54841,0,0,0
274987,0,0,0
364840,0,0,0
328641,0,0,0
96920,0,0,0
383228,0,0,0
2299,0,0,0
53677,0,0,0
120157,0,0,0
123599,0,0,0
180499,0,0,0
349276,0,0,0
400155,0,0,0
31610,0,0,0
321290,0,0,0
49268,0,0,0
135934,0,0,0
5999,0,0,0
281717,0,0,0
56643,0,0,0
264148,0,0,0
56793,0,0,0
382670,0,0,0
200528,0,0,0
124505,0,0,0
45050,0,0,0
279729,0,0,0
164592,0,0,0
309335,0,0,0
403084,0,0,0
194559,0,0,0
236814,0,0,0
92109,0,0,0
80990,0,0,0
145002,0,0,0
48145,0,0,0
178905,0,0,0
301869,0,0,0
130724,0,0,0
243989,0,0,0
31685,0,0,0
108501,0,0,0
366987,0,0,0
339718,0,0,0
271568,0,0,0
326016,0,0,0
158453,0,0,0
294194,0,0,0
146616,0,0,0
352733,0,0,0
131711,0,0,0
157768,0,0,0
77311,0,0,0
409738,0,0,0
140562,0,0,0
34198,0,0,0
121496,0,0,0
136874,0,0,0
134280,0,0,0
34241,0,0,0
284474,0,0,0
200497,0,0,0
247526,0,0,0
37301,0,0,0
192663,0,0,0
51184,0,0,0
128942,0,0,0
199247,0,0,0
21944,0,0,0
89479,0,0,0
39346,0,0,0
393441,0,0,0
15153,0,0,0
385106,0,0,0
149361,0,0,0
351589,0,0,0
173424,0,0,0
289020,0,0,0
111022,0,0,0
381796,0,0,0
45032,0,0,0
348466,0,0,0
79779,0,0,0
81608,0,0,0
309573,0,0,0
279939,0,0,0
404854,0,0,0
333780,0,0,0
226388,0,0,0
171899,0,0,0
297967,0,0,0
352585,0,0,0
301364,0,0,0
244262,0,0,0
226042,0,0,0
389628,0,0,0
224669,0,0,0
329094,0,0,0
367177,0,0,0
22472,0,0,0
321627,0,0,0
389835,0,0,0
260630,0,0,0
82898,0,0,0
173050,0,0,0
355361,0,0,0
158645,0,0,0
90446,0,0,0
146175,0,0,0
359737,0,0,0
123139,0,0,0
176733,0,0,0
8188,0,0,0
81890,0,0,0
64260,0,0,0
16178,0,0,0
331549,0,0,0
294525,0,0,0
288735,0,0,0
222564,0,0,0
188542,0,0,0
242540,0,0,0
75863,0,0,0
63136,0,0,0
352080,0,0,0
37020,0,0,0
235479,0,0,0
216059,0,0,0
275604,0,0,0
339196,0,0,0
403760,0,0,0
1760,0,0,0
167276,0,0,0
242741,0,0,0
128698,0,0,0
26971,0,0,0
143312,0,0,0
356236,0,0,0
397963,0,0,0
203921,0,0,0
180948,0,0,0
151437,0,0,0
154578,0,0,0
85311,0,0,0
247345,0,0,0
309281,0,0,0
262045,0,0,0
267629,0,0,0
266008,0,0,0
82562,0,0,0
305518,0,0,0
30285,0,0,0
120140,0,0,0
129072,0,0,0
344876,0,0,0
168329,0,0,0
135384,0,0,0
29153,0,0,0
8921,0,0,0
352883,0,0,0
297888,0,0,0
230018,0,0,0
32770,0,0,0
173467,0,0,0
212968,0,0,0
69270,0,0,0
349854,0,0,0
223412,0,0,0
297042,0,0,0
407449,0,0,0
41397,0,0,0
104946,0,0,0
20538,0,0,0
192565,0,0,0
175853,0,0,0
250267,0,0,0
231068,0,0,0
82771,0,0,0
268908,0,0,0
203420,0,0,0
312840,0,0,0
66720,0,0,0
102730,0,0,0
21708,0,0,0
110868,0,0,0
258433,0,0,0
218490,0,0,0
158318,0,0,0
47222,0,0,0
369578,0,0,0
235220,0,0,0
123068,0,0,0
53348,0,0,0
324494,0,0,0
69706,0,0,0
101648,0,0,0
171673,0,0,0
334822,0,0,0
367588,0,0,0
253763,0,0,0
5473,0,0,0
331946,0,0,0
103173,0,0,0
77070,0,0,0
170074,0,0,0
273925,0,0,0
389962,0,0,0
365212,0,0,0
209976,0,0,0
166806,0,0,0
56883,0,0,0
45960,0,0,0
116347,0,0,0
40694,0,0,0
54182,0,0,0
117160,0,0,0
115709,0,0,0
348652,0,0,0
323086,0,0,0
377381,0,0,0
122589,0,0,0
127779,0,0,0
29704,0,0,0
175689,0,0,0
251937,0,0,0
405830,0,0,0
105853,0,0,0
266930,0,0,0
276231,0,0,0
97410,0,0,0
60972,0,0,0
66725,0,0,0
21636,0,0,0
296246,0,0,0
313160,0,0,0
150929,0,0,0
85560,0,0,0
48746,0,0,0
112072,0,0,0
394609,0,0,0
294842,0,0,0
371566,0,0,0
102859,0,0,0
297642,0,0,0
47475,0,0,0
248284,0,0,0
37549,0,0,0
400856,0,0,0
17874,0,0,0
27561,0,0,0
66016,0,0,0
178862,0,0,0
384269,0,0,0
36012,0,0,0
357745,0,0,0
169584,0,0,0
377014,0,0,0
67899,0,0,0
229045,0,0,0
214954,0,0,0
143394,0,0,0
104497,0,0,0
285468,0,0,0
35017,0,0,0
39974,0,0,0
178287,0,0,0
360167,0,0,0
260036,0,0,0
222479,0,0,0
324079,0,0,0
192585,0,0,0
331774,0,0,0
5390,0,0,0
60320,0,0,0
220977,0,0,0
75268,0,0,0
187458,0,0,0
320559,0,0,0
157548,0,0,0
280620,0,0,0
132030,0,0,0
354922,0,0,0
145878,0,0,0
308465,0,0,0
201331,0,0,0
146975,0,0,0
291689,0,0,0
30352,0,0,0
303100,0,0,0
124942,0,0,0
407969,0,0,0
91751,0,0,0
108277,0,0,0
195980,0,0,0
186748,0,0,0
378548,0,0,0
7644,0,0,0
237063,0,0,0
104461,0,0,0
73585,0,0,0
333843,0,0,0
308443,0,0,0
92110,0,0,0
406432,0,0,0
319050,0,0,0
228012,0,0,0
228427,0,0,0
380777,0,0,0
388285,0,0,0
246119,0,0,0
91932,0,0,0
182681,0,0,0
58038,0,0,0
41910,0,0,0
121471,0,0,0
372506,0,0,0
148320,0,0,0
313513,0,0,0
246419,0,0,0
366511,0,0,0
199074,0,0,0
51572,0,0,0
82444,0,0,0
269768,0,0,0
36959,0,0,0
248269,0,0,0
238577,0,0,0
206850,0,0,0
71809,0,0,0
107426,0,0,0
237591,0,0,0
173694,0,0,0
354095,0,0,0
320030,0,0,0
170820,0,0,0
374204,0,0,0
286788,0,0,0
220762,0,0,0
100843,0,0,0
4681,0,0,0
12326,0,0,0
129054,0,0,0
182966,0,0,0
244092,0,0,0
20819,0,0,0
51982,0,0,0
172719,0,0,0
246622,0,0,0
197306,0,0,0
218804,0,0,0
134669,0,0,0
362663,0,0,0
321261,0,0,0
13361,0,0,0
336744,0,0,0
194052,0,0,0
287690,0,0,0
290274,0,0,0
108655,0,0,0
200093,0,0,0
260311,0,0,0
188115,0,0,0
380340,0,0,0
180383,0,0,0
322472,0,0,0
3547,0,0,0
150092,0,0,0
134519,0,0,0
89661,0,0,0
333979,0,0,0
20927,0,0,0
214915,0,0,0
242375,0,0,0
250722,0,0,0
381489,0,0,0
33982,0,0,0
339086,0,0,0
337340,0,0,0
367830,0,0,0
147453,0,0,0
219082,0,0,0
3732,0,0,0
297185,0,0,0
376320,0,0,0
253732,0,0,0
233721,0,0,0
123012,0,0,0
194660,0,0,0
225655,0,0,0
254886,0,0,0
379200,0,0,0
227437,0,0,0
305475,0,0,0
299283,0,0,0
297638,0,0,0
229989,0,0,0
11626,0,0,0
267836,0,0,0
197615,0,0,0
302963,0,0,0
113880,0,0,0
54895,0,0,0
64321,0,0,0
49338,0,0,0
163170,0,0,0
100510,0,0,0
331304,0,0,0
40365,0,0,0
372199,0,0,0
139190,0,0,0
101168,0,0,0
132373,0,0,0
404754,0,0,0
66690,0,0,0
153578,0,0,0
121921,0,0,0
95613,0,0,0
330401,0,0,0
147913,0,0,0
51920,0,0,0
165638,0,0,0
54751,0,0,0
284127,0,0,0
122124,0,0,0
198764,0,0,0
336344,0,0,0
81751,0,0,0
183199,0,0,0
202745,0,0,0
263365,0,0,0
9926,0,0,0
239275,0,0,0
382300,0,0,0
35089,0,0,0
156598,0,0,0
42218,0,0,0
171716,0,0,0
72231,0,0,0
357747,0,0,0
48049,0,0,0
183673,0,0,0
178065,0,0,0
261927,0,0,0
99886,0,0,0
217488,0,0,0
368321,0,0,0
57879,0,0,0
318984,0,0,0
249323,0,0,0
188257,0,0,0
386227,0,0,0
101744,0,0,0
237049,0,0,0
86770,0,0,0
150005,0,0,0
231053,0,0,0
205425,0,0,0
118367,0,0,0
176329,0,0,0
37008,0,0,0
205283,0,0,0
366016,0,0,0
76657,0,0,0
390719,0,0,0
209946,0,0,0
245116,0,0,0
26936,0,0,0
136295,0,0,0
335800,0,0,0
343859,0,0,0
142989,0,0,0
31881,0,0,0
2947,0,0,0
229138,0,0,0
272027,0,0,0
381529,0,0,0
298306,0,0,0
217877,0,0,0
270623,0,0,0
345247,0,0,0
63625,0,0,0
351835,0,0,0
146739,0,0,0
100110,0,0,0
97522,0,0,0
263221,0,0,0
52284,0,0,0
215084,0,0,0
365364,0,0,0
174750,0,0,0
234235,0,0,0
150386,0,0,0
106648,0,0,0
186354,0,0,0
75014,0,0,0
256581,0,0,0
72102,0,0,0
234222,0,0,0
400313,0,0,0
207239,0,0,0
195913,0,0,0
76958,0,0,0
118503,0,0,0
152045,0,0,0
29489,0,0,0
366490,0,0,0
122516,0,0,0
163556,0,0,0
293985,0,0,0
318529,0,0,0
255167,0,0,0
135778,0,0,0
379428,0,0,0
104251,0,0,0
230373,0,0,0
265556,0,0,0
284625,0,0,0
86155,0,0,0
20997,0,0,0
230151,0,0,0
56398,0,0,0
2932,0,0,0
16719,0,0,0
364060,0,0,0
137589,0,0,0
204955,0,0,0
344977,0,0,0
328543,0,0,0
45432,0,0,0
229707,0,0,0
16287,0,0,0
78114,0,0,0
300903,0,0,0
344855,0,0,0
120105,0,0,0
350056,0,0,0
398907,0,0,0
13590,0,0,0
357851,0,0,0
238787,0,0,0
140150,0,0,0
70398,0,0,0
172383,0,0,0
273304,0,0,0
18490,0,0,0
152124,0,0,0
92826,0,0,0
276331,0,0,0
390935,0,0,0
287324,0,0,0
109967,0,0,0
231717,0,0,0
389464,0,0,0
9018,0,0,0
64275,0,0,0
138707,0,0,0
66210,0,0,0
269782,0,0,0
82289,0,0,0
381828,0,0,0
131167,0,0,0
388577,0,0,0
81019,0,0,0
378826,0,0,0
357710,0,0,0
224248,0,0,0
311063,0,0,0
95432,0,0,0
2343,0,0,0
182663,0,0,0
88292,0,0,0
131113,0,0,0
376509,0,0,0
254887,0,0,0
306709,0,0,0
8572,0,0,0
312831,0,0,0
191940,0,0,0
85190,0,0,0
330433,0,0,0
183801,0,0,0
260308,0,0,0
401678,0,0,0
350082,0,0,0
39104,0,0,0
45223,0,0,0
137222,0,0,0
398093,0,0,0
8764,0,0,0
86191,0,0,0
305913,0,0,0
110947,0,0,0
281046,0,0,0
338179,0,0,0
404133,0,0,0
279600,0,0,0
376786,0,0,0
363956,0,0,0
132559,0,0,0
183070,0,0,0
167728,0,0,0
358059,0,0,0
176638,0,0,0
298869,0,0,0
261236,0,0,0
248379,0,0,0
7842,0,0,0
284632,0,0,0
184838,0,0,0
187701,0,0,0
305846,0,0,0
56296,0,0,0
96291,0,0,0
397470,0,0,0
349316,0,0,0
337393,0,0,0
248084,0,0,0
315038,0,0,0
375615,0,0,0
188982,0,0,0
10205,0,0,0
30615,0,0,0
81707,0,0,0
141626,0,0,0
250787,0,0,0
371270,0,0,0
173592,0,0,0
45908,0,0,0
300106,0,0,0
270821,0,0,0
323912,0,0,0
51959,0,0,0
173623,0,0,0
125055,0,0,0
155823,0,0,0
144694,0,0,0
110837,0,0,0
158388,0,0,0
173504,0,0,0
238621,0,0,0
228156,0,0,0
315938,0,0,0
51367,0,0,0
74386,0,0,0
356691,0,0,0
222153,0,0,0
377082,0,0,0
376031,0,0,0
181102,0,0,0
358101,0,0,0
319583,0,0,0
282015,0,0,0
226760,0,0,0
22384,0,0,0
363872,0,0,0
37557,0,0,0
312529,0,0,0
179199,0,0,0
160334,0,0,0
129108,0,0,0
270361,0,0,0
333716,0,0,0
382054,0,0,0
392384,0,0,0
336150,0,0,0
118349,0,0,0
330443,0,0,0
292162,0,0,0
196027,0,0,0
333043,0,0,0
182609,0,0,0
211977,0,0,0
193335,0,0,0
10703,0,0,0
5472,0,0,0
223081,0,0,0
135996,0,0,0
370866,0,0,0
85595,0,0,0
248846,0,0,0
408505,0,0,0
267759,0,0,0
19113,0,0,0
240580,0,0,0
216733,0,0,0
86505,0,0,0
235271,0,0,0
370958,0,0,0
22658,0,0,0
244675,0,0,0
256155,0,0,0
52032,0,0,0
16492,0,0,0
223993,0,0,0
321741,0,0,0
283861,0,0,0
44681,0,0,0
69383,0,0,0
336867,0,0,0
399448,0,0,0
72288,0,0,0
105345,0,0,0
159337,0,0,0
408139,0,0,0
62862,0,0,0
25948,0,0,0
387953,0,0,0
23798,0,0,0
386343,0,0,0
373985,0,0,0
233011,0,0,0
342392,0,0,0
204498,0,0,0
285582,0,0,0
55632,0,0,0
291241,0,0,0
304455,0,0,0
109339,0,0,0
303238,0,0,0
62205,0,0,0
32416,0,0,0
324964,0,0,0
291156,0,0,0
405882,0,0,0
85913,0,0,0
273437,0,0,0
390092,0,0,0
249553,0,0,0
117767,0,0,0
15929,0,0,0
154701,0,0,0
22522,0,0,0
110257,0,0,0
17592,0,0,0
234084,0,0,0
303321,0,0,0
109557,0,0,0
49606,0,0,0
382252,0,0,0
146049,0,0,0
240874,0,0,0
125353,0,0,0
196604,0,0,0
258084,0,0,0
290791,0,0,0
98026,0,0,0
76109,0,0,0
289403,0,0,0
234733,0,0,0
276143,0,0,0
307006,0,0,0
202233,0,0,0
306300,0,0,0
275789,0,0,0
25939,0,0,0
312327,0,0,0
243309,0,0,0
52787,0,0,0
335838,0,0,0
324106,0,0,0
314511,0,0,0
108415,0,0,0
301225,0,0,0
195172,0,0,0
168373,0,0,0
352114,0,0,0
141408,0,0,0
80854,0,0,0
306656,0,0,0
290096,0,0,0
47086,0,0,0
164224,0,0,0
38834,0,0,0
386652,0,0,0
60307,0,0,0
137922,0,0,0
218932,0,0,0
89137,0,0,0
239921,0,0,0
232703,0,0,0
119666,0,0,0
17940,0,0,0
25617,0,0,0
349990,0,0,0
75640,0,0,0
188033,0,0,0
282942,0,0,0
255694,0,0,0
281608,0,0,0
259555,0,0,0
370386,0,0,0
245974,0,0,0
34903,0,0,0
392518,0,0,0
236407,0,0,0
285828,0,0,0
116087,0,0,0
34964,0,0,0
255440,0,0,0
323888,0,0,0
248360,0,0,0
194753,0,0,0
251782,0,0,0
46073,0,0,0
47490,0,0,0
162431,0,0,0
68459,0,0,0
29961,0,0,0
364889,0,0,0
339904,0,0,0
350027,0,0,0
400850,0,0,0
174556,0,0,0
201892,0,0,0
196688,0,0,0
288139,0,0,0
390376,0,0,0
253175,0,0,0
63110,0,0,0
231344,0,0,0
42114,0,0,0
354255,0,0,0
134882,0,0,0
258674,0,0,0
303899,0,0,0
122622,0,0,0
352238,0,0,0
9463,0,0,0
401463,0,0,0
58055,0,0,0
146268,0,0,0
321366,0,0,0
125036,0,0,0
392642,0,0,0
131289,0,0,0
339377,0,0,0
51700,0,0,0
352850,0,0,0
355817,0,0,0
25850,0,0,0
184320,0,0,0
75502,0,0,0
244331,0,0,0
78847,0,0,0
61023,0,0,0
58157,0,0,0
292955,0,0,0
189067,0,0,0
327967,0,0,0
153902,0,0,0
324565,0,0,0
168003,0,0,0
60807,0,0,0
246193,0,0,0
145879,0,0,0
186556,0,0,0
326341,0,0,0
317733,0,0,0
192681,0,0,0
19463,0,0,0
8753,0,0,0
212166,0,0,0
327092,0,0,0
14682,0,0,0
27780,0,0,0
351195,0,0,0
143644,0,0,0
261681,0,0,0
221843,0,0,0
111749,0,0,0
196579,0,0,0
340812,0,0,0
299265,0,0,0
203448,0,0,0
327754,0,0,0
255180,0,0,0
94490,0,0,0
271502,0,0,0
301312,0,0,0
326714,0,0,0
246150,0,0,0
47614,0,0,0
17021,0,0,0
317063,0,0,0
297093,0,0,0
295904,0,0,0
22232,0,0,0
382042,0,0,0
195854,0,0,0
207015,0,0,0
359601,0,0,0
84143,0,0,0
19688,0,0,0
352858,0,0,0
140032,0,0,0
355376,0,0,0
121021,0,0,0
395048,0,0,0
139856,0,0,0
232707,0,0,0
352065,0,0,0
166166,0,0,0
21002,0,0,0
59828,0,0,0
260617,0,0,0
175717,0,0,0
145228,0,0,0
68820,0,0,0
164674,0,0,0
59149,0,0,0
299556,0,0,0
43437,0,0,0
127865,0,0,0
133721,0,0,0
277366,0,0,0
259785,0,0,0
127119,0,0,0
75993,0,0,0
201753,0,0,0
161511,0,0,0
329470,0,0,0
3345,0,0,0
337022,0,0,0
346661,0,0,0
34000,0,0,0
156977,0,0,0
151314,0,0,0
136311,0,0,0
310159,0,0,0
98708,0,0,0
59650,0,0,0
149187,0,0,0
383111,0,0,0
144487,0,0,0
47267,0,0,0
187471,0,0,0
331204,0,0,0
277140,0,0,0
126429,0,0,0
347947,0,0,0
402580,0,0,0
377901,0,0,0
154676,0,0,0
241597,0,0,0
235322,0,0,0
55393,0,0,0
67415,0,0,0
102140,0,0,0
283450,0,0,0
239427,0,0,0
750,0,0,0
26276,0,0,0
35616,0,0,0
189077,0,0,0
220932,0,0,0
372341,0,0,0
338058,0,0,0
149959,0,0,0
45560,0,0,0
187742,0,0,0
383885,0,0,0
261855,0,0,0
324768,0,0,0
253287,0,0,0
310675,0,0,0
68281,0,0,0
291574,0,0,0
213152,0,0,0
346890,0,0,0
298108,0,0,0
333568,0,0,0
339386,0,0,0
353974,0,0,0
265670,0,0,0
162564,0,0,0
67871,0,0,0
368999,0,0,0
2108,0,0,0
305543,0,0,0
266711,0,0,0
278613,0,0,0
13208,0,0,0
325507,0,0,0
321268,0,0,0
270256,0,0,0
115987,0,0,0
249152,0,0,0
21013,0,0,0
225270,0,0,0
404163,0,0,0
41870,0,0,0
382995,0,0,0
95950,0,0,0
113021,0,0,0
405398,0,0,0
256956,0,0,0
334208,0,0,0
172087,0,0,0
263120,0,0,0
128573,0,0,0
98431,0,0,0
267680,0,0,0
251556,0,0,0
140951,0,0,0
99047,0,0,0
335171,0,0,0
233022,0,0,0
145274,0,0,0
268335,0,0,0
277987,0,0,0
129491,0,0,0
343172,0,0,0
200388,0,0,0
229623,0,0,0
257746,0,0,0
229306,0,0,0
107075,0,0,0
62765,0,0,0
159108,0,0,0
103871,0,0,0
3022,0,0,0
291236,0,0,0
410992,0,0,0
386093,0,0,0
65540,0,0,0
303433,0,0,0
142819,0,0,0
293189,0,0,0
131633,0,0,0
381824,0,0,0
305059,0,0,0
285494,0,0,0
348633,0,0,0
265582,0,0,0
154051,0,0,0
121493,0,0,0
359553,0,0,0
340039,0,0,0
330666,0,0,0
296822,0,0,0
129728,0,0,0
341886,0,0,0
40818,0,0,0
314926,0,0,0
102971,0,0,0
406502,0,0,0
276557,0,0,0
372118,0,0,0
125484,0,0,0
238124,0,0,0
259391,0,0,0
351974,0,0,0
332322,0,0,0
121700,0,0,0
383914,0,0,0
349193,0,0,0
161073,0,0,0
323712,0,0,0
153693,0,0,0
349285,0,0,0
169337,0,0,0
276809,0,0,0
64906,0,0,0
103949,0,0,0
26639,0,0,0
42516,0,0,0
339010,0,0,0
400438,0,0,0
253723,0,0,0
406881,0,0,0
229331,0,0,0
32399,0,0,0
158959,0,0,0
380044,0,0,0
107422,0,0,0
141181,0,0,0
214879,0,0,0
392997,0,0,0
133514,0,0,0
184216,0,0,0
246163,0,0,0
248662,0,0,0
128599,0,0,0
178116,0,0,0
190082,0,0,0
126386,0,0,0
333842,0,0,0
152216,0,0,0
258611,0,0,0
293330,0,0,0
184147,0,0,0
98999,0,0,0
339542,0,0,0
370506,0,0,0
139063,0,0,0
37413,0,0,0
345416,0,0,0
34259,0,0,0
25959,0,0,0
47780,0,0,0
259155,0,0,0
33802,0,0,0
114694,0,0,0
1985,0,0,0
70173,0,0,0
320744,0,0,0
274440,0,0,0
9923,0,0,0
70027,0,0,0
118738,0,0,0
4453,0,0,0
91052,0,0,0
249953,0,0,0
119095,0,0,0
143687,0,0,0
388719,0,0,0
404371,0,0,0
312023,0,0,0
282773,0,0,0
12830,0,0,0
158900,0,0,0
28532,0,0,0
255968,0,0,0
270690,0,0,0
165582,0,0,0
169079,0,0,0
56416,0,0,0
404202,0,0,0
239272,0,0,0
161605,0,0,0
162678,0,0,0
83900,0,0,0
24460,0,0,0
46897,0,0,0
283731,0,0,0
139941,0,0,0
394205,0,0,0
113540,0,0,0
66663,0,0,0
282248,0,0,0
174258,0,0,0
171762,0,0,0
200259,0,0,0
395611,0,0,0
253429,0,0,0
233066,0,0,0
230684,0,0,0
402411,0,0,0
297582,0,0,0
161065,0,0,0
198286,0,0,0
325779,0,0,0
155762,0,0,0
245721,0,0,0
266529,0,0,0
50862,0,0,0
319419,0,0,0
23209,0,0,0
178299,0,0,0
337609,0,0,0
22181,0,0,0
127957,0,0,0
334348,0,0,0
219628,0,0,0
15658,0,0,0
199251,0,0,0
34654,0,0,0
381609,0,0,0
349281,0,0,0
266003,0,0,0
154432,0,0,0
192840,0,0,0
234510,0,0,0
32272,0,0,0
178860,0,0,0
371923,0,0,0
153985,0,0,0
15577,0,0,0
244499,0,0,0
19328,0,0,0
121794,0,0,0
238551,0,0,0
193262,0,0,0
348635,0,0,0
354452,0,0,0
182198,0,0,0
355636,0,0,0
83749,0,0,0
259575,0,0,0
212724,0,0,0
5900,0,0,0
245207,0,0,0
351298,0,0,0
129780,0,0,0
209746,0,0,0
177773,0,0,0
239350,0,0,0
171799,0,0,0
75120,0,0,0
381472,0,0,0
240709,0,0,0
66855,0,0,0
151628,0,0,0
188453,0,0,0
354145,0,0,0
207010,0,0,0
71641,0,0,0
117613,0,0,0
391486,0,0,0
166916,0,0,0
44429,0,0,0
234782,0,0,0
47059,0,0,0
404500,0,0,0
1443,0,0,0
243552,0,0,0
401377,0,0,0
265700,0,0,0
264254,0,0,0
147997,0,0,0
178588,0,0,0
113520,0,0,0
163189,0,0,0
261642,0,0,0
178313,0,0,0
194604,0,0,0
173254,0,0,0
186415,0,0,0
235020,0,0,0
298811,0,0,0
393693,0,0,0
99319,0,0,0
318154,0,0,0
125422,0,0,0
359937,0,0,0
383108,0,0,0
166843,0,0,0
8725,0,0,0
29228,0,0,0
301686,0,0,0
162007,0,0,0
151508,0,0,0
46858,0,0,0
1247,0,0,0
396786,0,0,0
263854,0,0,0
79658,0,0,0
276093,0,0,0
324533,0,0,0
90662,0,0,0
303701,0,0,0
58679,0,0,0
324955,0,0,0
396472,0,0,0
46633,0,0,0
126388,0,0,0
179155,0,0,0
398098,0,0,0
25977,0,0,0
110337,0,0,0
253343,0,0,0
56984,0,0,0
180320,0,0,0
316761,0,0,0
333846,0,0,0
186980,0,0,0
286976,0,0,0
272973,0,0,0
133701,0,0,0
391263,0,0,0
307125,0,0,0
362357,0,0,0
377458,0,0,0
135899,0,0,0
102187,0,0,0
20591,0,0,0
244466,0,0,0
63263,0,0,0
223769,0,0,0
258734,0,0,0
355138,0,0,0
270,0,0,0
271693,0,0,0
175821,0,0,0
311871,0,0,0
8588,0,0,0
292840,0,0,0
385103,0,0,0
46075,0,0,0
15005,0,0,0
347999,0,0,0
165706,0,0,0
273378,0,0,0
85692,0,0,0
71887,0,0,0
162559,0,0,0
211028,0,0,0
89111,0,0,0
56853,0,0,0
390811,0,0,0
106693,0,0,0
144039,0,0,0
271587,0,0,0
271740,0,0,0
254991,0,0,0
122442,0,0,0
292521,0,0,0
160499,0,0,0
61133,0,0,0
257342,0,0,0
140765,0,0,0
64181,0,0,0
166680,0,0,0
124237,0,0,0
348306,0,0,0
117651,0,0,0
107701,0,0,0
306192,0,0,0
30507,0,0,0
63995,0,0,0
343689,0,0,0
163263,0,0,0
26019,0,0,0
231803,0,0,0
165157,0,0,0
5986,0,0,0
127923,0,0,0
285633,0,0,0
294910,0,0,0
155571,0,0,0
354806,0,0,0
92285,0,0,0
390098,0,0,0
124910,0,0,0
9172,0,0,0
92308,0,0,0
14422,0,0,0
292080,0,0,0
401753,0,0,0
349307,0,0,0
41472,0,0,0
40560,0,0,0
102145,0,0,0
66861,0,0,0
21979,0,0,0
294753,0,0,0
293120,0,0,0
286160,0,0,0
173349,0,0,0
310244,0,0,0
6231,0,0,0
86159,0,0,0
62208,0,0,0
400242,0,0,0
206170,0,0,0
171738,0,0,0
19189,0,0,0
393424,0,0,0
320364,0,0,0
350979,0,0,0
315173,0,0,0
139256,0,0,0
168075,0,0,0
314700,0,0,0
320107,0,0,0
8279,0,0,0
175583,0,0,0
902,0,0,0
11759,0,0,0
314346,0,0,0
83810,0,0,0
347091,0,0,0
236743,0,0,0
107508,0,0,0
5214,0,0,0
15681,0,0,0
56725,0,0,0
40301,0,0,0
162318,0,0,0
362068,0,0,0
64178,0,0,0
94263,0,0,0
221633,0,0,0
116503,0,0,0
384521,0,0,0
352981,0,0,0
173685,0,0,0
269765,0,0,0
261715,0,0,0
110709,0,0,0
273575,0,0,0
154099,0,0,0
49351,0,0,0
99777,0,0,0
202177,0,0,0
137484,0,0,0
238409,0,0,0
295576,0,0,0
232575,0,0,0
288633,0,0,0
283781,0,0,0
12955,0,0,0
128968,0,0,0
37288,0,0,0
148079,0,0,0
211584,0,0,0
288827,0,0,0
117669,0,0,0
284901,0,0,0
131101,0,0,0
261213,0,0,0
378509,0,0,0
135584,0,0,0
293033,0,0,0
38150,0,0,0
346620,0,0,0
164844,0,0,0
308504,0,0,0
93621,0,0,0
371989,0,0,0
356736,0,0,0
335753,0,0,0
395214,0,0,0
376572,0,0,0
44319,0,0,0
229238,0,0,0
374313,0,0,0
398246,0,0,0
299803,0,0,0
130697,0,0,0
224364,0,0,0
105721,0,0,0
129320,0,0,0
346589,0,0,0
278422,0,0,0
157274,0,0,0
7944,0,0,0
76944,0,0,0
340711,0,0,0
368132,0,0,0
112504,0,0,0
76741,0,0,0
152726,0,0,0
146953,0,0,0
85700,0,0,0
287920,0,0,0
86587,0,0,0
265984,0,0,0
344387,0,0,0
166006,0,0,0
6707,0,0,0
168452,0,0,0
13731,0,0,0
60440,0,0,0
246698,0,0,0
390361,0,0,0
385607,0,0,0
94970,0,0,0
296607,0,0,0
329287,0,0,0
109527,0,0,0
278746,0,0,0
366958,0,0,0
107110,0,0,0
126363,0,0,0
389373,0,0,0
49170,0,0,0
58652,0,0,0
44791,0,0,0
34372,0,0,0
216105,0,0,0
295054,0,0,0
329642,0,0,0
17032,0,0,0
274773,0,0,0
74810,0,0,0
247005,0,0,0
222722,0,0,0
221227,0,0,0
184294,0,0,0
264151,0,0,0
266087,0,0,0
248178,0,0,0
6007,0,0,0
120170,0,0,0
119263,0,0,0
185130,0,0,0
11022,0,0,0
113412,0,0,0
323366,0,0,0
254939,0,0,0
69319,0,0,0
305201,0,0,0
346323,0,0,0
190919,0,0,0
117203,0,0,0
145558,0,0,0
261061,0,0,0
336476,0,0,0
406319,0,0,0
392762,0,0,0
83423,0,0,0
122754,0,0,0
93782,0,0,0
168813,0,0,0
27870,0,0,0
149186,0,0,0
363451,0,0,0
196168,0,0,0
26272,0,0,0
307938,0,0,0
8187,0,0,0
327018,0,0,0
331198,0,0,0
385624,0,0,0
15510,0,0,0
68743,0,0,0
24614,0,0,0
292688,0,0,0
282298,0,0,0
192019,0,0,0
160967,0,0,0
134028,0,0,0
87039,0,0,0
357676,0,0,0
25264,0,0,0
218748,0,0,0
320145,0,0,0
306511,0,0,0
317516,0,0,0
48658,0,0,0
367281,0,0,0
61767,0,0,0
182759,0,0,0
405037,0,0,0
357339,0,0,0
388626,0,0,0
87558,0,0,0
96127,0,0,0
408034,0,0,0
323988,0,0,0
158165,0,0,0
203548,0,0,0
246648,0,0,0
55152,0,0,0
27695,0,0,0
219098,0,0,0
196620,0,0,0
165736,0,0,0
266365,0,0,0
313198,0,0,0
26847,0,0,0
121738,0,0,0
195352,0,0,0
256255,0,0,0
15090,0,0,0
38535,0,0,0
3941,0,0,0
331259,0,0,0
376975,0,0,0
122014,0,0,0
37529,0,0,0
332390,0,0,0
390386,0,0,0
371432,0,0,0
170309,0,0,0
394685,0,0,0
341919,0,0,0
383782,0,0,0
132105,0,0,0
86341,0,0,0
410828,0,0,0
403186,0,0,0
349765,0,0,0
310191,0,0,0
24751,0,0,0
151985,0,0,0
245847,0,0,0
57884,0,0,0
407652,0,0,0
247015,0,0,0
83844,0,0,0
15753,0,0,0
79473,0,0,0
194659,0,0,0
51084,0,0,0
179274,0,0,0
294833,0,0,0
93455,0,0,0
92642,0,0,0
221953,0,0,0
301739,0,0,0
405578,0,0,0
387288,0,0,0
71321,0,0,0
208022,0,0,0
1001,0,0,0
281607,0,0,0
227283,0,0,0
30548,0,0,0
222292,0,0,0
242368,0,0,0
308710,0,0,0
57566,0,0,0
38295,0,0,0
56679,0,0,0
382445,0,0,0
178557,0,0,0
226476,0,0,0
222473,0,0,0
182782,0,0,0
7381,0,0,0
222582,0,0,0
71869,0,0,0
122226,0,0,0
306150,0,0,0
324786,0,0,0
42405,0,0,0
243921,0,0,0
232083,0,0,0
149809,0,0,0
234477,0,0,0
143343,0,0,0
54372,0,0,0
93522,0,0,0
84327,0,0,0
144459,0,0,0
367174,0,0,0
395489,0,0,0
94264,0,0,0
300176,0,0,0
334132,0,0,0
95359,0,0,0
166059,0,0,0
381345,0,0,0
159403,0,0,0
50239,0,0,0
2395,0,0,0
63531,0,0,0
270267,0,0,0
327277,0,0,0
59910,0,0,0
155621,0,0,0
404830,0,0,0
57448,0,0,0
136015,0,0,0
267637,0,0,0
286201,0,0,0
391905,0,0,0
105361,0,0,0
366858,0,0,0
361638,0,0,0
94217,0,0,0
265942,0,0,0
12765,0,0,0
293085,0,0,0
33845,0,0,0
153535,0,0,0
131540,0,0,0
29515,0,0,0
308477,0,0,0
272808,0,0,0
171728,0,0,0
44126,0,0,0
270471,0,0,0
217244,0,0,0
95499,0,0,0
171080,0,0,0
96997,0,0,0
281786,0,0,0
9841,0,0,0
98625,0,0,0
396668,0,0,0
249849,0,0,0
389287,0,0,0
209382,0,0,0
282905,0,0,0
129474,0,0,0
265586,0,0,0
4419,0,0,0
123118,0,0,0
255573,0,0,0
131830,0,0,0
92710,0,0,0
334241,0,0,0
331367,0,0,0
75182,0,0,0
336382,0,0,0
408866,0,0,0
407840,0,0,0
149922,0,0,0
85518,0,0,0
67500,0,0,0
274636,0,0,0
64036,0,0,0
147377,0,0,0
381037,0,0,0
171043,0,0,0
123463,0,0,0
117670,0,0,0
11813,0,0,0
122816,0,0,0
202371,0,0,0
254948,0,0,0
337645,0,0,0
340520,0,0,0
149227,0,0,0
65768,0,0,0
158539,0,0,0
399061,0,0,0
101398,0,0,0
294690,0,0,0
238344,0,0,0
329438,0,0,0
375808,0,0,0
164598,0,0,0
171975,0,0,0
203341,0,0,0
278754,0,0,0
161430,0,0,0
239361,0,0,0
325459,0,0,0
325895,0,0,0
223042,0,0,0
157995,0,0,0
115741,0,0,0
156500,0,0,0
302094,0,0,0
85274,0,0,0
82099,0,0,0
119001,0,0,0
116696,0,0,0
6458,0,0,0
50099,0,0,0
171951,0,0,0
9142,0,0,0
360042,0,0,0
174276,0,0,0
207816,0,0,0
294514,0,0,0
321382,0,0,0
31304,0,0,0
62162,0,0,0
153004,0,0,0
145783,0,0,0
333736,0,0,0
344693,0,0,0
307633,0,0,0
407778,0,0,0
363299,0,0,0
315673,0,0,0
315843,0,0,0
202386,0,0,0
380768,0,0,0
159671,0,0,0
132381,0,0,0
288463,0,0,0
188538,0,0,0
375671,0,0,0
243270,0,0,0
302776,0,0,0
40349,0,0,0
25381,0,0,0
240360,0,0,0
19286,0,0,0
315496,0,0,0
403218,0,0,0
403854,0,0,0
11584,0,0,0
278392,0,0,0
151654,0,0,0
222232,0,0,0
205181,0,0,0
130465,0,0,0
231814,0,0,0
65989,0,0,0
120323,0,0,0
306235,0,0,0
336793,0,0,0
338949,0,0,0
340459,0,0,0
229831,0,0,0
258859,0,0,0
54022,0,0,0
363873,0,0,0
260844,0,0,0
97906,0,0,0
51049,0,0,0
134321,0,0,0
326797,0,0,0
113986,0,0,0
96646,0,0,0
237438,0,0,0
85361,0,0,0
286973,0,0,0
400020,0,0,0
268862,0,0,0
33625,0,0,0
2521,0,0,0
410703,0,0,0
268742,0,0,0
115944,0,0,0
347738,0,0,0
315305,0,0,0
181029,0,0,0
161718,0,0,0
255511,0,0,0
540,0,0,0
234257,0,0,0
291430,0,0,0
262661,0,0,0
62671,0,0,0
113200,0,0,0
30795,0,0,0
95243,0,0,0
177033,0,0,0
71485,0,0,0
266437,0,0,0
186770,0,0,0
231085,0,0,0
135259,0,0,0
376176,0,0,0
12806,0,0,0
162020,0,0,0
31425,0,0,0
51272,0,0,0
207689,0,0,0
276311,0,0,0
173770,0,0,0
121812,0,0,0
194112,0,0,0
409763,0,0,0
187171,0,0,0
391739,0,0,0
42817,0,0,0
121600,0,0,0
131575,0,0,0
247260,0,0,0
226877,0,0,0
169491,0,0,0
315161,0,0,0
88467,0,0,0
152390,0,0,0
22645,0,0,0
27095,0,0,0
18173,0,0,0
369581,0,0,0
86214,0,0,0
213379,0,0,0
196032,0,0,0
385364,0,0,0
138566,0,0,0
219961,0,0,0
205986,0,0,0
394317,0,0,0
12470,0,0,0
119658,0,0,0
28248,0,0,0
42132,0,0,0
375498,0,0,0
402004,0,0,0
172242,0,0,0
164848,0,0,0
405673,0,0,0
21811,0,0,0
70762,0,0,0
270723,0,0,0
239733,0,0,0
27598,0,0,0
108098,0,0,0
302706,0,0,0
400625,0,0,0
300571,0,0,0
366427,0,0,0
129052,0,0,0
136404,0,0,0
286889,0,0,0
138922,0,0,0
10031,0,0,0
65759,0,0,0
382390,0,0,0
350008,0,0,0
46378,0,0,0
33644,0,0,0
333676,0,0,0
232949,0,0,0
231618,0,0,0
343551,0,0,0
8821,0,0,0
111824,0,0,0
24576,0,0,0
263328,0,0,0
265598,0,0,0
190825,0,0,0
410289,0,0,0
287072,0,0,0
240829,0,0,0
277568,0,0,0
406959,0,0,0
140437,0,0,0
1897,0,0,0
254158,0,0,0
61123,0,0,0
121009,0,0,0
95919,0,0,0
382960,0,0,0
332009,0,0,0
8637,0,0,0
203864,0,0,0
191574,0,0,0
70889,0,0,0
323318,0,0,0
328021,0,0,0
13997,0,0,0
181189,0,0,0
296812,0,0,0
200409,0,0,0
152244,0,0,0
171258,0,0,0
351901,0,0,0
253352,0,0,0
163434,0,0,0
372465,0,0,0
381619,0,0,0
9294,0,0,0
228909,0,0,0
255836,0,0,0
305320,0,0,0
242115,0,0,0
350157,0,0,0
261571,0,0,0
398628,0,0,0
190529,0,0,0
378627,0,0,0
221946,0,0,0
309060,0,0,0
254941,0,0,0
327102,0,0,0
156082,0,0,0
371165,0,0,0
174450,0,0,0
22145,0,0,0
127354,0,0,0
181744,0,0,0
35672,0,0,0
102914,0,0,0
51462,0,0,0
153730,0,0,0
168213,0,0,0
388412,0,0,0
300778,0,0,0
25371,0,0,0
269493,0,0,0
308195,0,0,0
290995,0,0,0
165810,0,0,0
63947,0,0,0
284854,0,0,0
399759,0,0,0
287852,0,0,0
154666,0,0,0
291817,0,0,0
204229,0,0,0
254104,0,0,0
195014,0,0,0
355994,0,0,0
56766,0,0,0
16224,0,0,0
382868,0,0,0
331579,0,0,0
237144,0,0,0
166498,0,0,0
93876,0,0,0
196587,0,0,0
101190,0,0,0
825,0,0,0
408156,0,0,0
117343,0,0,0
22152,0,0,0
60092,0,0,0
219409,0,0,0
282387,0,0,0
300883,0,0,0
405676,0,0,0
403036,0,0,0
57209,0,0,0
185850,0,0,0
26011,0,0,0
327558,0,0,0
14633,0,0,0
269531,0,0,0
131552,0,0,0
43706,0,0,0
234991,0,0,0
49566,0,0,0
267811,0,0,0
377826,0,0,0
105910,0,0,0
58382,0,0,0
340465,0,0,0
387621,0,0,0
75167,0,0,0
127849,0,0,0
36142,0,0,0
263731,0,0,0
388652,0,0,0
14077,0,0,0
359934,0,0,0
300423,0,0,0
202842,0,0,0
130128,0,0,0
209684,0,0,0
388589,0,0,0
258439,0,0,0
282014,0,0,0
252360,0,0,0
116311,0,0,0
54480,0,0,0
383366,0,0,0
2662,0,0,0
185313,0,0,0
301538,0,0,0
176284,0,0,0
232039,0,0,0
143856,0,0,0
226978,0,0,0
231009,0,0,0
267957,0,0,0
410129,0,0,0
150497,0,0,0
143396,0,0,0
60505,0,0,0
126788,0,0,0
92849,0,0,0
50982,0,0,0
330428,0,0,0
367742,0,0,0
8441,0,0,0
160282,0,0,0
5110,0,0,0
399818,0,0,0
371374,0,0,0
294468,0,0,0
402077,0,0,0
135351,0,0,0
295008,0,0,0
388466,0,0,0
230395,0,0,0
63088,0,0,0
408433,0,0,0
341842,0,0,0
379512,0,0,0
290272,0,0,0
49496,0,0,0
264243,0,0,0
259289,0,0,0
195927,0,0,0
17252,0,0,0
76852,0,0,0
44221,0,0,0
172633,0,0,0
64281,0,0,0
81681,0,0,0
91588,0,0,0
251233,0,0,0
26534,0,0,0
352010,0,0,0
158721,0,0,0
293369,0,0,0
60641,0,0,0
233256,0,0,0
158810,0,0,0
261943,0,0,0
129561,0,0,0
374363,0,0,0
124649,0,0,0
330010,0,0,0
223564,0,0,0
284255,0,0,0
4036,0,0,0
239946,0,0,0
79119,0,0,0
205790,0,0,0
371803,0,0,0
83055,0,0,0
233073,0,0,0
1575,0,0,0
277000,0,0,0
347851,0,0,0
360036,0,0,0
388354,0,0,0
401476,0,0,0
31061,0,0,0
339959,0,0,0
260854,0,0,0
388747,0,0,0
244886,0,0,0
193997,0,0,0
11067,0,0,0
248867,0,0,0
151664,0,0,0
102553,0,0,0
60584,0,0,0
370238,0,0,0
49689,0,0,0
3475,0,0,0
396329,0,0,0
194498,0,0,0
329098,0,0,0
242578,0,0,0
94013,0,0,0
193904,0,0,0
157731,0,0,0
149063,0,0,0
320655,0,0,0
267841,0,0,0
141438,0,0,0
138941,0,0,0
313637,0,0,0
248203,0,0,0
23090,0,0,0
235401,0,0,0
2187,0,0,0
212732,0,0,0
354987,0,0,0
95181,0,0,0
160397,0,0,0
324378,0,0,0
9067,0,0,0
391474,0,0,0
81846,0,0,0
163041,0,0,0
19718,0,0,0
324634,0,0,0
150758,0,0,0
278720,0,0,0
92241,0,0,0
58601,0,0,0
10750,0,0,0
323665,0,0,0
246804,0,0,0
134095,0,0,0
163247,0,0,0
365894,0,0,0
225312,0,0,0
150831,0,0,0
267307,0,0,0
315203,0,0,0
252321,0,0,0
227127,0,0,0
133498,0,0,0
408954,0,0,0
195680,0,0,0
26609,0,0,0
391622,0,0,0
245508,0,0,0
225529,0,0,0
66137,0,0,0
390194,0,0,0
265400,0,0,0
358337,0,0,0
117588,0,0,0
103720,0,0,0
330738,0,0,0
17812,0,0,0
342559,0,0,0
355724,0,0,0
289585,0,0,0
397969,0,0,0
281593,0,0,0
192635,0,0,0
12681,0,0,0
168322,0,0,0
223646,0,0,0
200817,0,0,0
303280,0,0,0
353450,0,0,0
221517,0,0,0
12823,0,0,0
398522,0,0,0
273494,0,0,0
166371,0,0,0
283281,0,0,0
309884,0,0,0
89185,0,0,0
239459,0,0,0
20965,0,0,0
324697,0,0,0
323057,0,0,0
345603,0,0,0
137560,0,0,0
288003,0,0,0
69869,0,0,0
64806,0,0,0
301999,0,0,0
29088,0,0,0
209187,0,0,0
155072,0,0,0
296360,0,0,0
400885,0,0,0
113585,0,0,0
222848,0,0,0
362772,0,0,0
355056,0,0,0
340099,0,0,0
21733,0,0,0
229965,0,0,0
274430,0,0,0
5846,0,0,0
156774,0,0,0
206701,0,0,0
389530,0,0,0
190984,0,0,0
88549,0,0,0
404968,0,0,0
95282,0,0,0
216450,0,0,0
130870,0,0,0
101553,0,0,0
379507,0,0,0
185598,0,0,0
60741,0,0,0
221447,0,0,0
209261,0,0,0
209528,0,0,0
139682,0,0,0
148467,0,0,0
203300,0,0,0
97896,0,0,0
183699,0,0,0
282906,0,0,0
322835,0,0,0
303109,0,0,0
373454,0,0,0
86263,0,0,0
73218,0,0,0
373961,0,0,0
171114,0,0,0
10017,0,0,0
157620,0,0,0
269694,0,0,0
177151,0,0,0
250350,0,0,0
156666,0,0,0
163684,0,0,0
346994,0,0,0
225827,0,0,0
292944,0,0,0
116337,0,0,0
346042,0,0,0
310503,0,0,0
20174,0,0,0
398786,0,0,0
210777,0,0,0
369363,0,0,0
22627,0,0,0
281029,0,0,0
238147,0,0,0
362426,0,0,0
353206,0,0,0
248341,0,0,0
61625,0,0,0
303408,0,0,0
192556,0,0,0
36393,0,0,0
56938,0,0,0
406938,0,0,0
227050,0,0,0
342137,0,0,0
165714,0,0,0
143008,0,0,0
330464,0,0,0
79023,0,0,0
82314,0,0,0
171376,0,0,0
266027,0,0,0
373306,0,0,0
285838,0,0,0
293218,0,0,0
144183,0,0,0
116745,0,0,0
6761,0,0,0
39934,0,0,0
36417,0,0,0
201580,0,0,0
315525,0,0,0
113556,0,0,0
266339,0,0,0
232058,0,0,0
37064,0,0,0
230422,0,0,0
25428,0,0,0
107832,0,0,0
214605,0,0,0
248355,0,0,0
4062,0,0,0
121254,0,0,0
190774,0,0,0
341246,0,0,0
134326,0,0,0
338869,0,0,0
350642,0,0,0
376021,0,0,0
98457,0,0,0
327483,0,0,0
79808,0,0,0
410966,0,0,0
105552,0,0,0
323946,0,0,0
290470,0,0,0
59380,0,0,0
184972,0,0,0
275205,0,0,0
228428,0,0,0
24636,0,0,0
408640,0,0,0
171570,0,0,0
302742,0,0,0
379802,0,0,0
28016,0,0,0
298923,0,0,0
406369,0,0,0
135960,0,0,0
351847,0,0,0
30234,0,0,0
309626,0,0,0
405807,0,0,0
238593,0,0,0
302234,0,0,0
298632,0,0,0
106578,0,0,0
85976,0,0,0
354080,0,0,0
101090,0,0,0
322720,0,0,0
13217,0,0,0
271100,0,0,0
105013,0,0,0
66007,0,0,0
201986,0,0,0
377090,0,0,0
138133,0,0,0
347150,0,0,0
259364,0,0,0
165953,0,0,0
231687,0,0,0
46589,0,0,0
230781,0,0,0
404078,0,0,0
380310,0,0,0
270447,0,0,0
100989,0,0,0
402766,0,0,0
317772,0,0,0
207197,0,0,0
308739,0,0,0
191360,0,0,0
310120,0,0,0
23233,0,0,0
386395,0,0,0
284395,0,0,0
401588,0,0,0
342540,0,0,0
64282,0,0,0
308388,0,0,0
205687,0,0,0
373796,0,0,0
112144,0,0,0
282520,0,0,0
89299,0,0,0
281481,0,0,0
374482,0,0,0
354365,0,0,0
268238,0,0,0
154846,0,0,0
191944,0,0,0
254662,0,0,0
221644,0,0,0
220955,0,0,0
334100,0,0,0
120954,0,0,0
244056,0,0,0
20750,0,0,0
94028,0,0,0
257233,0,0,0
223985,0,0,0
149726,0,0,0
132761,0,0,0
359842,0,0,0
337535,0,0,0
32683,0,0,0
81787,0,0,0
338950,0,0,0
3991,0,0,0
304158,0,0,0
295656,0,0,0
36615,0,0,0
390983,0,0,0
236622,0,0,0
104577,0,0,0
159094,0,0,0
406477,0,0,0
387536,0,0,0
328031,0,0,0
183649,0,0,0
170654,0,0,0
6207,0,0,0
277203,0,0,0
334475,0,0,0
367040,0,0,0
391011,0,0,0
399382,0,0,0
72910,0,0,0
195729,0,0,0
212944,0,0,0
410630,0,0,0
288321,0,0,0
265779,0,0,0
265052,0,0,0
290336,0,0,0
149445,0,0,0
310277,0,0,0
359621,0,0,0
163241,0,0,0
302188,0,0,0
33543,0,0,0
199315,0,0,0
181286,0,0,0
155482,0,0,0
108239,0,0,0
252234,0,0,0
177821,0,0,0
175248,0,0,0
363598,0,0,0
347237,0,0,0
255654,0,0,0
215382,0,0,0
312974,0,0,0
316935,0,0,0
299758,0,0,0
258934,0,0,0
19681,0,0,0
59442,0,0,0
216133,0,0,0
339710,0,0,0
142060,0,0,0
51535,0,0,0
236159,0,0,0
215369,0,0,0
250544,0,0,0
379657,0,0,0
134912,0,0,0
326451,0,0,0
14754,0,0,0
202843,0,0,0
327668,0,0,0
347161,0,0,0
402995,0,0,0
386650,0,0,0
86429,0,0,0
88862,0,0,0
260825,0,0,0
163835,0,0,0
318433,0,0,0
342623,0,0,0
156152,0,0,0
65311,0,0,0
6966,0,0,0
337978,0,0,0
103288,0,0,0
6608,0,0,0
174951,0,0,0
62957,0,0,0
264245,0,0,0
217880,0,0,0
258963,0,0,0
153510,0,0,0
378434,0,0,0
302226,0,0,0
312424,0,0,0
159104,0,0,0
172812,0,0,0
2407,0,0,0
287054,0,0,0
71684,0,0,0
302167,0,0,0
145805,0,0,0
48517,0,0,0
114307,0,0,0
36452,0,0,0
382377,0,0,0
89400,0,0,0
348918,0,0,0
114505,0,0,0
255843,0,0,0
98270,0,0,0
391346,0,0,0
212592,0,0,0
277543,0,0,0
74559,0,0,0
386445,0,0,0
327848,0,0,0
245383,0,0,0
51676,0,0,0
293622,0,0,0
155333,0,0,0
45085,0,0,0
126832,0,0,0
71676,0,0,0
29014,0,0,0
83486,0,0,0
14382,0,0,0
335342,0,0,0
271478,0,0,0
155064,0,0,0
224451,0,0,0
185404,0,0,0
26409,0,0,0
390081,0,0,0
298355,0,0,0
266397,0,0,0
199838,0,0,0
370383,0,0,0
194240,0,0,0
251249,0,0,0
283881,0,0,0
305727,0,0,0
10708,0,0,0
353682,0,0,0
206042,0,0,0
211112,0,0,0
45160,0,0,0
287867,0,0,0
1436,0,0,0
274551,0,0,0
406523,0,0,0
149189,0,0,0
197071,0,0,0
15211,0,0,0
42728,0,0,0
404810,0,0,0
244956,0,0,0
339500,0,0,0
372933,0,0,0
268376,0,0,0
197204,0,0,0
369811,0,0,0
63933,0,0,0
393198,0,0,0
87717,0,0,0
153077,0,0,0
363786,0,0,0
61468,0,0,0
273078,0,0,0
192155,0,0,0
47377,0,0,0
209576,0,0,0
140420,0,0,0
210052,0,0,0
321054,0,0,0
4071,0,0,0
82494,0,0,0
323923,0,0,0
110048,0,0,0
308458,0,0,0
224812,0,0,0
187006,0,0,0
271486,0,0,0
155824,0,0,0
380332,0,0,0
67554,0,0,0
265656,0,0,0
192460,0,0,0
144406,0,0,0
202681,0,0,0
28812,0,0,0
130777,0,0,0
128560,0,0,0
233834,0,0,0
312351,0,0,0
29220,0,0,0
189608,0,0,0
6664,0,0,0
144020,0,0,0
32182,0,0,0
25342,0,0,0
33812,0,0,0
136276,0,0,0
318110,0,0,0
246415,0,0,0
277589,0,0,0
333860,0,0,0
277002,0,0,0
331507,0,0,0
323941,0,0,0
197033,0,0,0
389692,0,0,0
320631,0,0,0
67558,0,0,0
195698,0,0,0
111297,0,0,0
264132,0,0,0
132416,0,0,0
343974,0,0,0
316032,0,0,0
180519,0,0,0
367651,0,0,0
177423,0,0,0
106426,0,0,0
406950,0,0,0
181080,0,0,0
241500,0,0,0
39540,0,0,0
246007,0,0,0
45971,0,0,0
68200,0,0,0
302002,0,0,0
404772,0,0,0
341145,0,0,0
235678,0,0,0
344367,0,0,0
129650,0,0,0
333839,0,0,0
381421,0,0,0
293641,0,0,0
49648,0,0,0
116032,0,0,0
26533,0,0,0
373798,0,0,0
289882,0,0,0
406011,0,0,0
320639,0,0,0
33712,0,0,0
112397,0,0,0
270630,0,0,0
304750,0,0,0
239979,0,0,0
52681,0,0,0
264471,0,0,0
17528,0,0,0
356952,0,0,0
175221,0,0,0
111099,0,0,0
276902,0,0,0
229490,0,0,0
57071,0,0,0
138110,0,0,0
161504,0,0,0
173412,0,0,0
295376,0,0,0
218416,0,0,0
163885,0,0,0
105861,0,0,0
52791,0,0,0
227778,0,0,0
74858,0,0,0
384501,0,0,0
132051,0,0,0
219861,0,0,0
326565,0,0,0
129171,0,0,0
269008,0,0,0
122545,0,0,0
87604,0,0,0
356136,0,0,0
265797,0,0,0
162092,0,0,0
48110,0,0,0
242091,0,0,0
375447,0,0,0
73934,0,0,0
408274,0,0,0
264350,0,0,0
25124,0,0,0
10709,0,0,0
22284,0,0,0
193527,0,0,0
191129,0,0,0
78201,0,0,0
39178,0,0,0
164309,0,0,0
71068,0,0,0
390581,0,0,0
323651,0,0,0
101704,0,0,0
233616,0,0,0
16048,0,0,0
65935,0,0,0
75515,0,0,0
256471,0,0,0
22944,0,0,0
264319,0,0,0
58384,0,0,0
78495,0,0,0
164597,0,0,0
81514,0,0,0
127022,0,0,0
9947,0,0,0
185748,0,0,0
235922,0,0,0
114442,0,0,0
238791,0,0,0
223887,0,0,0
42277,0,0,0
91385,0,0,0
78389,0,0,0
64792,0,0,0
161226,0,0,0
266966,0,0,0
26427,0,0,0
99616,0,0,0
241135,0,0,0
201473,0,0,0
79389,0,0,0
236256,0,0,0
313999,0,0,0
301665,0,0,0
240691,0,0,0
384811,0,0,0
54490,0,0,0
38830,0,0,0
91724,0,0,0
341999,0,0,0
363261,0,0,0
354343,0,0,0
336156,0,0,0
292564,0,0,0
216327,0,0,0
373290,0,0,0
397172,0,0,0
146515,0,0,0
294364,0,0,0
298276,0,0,0
102116,0,0,0
89269,0,0,0
39532,0,0,0
293733,0,0,0
354820,0,0,0
356743,0,0,0
300151,0,0,0
161178,0,0,0
264147,0,0,0
115018,0,0,0
396245,0,0,0
89456,0,0,0
13226,0,0,0
38722,0,0,0
400327,0,0,0
398159,0,0,0
290499,0,0,0
410609,0,0,0
25857,0,0,0
266907,0,0,0
49987,0,0,0
144309,0,0,0
316678,0,0,0
357990,0,0,0
42094,0,0,0
318096,0,0,0
238508,0,0,0
380079,0,0,0
340821,0,0,0
377660,0,0,0
55274,0,0,0
349588,0,0,0
23086,0,0,0
242189,0,0,0
267091,0,0,0
110024,0,0,0
262882,0,0,0
21942,0,0,0
77389,0,0,0
66184,0,0,0
312447,0,0,0
33908,0,0,0
379071,0,0,0
11660,0,0,0
268942,0,0,0
296273,0,0,0
58974,0,0,0
280913,0,0,0
145171,0,0,0
309086,0,0,0
320789,0,0,0
323976,0,0,0
212450,0,0,0
408016,0,0,0
78965,0,0,0
122429,0,0,0
23512,0,0,0
85114,0,0,0
224426,0,0,0
151689,0,0,0
58178,0,0,0
280616,0,0,0
410033,0,0,0
22021,0,0,0
118089,0,0,0
310150,0,0,0
194865,0,0,0
216929,0,0,0
94675,0,0,0
137622,0,0,0
78745,0,0,0
121523,0,0,0
376478,0,0,0
400969,0,0,0
222011,0,0,0
172549,0,0,0
160349,0,0,0
75090,0,0,0
172230,0,0,0
91503,0,0,0
9862,0,0,0
290927,0,0,0
386779,0,0,0
397170,0,0,0
254552,0,0,0
60561,0,0,0
68060,0,0,0
325858,0,0,0
55389,0,0,0
354335,0,0,0
262937,0,0,0
345197,0,0,0
70415,0,0,0
216625,0,0,0
202039,0,0,0
215692,0,0,0
27951,0,0,0
214457,0,0,0
77732,0,0,0
78405,0,0,0
218205,0,0,0
256058,0,0,0
260972,0,0,0
243916,0,0,0
241103,0,0,0
385349,0,0,0
333258,0,0,0
182298,0,0,0
183766,0,0,0
350589,0,0,0
50104,0,0,0
308752,0,0,0
209196,0,0,0
172687,0,0,0
226967,0,0,0
303825,0,0,0
97922,0,0,0
374664,0,0,0
185602,0,0,0
304224,0,0,0
46040,0,0,0
134324,0,0,0
144310,0,0,0
101216,0,0,0
309761,0,0,0
150845,0,0,0
30366,0,0,0
213343,0,0,0
158223,0,0,0
266884,0,0,0
367304,0,0,0
181477,0,0,0
30198,0,0,0
26494,0,0,0
4744,0,0,0
151627,0,0,0
397201,0,0,0
378026,0,0,0
388386,0,0,0
219443,0,0,0
197700,0,0,0
27883,0,0,0
391067,0,0,0
245277,0,0,0
223065,0,0,0
199130,0,0,0
222461,0,0,0
375220,0,0,0
269868,0,0,0
117619,0,0,0
267575,0,0,0
182359,0,0,0
250927,0,0,0
257976,0,0,0
280584,0,0,0
349407,0,0,0
385743,0,0,0
279418,0,0,0
158903,0,0,0
242620,0,0,0
300699,0,0,0
156606,0,0,0
98359,0,0,0
14452,0,0,0
95778,0,0,0
387573,0,0,0
175909,0,0,0
406392,0,0,0
132774,0,0,0
45388,0,0,0
290715,0,0,0
235120,0,0,0
272373,0,0,0
256407,0,0,0
286096,0,0,0
93427,0,0,0
12171,0,0,0
390981,0,0,0
48347,0,0,0
112448,0,0,0
276088,0,0,0
215052,0,0,0
138421,0,0,0
67708,0,0,0
213326,0,0,0
330412,0,0,0
160612,0,0,0
138876,0,0,0
117852,0,0,0
239918,0,0,0
346896,0,0,0
304589,0,0,0
169683,0,0,0
74967,0,0,0
49443,0,0,0
297025,0,0,0
285240,0,0,0
190777,0,0,0
122717,0,0,0
168011,0,0,0
407583,0,0,0
287746,0,0,0
305216,0,0,0
320251,0,0,0
140921,0,0,0
290365,0,0,0
298974,0,0,0
183882,0,0,0
121012,0,0,0
131458,0,0,0
296864,0,0,0
146391,0,0,0
315577,0,0,0
53009,0,0,0
385108,0,0,0
37319,0,0,0
7288,0,0,0
215923,0,0,0
376473,0,0,0
150488,0,0,0
15279,0,0,0
301271,0,0,0
273039,0,0,0
343302,0,0,0
26576,0,0,0
218679,0,0,0
385602,0,0,0
105043,0,0,0
155377,0,0,0
155045,0,0,0
61792,0,0,0
210492,0,0,0
341305,0,0,0
185312,0,0,0
232163,0,0,0
289719,0,0,0
207349,0,0,0
296593,0,0,0
174247,0,0,0
62018,0,0,0
325428,0,0,0
355854,0,0,0
131357,0,0,0
148956,0,0,0
333058,0,0,0
68881,0,0,0
87990,0,0,0
363549,0,0,0
105886,0,0,0
171197,0,0,0
250063,0,0,0
282590,0,0,0
88121,0,0,0
331178,0,0,0
260095,0,0,0
311943,0,0,0
182195,0,0,0
83361,0,0,0
198899,0,0,0
394109,0,0,0
139329,0,0,0
189430,0,0,0
345429,0,0,0
394343,0,0,0
143320,0,0,0
150267,0,0,0
399781,0,0,0
86104,0,0,0
371312,0,0,0
131365,0,0,0
247784,0,0,0
332625,0,0,0
3239,0,0,0
217016,0,0,0
357891,0,0,0
46735,0,0,0
53223,0,0,0
166573,0,0,0
411320,0,0,0
355437,0,0,0
83992,0,0,0
402797,0,0,0
13542,0,0,0
129215,0,0,0
185462,0,0,0
351451,0,0,0
264483,0,0,0
285479,0,0,0
362867,0,0,0
279871,0,0,0
350194,0,0,0
124042,0,0,0
319558,0,0,0
153217,0,0,0
220971,0,0,0
120915,0,0,0
259982,0,0,0
406680,0,0,0
153836,0,0,0
346133,0,0,0
87866,0,0,0
153908,0,0,0
121774,0,0,0
205577,0,0,0
128725,0,0,0
239740,0,0,0
214001,0,0,0
267676,0,0,0
275994,0,0,0
310319,0,0,0
25936,0,0,0
306102,0,0,0
127239,0,0,0
5985,0,0,0
304092,0,0,0
401360,0,0,0
288560,0,0,0
37808,0,0,0
204601,0,0,0
17076,0,0,0
159832,0,0,0
347499,0,0,0
171174,0,0,0
11402,0,0,0
287379,0,0,0
294991,0,0,0
379876,0,0,0
271135,0,0,0
179849,0,0,0
338560,0,0,0
301699,0,0,0
411081,0,0,0
343928,0,0,0
132104,0,0,0
156669,0,0,0
367522,0,0,0
79154,0,0,0
39288,0,0,0
79322,0,0,0
121211,0,0,0
97979,0,0,0
15656,0,0,0
392983,0,0,0
10732,0,0,0
331038,0,0,0
120912,0,0,0
27276,0,0,0
214723,0,0,0
208717,0,0,0
377347,0,0,0
148665,0,0,0
69378,0,0,0
99397,0,0,0
113887,0,0,0
407005,0,0,0
104471,0,0,0
80818,0,0,0
306900,0,0,0
272897,0,0,0
222235,0,0,0
103753,0,0,0
371580,0,0,0
353311,0,0,0
68133,0,0,0
97246,0,0,0
161368,0,0,0
249521,0,0,0
171621,0,0,0
160410,0,0,0
230606,0,0,0
396684,0,0,0
337610,0,0,0
98129,0,0,0
311613,0,0,0
164443,0,0,0
174651,0,0,0
405893,0,0,0
137201,0,0,0
158803,0,0,0
44295,0,0,0
69780,0,0,0
291987,0,0,0
17623,0,0,0
42943,0,0,0
357379,0,0,0
69284,0,0,0
51889,0,0,0
231315,0,0,0
121085,0,0,0
70639,0,0,0
335196,0,0,0
355323,0,0,0
152748,0,0,0
332655,0,0,0
178650,0,0,0
170270,0,0,0
187280,0,0,0
281545,0,0,0
128136,0,0,0
227654,0,0,0
369413,0,0,0
315108,0,0,0
409609,0,0,0
397197,0,0,0
387303,0,0,0
148804,0,0,0
346099,0,0,0
263552,0,0,0
224502,0,0,0
266126,0,0,0
164136,0,0,0
330372,0,0,0
12077,0,0,0
340589,0,0,0
69282,0,0,0
258723,0,0,0
131667,0,0,0
126580,0,0,0
201484,0,0,0
119695,0,0,0
61659,0,0,0
74776,0,0,0
382917,0,0,0
268450,0,0,0
93493,0,0,0
297428,0,0,0
340808,0,0,0
191676,0,0,0
326199,0,0,0
395394,0,0,0
234184,0,0,0
406935,0,0,0
101219,0,0,0
10046,0,0,0
256629,0,0,0
354944,0,0,0
50236,0,0,0
64326,0,0,0
282835,0,0,0
144307,0,0,0
386046,0,0,0
235702,0,0,0
47441,0,0,0
138510,0,0,0
184865,0,0,0
227923,0,0,0
306269,0,0,0
405970,0,0,0
276018,0,0,0
116077,0,0,0
26978,0,0,0
74355,0,0,0
192994,0,0,0
261324,0,0,0
257484,0,0,0
159898,0,0,0
136872,0,0,0
272656,0,0,0
247040,0,0,0
316874,0,0,0
381515,0,0,0
45377,0,0,0
233781,0,0,0
13692,0,0,0
155164,0,0,0
323963,0,0,0
376494,0,0,0
215511,0,0,0
68527,0,0,0
52797,0,0,0
289645,0,0,0
213377,0,0,0
79479,0,0,0
289689,0,0,0
332016,0,0,0
273927,0,0,0
171466,0,0,0
193809,0,0,0
2856,0,0,0
53364,0,0,0
189494,0,0,0
250327,0,0,0
366519,0,0,0
308355,0,0,0
86072,0,0,0
90825,0,0,0
370596,0,0,0
381369,0,0,0
199954,0,0,0
71612,0,0,0
108952,0,0,0
147204,0,0,0
280005,0,0,0
19833,0,0,0
317582,0,0,0
204281,0,0,0
183691,0,0,0
110517,0,0,0
75142,0,0,0
324361,0,0,0
26027,0,0,0
359532,0,0,0
239108,0,0,0
38160,0,0,0
32323,0,0,0
53397,0,0,0
203756,0,0,0
55896,0,0,0
108364,0,0,0
395842,0,0,0
123737,0,0,0
19394,0,0,0
108065,0,0,0
304221,0,0,0
345899,0,0,0
116835,0,0,0
332597,0,0,0
192176,0,0,0
37790,0,0,0
341747,0,0,0
327064,0,0,0
63035,0,0,0
354546,0,0,0
107313,0,0,0
299127,0,0,0
351005,0,0,0
245032,0,0,0
11945,0,0,0
357554,0,0,0
117843,0,0,0
176468,0,0,0
365205,0,0,0
33594,0,0,0
109409,0,0,0
401845,0,0,0
98160,0,0,0
349981,0,0,0
345540,0,0,0
56125,0,0,0
23416,0,0,0
9491,0,0,0
281725,0,0,0
12027,0,0,0
180295,0,0,0
360106,0,0,0
204212,0,0,0
213569,0,0,0
160118,0,0,0
388473,0,0,0
55361,0,0,0
1456,0,0,0
117025,0,0,0
145609,0,0,0
340875,0,0,0
380947,0,0,0
83488,0,0,0
348726,0,0,0
352119,0,0,0
120250,0,0,0
83571,0,0,0
203068,0,0,0
317933,0,0,0
339643,0,0,0
176218,0,0,0
46525,0,0,0
264915,0,0,0
36199,0,0,0
191762,0,0,0
120719,0,0,0
373841,0,0,0
272247,0,0,0
305898,0,0,0
349069,0,0,0
354301,0,0,0
344852,0,0,0
346697,0,0,0
405907,0,0,0
106288,0,0,0
142529,0,0,0
34127,0,0,0
194914,0,0,0
404808,0,0,0
301280,0,0,0
310484,0,0,0
4192,0,0,0
245657,0,0,0
177551,0,0,0
299653,0,0,0
292032,0,0,0
175816,0,0,0
82759,0,0,0
288411,0,0,0
411108,0,0,0
93432,0,0,0
399242,0,0,0
286498,0,0,0
292556,0,0,0
121626,0,0,0
343240,0,0,0
94161,0,0,0
389288,0,0,0
58975,0,0,0
306497,0,0,0
107372,0,0,0
247753,0,0,0
192519,0,0,0
307715,0,0,0
235037,0,0,0
312307,0,0,0
102759,0,0,0
323907,0,0,0
150098,0,0,0
374518,0,0,0
298283,0,0,0
189973,0,0,0
157250,0,0,0
2815,0,0,0
207847,0,0,0
329487,0,0,0
299634,0,0,0
296389,0,0,0
50425,0,0,0
325115,0,0,0
327349,0,0,0
309594,0,0,0
92412,0,0,0
46126,0,0,0
65820,0,0,0
348975,0,0,0
344926,0,0,0
299662,0,0,0
281806,0,0,0
289679,0,0,0
368317,0,0,0
104921,0,0,0
373465,0,0,0
391866,0,0,0
109445,0,0,0
378653,0,0,0
171259,0,0,0
191580,0,0,0
50865,0,0,0
300132,0,0,0
161393,0,0,0
181820,0,0,0
170748,0,0,0
357406,0,0,0
300729,0,0,0
326802,0,0,0
114980,0,0,0
56532,0,0,0
397047,0,0,0
343924,0,0,0
405081,0,0,0
56879,0,0,0
80632,0,0,0
210757,0,0,0
357286,0,0,0
285613,0,0,0
74976,0,0,0
340674,0,0,0
349233,0,0,0
25250,0,0,0
279423,0,0,0
309244,0,0,0
358931,0,0,0
113524,0,0,0
85442,0,0,0
16811,0,0,0
398501,0,0,0
252186,0,0,0
110935,0,0,0
13949,0,0,0
119558,0,0,0
15370,0,0,0
355245,0,0,0
352656,0,0,0
335604,0,0,0
247449,0,0,0
134231,0,0,0
215190,0,0,0
409077,0,0,0
161723,0,0,0
276837,0,0,0
178992,0,0,0
348169,0,0,0
408463,0,0,0
70879,0,0,0
144573,0,0,0
376451,0,0,0
387751,0,0,0
319526,0,0,0
33146,0,0,0
175176,0,0,0
19329,0,0,0
128638,0,0,0
318120,0,0,0
356525,0,0,0
378352,0,0,0
403570,0,0,0
359655,0,0,0
29792,0,0,0
7583,0,0,0
260770,0,0,0
204395,0,0,0
237190,0,0,0
62475,0,0,0
389233,0,0,0
187741,0,0,0
22812,0,0,0
196114,0,0,0
71062,0,0,0
281800,0,0,0
366734,0,0,0
392453,0,0,0
252751,0,0,0
92263,0,0,0
402493,0,0,0
260552,0,0,0
407215,0,0,0
130350,0,0,0
377564,0,0,0
149833,0,0,0
367582,0,0,0
381825,0,0,0
391373,0,0,0
254685,0,0,0
133166,0,0,0
151373,0,0,0
182999,0,0,0
253425,0,0,0
104342,0,0,0
273389,0,0,0
259263,0,0,0
128333,0,0,0
267865,0,0,0
29302,0,0,0
38524,0,0,0
217610,0,0,0
229503,0,0,0
394493,0,0,0
357602,0,0,0
336582,0,0,0
190344,0,0,0
122934,0,0,0
165228,0,0,0
373726,0,0,0
13856,0,0,0
370663,0,0,0
49212,0,0,0
172413,0,0,0
138670,0,0,0
23650,0,0,0
103475,0,0,0
75918,0,0,0
149960,0,0,0
29550,0,0,0
274252,0,0,0
281011,0,0,0
192094,0,0,0
311381,0,0,0
7233,0,0,0
258760,0,0,0
220761,0,0,0
314944,0,0,0
19548,0,0,0
68144,0,0,0
101117,0,0,0
320629,0,0,0
272454,0,0,0
393599,0,0,0
390189,0,0,0
239833,0,0,0
186025,0,0,0
14334,0,0,0
31000,0,0,0
270854,0,0,0
159506,0,0,0
90080,0,0,0
39223,0,0,0
184944,0,0,0
252354,0,0,0
38832,0,0,0
121105,0,0,0
379735,0,0,0
114567,0,0,0
161374,0,0,0
317707,0,0,0
318086,0,0,0
231177,0,0,0
261997,0,0,0
275035,0,0,0
199548,0,0,0
355767,0,0,0
313935,0,0,0
268002,0,0,0
33064,0,0,0
59916,0,0,0
206060,0,0,0
77348,0,0,0
233786,0,0,0
101689,0,0,0
125060,0,0,0
24026,0,0,0
212624,0,0,0
65140,0,0,0
170549,0,0,0
299202,0,0,0
78756,0,0,0
100548,0,0,0
303114,0,0,0
409573,0,0,0
171164,0,0,0
286695,0,0,0
334820,0,0,0
368450,0,0,0
25812,0,0,0
365340,0,0,0
154528,0,0,0
147814,0,0,0
143272,0,0,0
385530,0,0,0
64626,0,0,0
319473,0,0,0
169102,0,0,0
268973,0,0,0
67104,0,0,0
54231,0,0,0
9368,0,0,0
186212,0,0,0
86671,0,0,0
31159,0,0,0
251000,0,0,0
304934,0,0,0
217012,0,0,0
331592,0,0,0
289268,0,0,0
208742,0,0,0
370075,0,0,0
320048,0,0,0
74118,0,0,0
59326,0,0,0
311576,0,0,0
217845,0,0,0
294085,0,0,0
325183,0,0,0
347570,0,0,0
62522,0,0,0
254362,0,0,0
106317,0,0,0
71773,0,0,0
323162,0,0,0
106156,0,0,0
293311,0,0,0
115091,0,0,0
89692,0,0,0
355287,0,0,0
208429,0,0,0
42003,0,0,0
26702,0,0,0
136011,0,0,0
70449,0,0,0
216588,0,0,0
68473,0,0,0
168372,0,0,0
196332,0,0,0
27578,0,0,0
398425,0,0,0
324704,0,0,0
286480,0,0,0
363246,0,0,0
109677,0,0,0
350327,0,0,0
59897,0,0,0
251221,0,0,0
96569,0,0,0
123483,0,0,0
67857,0,0,0
186240,0,0,0
174477,0,0,0
249519,0,0,0
95780,0,0,0
306843,0,0,0
266482,0,0,0
284328,0,0,0
337851,0,0,0
214047,0,0,0
327069,0,0,0
46330,0,0,0
210928,0,0,0
344016,0,0,0
35958,0,0,0
79872,0,0,0
226259,0,0,0
231303,0,0,0
202345,0,0,0
277110,0,0,0
163105,0,0,0
387871,0,0,0
360593,0,0,0
15808,0,0,0
374877,0,0,0
67094,0,0,0
313921,0,0,0
225341,0,0,0
401156,0,0,0
17619,0,0,0
257102,0,0,0
27239,0,0,0
291531,0,0,0
287884,0,0,0
58502,0,0,0
134264,0,0,0
187878,0,0,0
349342,0,0,0
278538,0,0,0
252120,0,0,0
191954,0,0,0
267443,0,0,0
228265,0,0,0
364867,0,0,0
194521,0,0,0
24408,0,0,0
244189,0,0,0
332168,0,0,0
364174,0,0,0
100539,0,0,0
275737,0,0,0
362711,0,0,0
328039,0,0,0
180453,0,0,0
129621,0,0,0
200513,0,0,0
256519,0,0,0
6204,0,0,0
366131,0,0,0
344563,0,0,0
293759,0,0,0
56695,0,0,0
238284,0,0,0
321820,0,0,0
358309,0,0,0
178979,0,0,0
16866,0,0,0
9290,0,0,0
268978,0,0,0
373379,0,0,0
135116,0,0,0
359782,0,0,0
132029,0,0,0
291929,0,0,0
238662,0,0,0
37787,0,0,0
259691,0,0,0
188149,0,0,0
231502,0,0,0
135614,0,0,0
299990,0,0,0
30666,0,0,0
141913,0,0,0
28743,0,0,0
221465,0,0,0
2487,0,0,0
51475,0,0,0
5614,0,0,0
95118,0,0,0
269124,0,0,0
156118,0,0,0
1851,0,0,0
53269,0,0,0
150903,0,0,0
80692,0,0,0
5260,0,0,0
320669,0,0,0
321418,0,0,0
400341,0,0,0
350111,0,0,0
217377,0,0,0
91060,0,0,0
200983,0,0,0
157300,0,0,0
273250,0,0,0
44308,0,0,0
389081,0,0,0
325273,0,0,0
28686,0,0,0
352075,0,0,0
81329,0,0,0
31113,0,0,0
34297,0,0,0
369025,0,0,0
26641,0,0,0
145401,0,0,0
250555,0,0,0
292656,0,0,0
283679,0,0,0
321690,0,0,0
301928,0,0,0
166184,0,0,0
199600,0,0,0
330937,0,0,0
212795,0,0,0
25179,0,0,0
328526,0,0,0
100444,0,0,0
234721,0,0,0
30735,0,0,0
270102,0,0,0
391164,0,0,0
81367,0,0,0
279019,0,0,0
251844,0,0,0
41410,0,0,0
36326,0,0,0
117487,0,0,0
62340,0,0,0
288863,0,0,0
156434,0,0,0
162617,0,0,0
366092,0,0,0
221949,0,0,0
402748,0,0,0
64634,0,0,0
336088,0,0,0
240505,0,0,0
150635,0,0,0
215759,0,0,0
83235,0,0,0
58299,0,0,0
99145,0,0,0
150217,0,0,0
130734,0,0,0
216117,0,0,0
250413,0,0,0
126669,0,0,0
80810,0,0,0
342290,0,0,0
263770,0,0,0
367123,0,0,0
331716,0,0,0
243779,0,0,0
276241,0,0,0
308438,0,0,0
303233,0,0,0
305457,0,0,0
12770,0,0,0
294555,0,0,0
407061,0,0,0
350092,0,0,0
378574,0,0,0
53730,0,0,0
373015,0,0,0
253299,0,0,0
302826,0,0,0
161849,0,0,0
386116,0,0,0
105652,0,0,0
203775,0,0,0
33060,0,0,0
247263,0,0,0
225390,0,0,0
305332,0,0,0
88335,0,0,0
53390,0,0,0
199455,0,0,0
319990,0,0,0
91623,0,0,0
281290,0,0,0
342525,0,0,0
125636,0,0,0
27134,0,0,0
402485,0,0,0
166306,0,0,0
19427,0,0,0
151057,0,0,0
182836,0,0,0
271898,0,0,0
149912,0,0,0
86855,0,0,0
371650,0,0,0
35894,0,0,0
152940,0,0,0
177486,0,0,0
218077,0,0,0
88953,0,0,0
256783,0,0,0
108238,0,0,0
403822,0,0,0
361325,0,0,0
137274,0,0,0
38041,0,0,0
117273,0,0,0
102628,0,0,0
95850,0,0,0
214894,0,0,0
52062,0,0,0
287562,0,0,0
209863,0,0,0
2963,0,0,0
199522,0,0,0
340392,0,0,0
379570,0,0,0
179615,0,0,0
285730,0,0,0
15302,0,0,0
243217,0,0,0
129742,0,0,0
112745,0,0,0
229074,0,0,0
85887,0,0,0
322308,0,0,0
211142,0,0,0
318330,0,0,0
303698,0,0,0
363100,0,0,0
26069,0,0,0
34811,0,0,0
108317,0,0,0
63334,0,0,0
316237,0,0,0
403680,0,0,0
149633,0,0,0
223270,0,0,0
290619,0,0,0
15615,0,0,0
146720,0,0,0
72236,0,0,0
239741,0,0,0
375484,0,0,0
205268,0,0,0
125188,0,0,0
110593,0,0,0
166575,0,0,0
80921,0,0,0
202880,0,0,0
197406,0,0,0
176946,0,0,0
172593,0,0,0
38579,0,0,0
198681,0,0,0
88515,0,0,0
198387,0,0,0
374759,0,0,0
269148,0,0,0
13132,0,0,0
340264,0,0,0
58441,0,0,0
361701,0,0,0
286607,0,0,0
378094,0,0,0
321370,0,0,0
359141,0,0,0
281307,0,0,0
88189,0,0,0
119035,0,0,0
191233,0,0,0
285091,0,0,0
273143,0,0,0
107654,0,0,0
200007,0,0,0
75303,0,0,0
221997,0,0,0
63915,0,0,0
234234,0,0,0
190322,0,0,0
97844,0,0,0
135445,0,0,0
301588,0,0,0
10811,0,0,0
268398,0,0,0
296906,0,0,0
407726,0,0,0
19196,0,0,0
5481,0,0,0
303465,0,0,0
90078,0,0,0
108177,0,0,0
40890,0,0,0
296742,0,0,0
24573,0,0,0
56891,0,0,0
27917,0,0,0
278527,0,0,0
30506,0,0,0
393267,0,0,0
205493,0,0,0
349730,0,0,0
23923,0,0,0
390946,0,0,0
247643,0,0,0
48657,0,0,0
21141,0,0,0
166607,0,0,0
242738,0,0,0
351504,0,0,0
45745,0,0,0
173245,0,0,0
1421,0,0,0
311067,0,0,0
286026,0,0,0
207584,0,0,0
277264,0,0,0
279962,0,0,0
25588,0,0,0
86119,0,0,0
330706,0,0,0
106661,0,0,0
321393,0,0,0
243061,0,0,0
276142,0,0,0
101140,0,0,0
71795,0,0,0
410713,0,0,0
213360,0,0,0
297540,0,0,0
119444,0,0,0
181975,0,0,0
311853,0,0,0
347819,0,0,0
316129,0,0,0
43655,0,0,0
199398,0,0,0
137245,0,0,0
87337,0,0,0
161331,0,0,0
238818,0,0,0
4346,0,0,0
291121,0,0,0
342698,0,0,0
329350,0,0,0
134048,0,0,0
156767,0,0,0
75338,0,0,0
200907,0,0,0
596,0,0,0
58844,0,0,0
177077,0,0,0
131765,0,0,0
109553,0,0,0
319317,0,0,0
81554,0,0,0
43194,0,0,0
714,0,0,0
56492,0,0,0
97912,0,0,0
288306,0,0,0
240081,0,0,0
251312,0,0,0
220760,0,0,0
268110,0,0,0
209680,0,0,0
250960,0,0,0
284087,0,0,0
96091,0,0,0
200489,0,0,0
195683,0,0,0
327965,0,0,0
89999,0,0,0
116541,0,0,0
303874,0,0,0
167876,0,0,0
349206,0,0,0
3412,0,0,0
215782,0,0,0
343998,0,0,0
10866,0,0,0
20800,0,0,0
390612,0,0,0
8005,0,0,0
117582,0,0,0
389837,0,0,0
356724,0,0,0
57095,0,0,0
271935,0,0,0
209177,0,0,0
50183,0,0,0
229028,0,0,0
409218,0,0,0
166987,0,0,0
219064,0,0,0
253316,0,0,0
403298,0,0,0
389386,0,0,0
64148,0,0,0
351653,0,0,0
150673,0,0,0
362240,0,0,0
79915,0,0,0
146719,0,0,0
305309,0,0,0
312169,0,0,0
40837,0,0,0
372574,0,0,0
4043,0,0,0
7676,0,0,0
105666,0,0,0
4387,0,0,0
155769,0,0,0
289649,0,0,0
107907,0,0,0
216033,0,0,0
81092,0,0,0
223630,0,0,0
321198,0,0,0
340104,0,0,0
246884,0,0,0
322595,0,0,0
277555,0,0,0
201107,0,0,0
4544,0,0,0
55693,0,0,0
124210,0,0,0
45579,0,0,0
301866,0,0,0
371244,0,0,0
131526,0,0,0
285670,0,0,0
14241,0,0,0
351028,0,0,0
406242,0,0,0
140596,0,0,0
343154,0,0,0
391036,0,0,0
209405,0,0,0
142145,0,0,0
285420,0,0,0
11761,0,0,0
295250,0,0,0
125579,0,0,0
157311,0,0,0
182219,0,0,0
46814,0,0,0
20956,0,0,0
212919,0,0,0
275404,0,0,0
137078,0,0,0
75452,0,0,0
28564,0,0,0
242447,0,0,0
34120,0,0,0
70857,0,0,0
410940,0,0,0
369212,0,0,0
219190,0,0,0
388438,0,0,0
337872,0,0,0
361270,0,0,0
68322,0,0,0
178866,0,0,0
378639,0,0,0
325293,0,0,0
116720,0,0,0
380891,0,0,0
70361,0,0,0
167623,0,0,0
188602,0,0,0
361646,0,0,0
325260,0,0,0
91422,0,0,0
373378,0,0,0
40946,0,0,0
337998,0,0,0
184025,0,0,0
238661,0,0,0
79198,0,0,0
57115,0,0,0
319342,0,0,0
184384,0,0,0
314144,0,0,0
11810,0,0,0
295824,0,0,0
290549,0,0,0
284346,0,0,0
122047,0,0,0
106279,0,0,0
403629,0,0,0
342913,0,0,0
177949,0,0,0
138059,0,0,0
17595,0,0,0
384278,0,0,0
12846,0,0,0
121862,0,0,0
107578,0,0,0
152212,0,0,0
184785,0,0,0
137515,0,0,0
318268,0,0,0
9284,0,0,0
290804,0,0,0
23373,0,0,0
70477,0,0,0
367599,0,0,0
365245,0,0,0
19936,0,0,0
352528,0,0,0
2084,0,0,0
173555,0,0,0
28846,0,0,0
394476,0,0,0
72018,0,0,0
79578,0,0,0
342989,0,0,0
77817,0,0,0
242514,0,0,0
368100,0,0,0
321277,0,0,0
163558,0,0,0
246321,0,0,0
340897,0,0,0
323723,0,0,0
175850,0,0,0
208954,0,0,0
406161,0,0,0
70194,0,0,0
105964,0,0,0
191024,0,0,0
137326,0,0,0
123109,0,0,0
215446,0,0,0
91723,0,0,0
41749,0,0,0
22070,0,0,0
135193,0,0,0
381012,0,0,0
371019,0,0,0
204003,0,0,0
103269,0,0,0
299904,0,0,0
272549,0,0,0
164087,0,0,0
61549,0,0,0
83741,0,0,0
290150,0,0,0
220887,0,0,0
49671,0,0,0
246456,0,0,0
364310,0,0,0
368231,0,0,0
349272,0,0,0
82578,0,0,0
281861,0,0,0
81480,0,0,0
66939,0,0,0
26656,0,0,0
368555,0,0,0
350909,0,0,0
319344,0,0,0
182641,0,0,0
351363,0,0,0
91541,0,0,0
376414,0,0,0
283335,0,0,0
124405,0,0,0
56477,0,0,0
242883,0,0,0
130666,0,0,0
361624,0,0,0
179447,0,0,0
370705,0,0,0
69157,0,0,0
249029,0,0,0
410664,0,0,0
359110,0,0,0
269991,0,0,0
105144,0,0,0
255252,0,0,0
102420,0,0,0
349185,0,0,0
287802,0,0,0
356923,0,0,0
137928,0,0,0
155515,0,0,0
279903,0,0,0
256165,0,0,0
100711,0,0,0
299691,0,0,0
248730,0,0,0
29784,0,0,0
397396,0,0,0
50424,0,0,0
249349,0,0,0
195492,0,0,0
323711,0,0,0
27672,0,0,0
67488,0,0,0
94162,0,0,0
51100,0,0,0
118195,0,0,0
49228,0,0,0
304771,0,0,0
230937,0,0,0
82782,0,0,0
135871,0,0,0
72703,0,0,0
241476,0,0,0
168633,0,0,0
26637,0,0,0
211644,0,0,0
263790,0,0,0
51408,0,0,0
33528,0,0,0
297980,0,0,0
283749,0,0,0
157413,0,0,0
342928,0,0,0
125039,0,0,0
271835,0,0,0
8762,0,0,0
402652,0,0,0
174670,0,0,0
206750,0,0,0
8853,0,0,0
252507,0,0,0
268402,0,0,0
224888,0,0,0
255489,0,0,0
219053,0,0,0
82821,0,0,0
305790,0,0,0
67335,0,0,0
200092,0,0,0
66179,0,0,0
92996,0,0,0
244638,0,0,0
230667,0,0,0
248437,0,0,0
223432,0,0,0
339011,0,0,0
358390,0,0,0
66797,0,0,0
312176,0,0,0
306034,0,0,0
282232,0,0,0
55607,0,0,0
97358,0,0,0
218310,0,0,0
402284,0,0,0
123401,0,0,0
100506,0,0,0
299995,0,0,0
22736,0,0,0
219962,0,0,0
88004,0,0,0
315164,0,0,0
50311,0,0,0
399181,0,0,0
122996,0,0,0
33835,0,0,0
372224,0,0,0
70286,0,0,0
410419,0,0,0
65246,0,0,0
155043,0,0,0
101309,0,0,0
283297,0,0,0
217054,0,0,0
146896,0,0,0
378566,0,0,0
125200,0,0,0
15650,0,0,0
75732,0,0,0
106369,0,0,0
341988,0,0,0
366949,0,0,0
117664,0,0,0
191001,0,0,0
265075,0,0,0
223525,0,0,0
180939,0,0,0
249216,0,0,0
141170,0,0,0
371722,0,0,0
206162,0,0,0
159734,0,0,0
304437,0,0,0
280192,0,0,0
339424,0,0,0
124892,0,0,0
334031,0,0,0
52907,0,0,0
316824,0,0,0
404109,0,0,0
40542,0,0,0
362842,0,0,0
394000,0,0,0
345059,0,0,0
83983,0,0,0
262946,0,0,0
143984,0,0,0
220747,0,0,0
93393,0,0,0
7010,0,0,0
34320,0,0,0
377932,0,0,0
263118,0,0,0
177315,0,0,0
287809,0,0,0
157813,0,0,0
356191,0,0,0
384993,0,0,0
127334,0,0,0
110690,0,0,0
353858,0,0,0
361696,0,0,0
195057,0,0,0
238516,0,0,0
285842,0,0,0
376067,0,0,0
89282,0,0,0
270826,0,0,0
255242,0,0,0
379943,0,0,0
16300,0,0,0
260108,0,0,0
162043,0,0,0
347758,0,0,0
188576,0,0,0
350723,0,0,0
153450,0,0,0
226017,0,0,0
231707,0,0,0
54148,0,0,0
152397,0,0,0
373021,0,0,0
238289,0,0,0
130760,0,0,0
283325,0,0,0
41661,0,0,0
55771,0,0,0
114086,0,0,0
319529,0,0,0
75534,0,0,0
193340,0,0,0
82031,0,0,0
311819,0,0,0
134708,0,0,0
252089,0,0,0
65387,0,0,0
9551,0,0,0
169430,0,0,0
139324,0,0,0
324112,0,0,0
138474,0,0,0
389791,0,0,0
106126,0,0,0
256420,0,0,0
165247,0,0,0
262612,0,0,0
49575,0,0,0
397520,0,0,0
393531,0,0,0
50537,0,0,0
409767,0,0,0
332360,0,0,0
387866,0,0,0
392099,0,0,0
254183,0,0,0
6519,0,0,0
75809,0,0,0
134416,0,0,0
358146,0,0,0
129476,0,0,0
94386,0,0,0
162404,0,0,0
178708,0,0,0
376532,0,0,0
309841,0,0,0
102239,0,0,0
19705,0,0,0
96647,0,0,0
317035,0,0,0
248164,0,0,0
148905,0,0,0
97079,0,0,0
32569,0,0,0
90670,0,0,0
330556,0,0,0
3540,0,0,0
404005,0,0,0
234530,0,0,0
78694,0,0,0
235449,0,0,0
107799,0,0,0
346730,0,0,0
132061,0,0,0
278192,0,0,0
143869,0,0,0
146507,0,0,0
405761,0,0,0
89408,0,0,0
312305,0,0,0
256653,0,0,0
73656,0,0,0
272820,0,0,0
277321,0,0,0
196072,0,0,0
189863,0,0,0
170025,0,0,0
224788,0,0,0
41807,0,0,0
369416,0,0,0
267889,0,0,0
363061,0,0,0
187137,0,0,0
64167,0,0,0
24849,0,0,0
399289,0,0,0
93903,0,0,0
66821,0,0,0
403685,0,0,0
23366,0,0,0
126407,0,0,0
164574,0,0,0
85847,0,0,0
151131,0,0,0
366925,0,0,0
260978,0,0,0
9871,0,0,0
17016,0,0,0
75405,0,0,0
286576,0,0,0
218438,0,0,0
190689,0,0,0
387964,0,0,0
265486,0,0,0
38994,0,0,0
130206,0,0,0
384041,0,0,0
77291,0,0,0
140143,0,0,0
183976,0,0,0
160094,0,0,0
161448,0,0,0
70763,0,0,0
340351,0,0,0
386090,0,0,0
246574,0,0,0
5338,0,0,0
73504,0,0,0
166591,0,0,0
50689,0,0,0
115764,0,0,0
70095,0,0,0
140973,0,0,0
392741,0,0,0
50447,0,0,0
25014,0,0,0
1914,0,0,0
23624,0,0,0
318725,0,0,0
31756,0,0,0
301870,0,0,0
362269,0,0,0
177446,0,0,0
65945,0,0,0
274003,0,0,0
135926,0,0,0
66705,0,0,0
286187,0,0,0
299059,0,0,0
85149,0,0,0
286244,0,0,0
253739,0,0,0
241593,0,0,0
329904,0,0,0
357253,0,0,0
131600,0,0,0
377041,0,0,0
399598,0,0,0
26704,0,0,0
264271,0,0,0
311999,0,0,0
181974,0,0,0
204531,0,0,0
156215,0,0,0
196628,0,0,0
140860,0,0,0
41122,0,0,0
213864,0,0,0
236066,0,0,0
148791,0,0,0
363654,0,0,0
177934,0,0,0
164840,0,0,0
225764,0,0,0
55134,0,0,0
281270,0,0,0
153844,0,0,0
374835,0,0,0
336055,0,0,0
73916,0,0,0
83930,0,0,0
63714,0,0,0
285808,0,0,0
309675,0,0,0
52859,0,0,0
96967,0,0,0
375892,0,0,0
239203,0,0,0
230109,0,0,0
297398,0,0,0
366392,0,0,0
42955,0,0,0
188420,0,0,0
410750,0,0,0
373829,0,0,0
2274,0,0,0
252855,0,0,0
71541,0,0,0
394900,0,0,0
153614,0,0,0
368054,0,0,0
360799,0,0,0
131155,0,0,0
231936,0,0,0
3677,0,0,0
37461,0,0,0
36912,0,0,0
267726,0,0,0
325810,0,0,0
229259,0,0,0
367919,0,0,0
396169,0,0,0
58708,0,0,0
204705,0,0,0
165299,0,0,0
322788,0,0,0
54914,0,0,0
259572,0,0,0
325650,0,0,0
106304,0,0,0
161697,0,0,0
294728,0,0,0
410694,0,0,0
192923,0,0,0
89960,0,0,0
94201,0,0,0
105669,0,0,0
195150,0,0,0
331639,0,0,0
104011,0,0,0
154288,0,0,0
130839,0,0,0
390303,0,0,0
310265,0,0,0
26028,0,0,0
243365,0,0,0
233742,0,0,0
123153,0,0,0
257235,0,0,0
400582,0,0,0
320588,0,0,0
245471,0,0,0
155900,0,0,0
332160,0,0,0
223711,0,0,0
29909,0,0,0
342413,0,0,0
327779,0,0,0
257309,0,0,0
194343,0,0,0
147986,0,0,0
18579,0,0,0
188273,0,0,0
147992,0,0,0
113668,0,0,0
292982,0,0,0
112424,0,0,0
338323,0,0,0
36213,0,0,0
159218,0,0,0
285819,0,0,0
395497,0,0,0
238876,0,0,0
344668,0,0,0
230216,0,0,0
23468,0,0,0
23257,0,0,0
228681,0,0,0
389385,0,0,0
54599,0,0,0
62059,0,0,0
191823,0,0,0
120579,0,0,0
100972,0,0,0
100900,0,0,0
370586,0,0,0
190464,0,0,0
252472,0,0,0
151176,0,0,0
376182,0,0,0
32881,0,0,0
279795,0,0,0
305831,0,0,0
161921,0,0,0
68946,0,0,0
150553,0,0,0
13106,0,0,0
51819,0,0,0
24274,0,0,0
141888,0,0,0
315668,0,0,0
403213,0,0,0
150016,0,0,0
356686,0,0,0
259799,0,0,0
307033,0,0,0
356543,0,0,0
404850,0,0,0
23028,0,0,0
303486,0,0,0
112044,0,0,0
58407,0,0,0
364819,0,0,0
112501,0,0,0
77084,0,0,0
209501,0,0,0
85212,0,0,0
174796,0,0,0
266476,0,0,0
82871,0,0,0
19433,0,0,0
8593,0,0,0
114167,0,0,0
293748,0,0,0
401111,0,0,0
318167,0,0,0
186069,0,0,0
387119,0,0,0
65920,0,0,0
158689,0,0,0
301717,0,0,0
74916,0,0,0
187227,0,0,0
160297,0,0,0
326075,0,0,0
201187,0,0,0
334580,0,0,0
290599,0,0,0
60725,0,0,0
87145,0,0,0
373356,0,0,0
350989,0,0,0
166555,0,0,0
279025,0,0,0
72445,0,0,0
385348,0,0,0
262716,0,0,0
18014,0,0,0
98436,0,0,0
343024,0,0,0
308442,0,0,0
276576,0,0,0
15086,0,0,0
193567,0,0,0
321664,0,0,0
264180,0,0,0
41668,0,0,0
220138,0,0,0
187082,0,0,0
11272,0,0,0
250773,0,0,0
190636,0,0,0
328739,0,0,0
150992,0,0,0
358661,0,0,0
52559,0,0,0
239131,0,0,0
401270,0,0,0
198662,0,0,0
318328,0,0,0
401650,0,0,0
316634,0,0,0
1602,0,0,0
296779,0,0,0
122902,0,0,0
372824,0,0,0
233045,0,0,0
128671,0,0,0
229720,0,0,0
361521,0,0,0
263490,0,0,0
87614,0,0,0
63059,0,0,0
275717,0,0,0
26484,0,0,0
20088,0,0,0
394574,0,0,0
399007,0,0,0
366514,0,0,0
206336,0,0,0
273289,0,0,0
300209,0,0,0
163185,0,0,0
196833,0,0,0
262354,0,0,0
289981,0,0,0
405235,0,0,0
87824,0,0,0
263219,0,0,0
187568,0,0,0
301130,0,0,0
18908,0,0,0
389355,0,0,0
390977,0,0,0
94253,0,0,0
199001,0,0,0
405903,0,0,0
146375,0,0,0
275070,0,0,0
97117,0,0,0
327586,0,0,0
155159,0,0,0
129988,0,0,0
20929,0,0,0
148430,0,0,0
100947,0,0,0
346328,0,0,0
341870,0,0,0
170947,0,0,0
48536,0,0,0
364973,0,0,0
219827,0,0,0
295454,0,0,0
106761,0,0,0
149340,0,0,0
121273,0,0,0
177784,0,0,0
205011,0,0,0
89740,0,0,0
151838,0,0,0
91646,0,0,0
141654,0,0,0
260050,0,0,0
81193,0,0,0
332426,0,0,0
86728,0,0,0
133379,0,0,0
240729,0,0,0
323354,0,0,0
252696,0,0,0
256580,0,0,0
124698,0,0,0
222531,0,0,0
188751,0,0,0
60333,0,0,0
134857,0,0,0
245917,0,0,0
410893,0,0,0
408997,0,0,0
261703,0,0,0
217755,0,0,0
360582,0,0,0
225467,0,0,0
63733,0,0,0
252712,0,0,0
176146,0,0,0
237132,0,0,0
206707,0,0,0
403744,0,0,0
407606,0,0,0
122312,0,0,0
389284,0,0,0
106928,0,0,0
331754,0,0,0
113917,0,0,0
68366,0,0,0
143487,0,0,0
181077,0,0,0
61504,0,0,0
291102,0,0,0
2665,0,0,0
266523,0,0,0
351832,0,0,0
391282,0,0,0
109158,0,0,0
270352,0,0,0
63594,0,0,0
35842,0,0,0
397622,0,0,0
336228,0,0,0
116096,0,0,0
150574,0,0,0
315516,0,0,0
366528,0,0,0
129873,0,0,0
60763,0,0,0
210938,0,0,0
330457,0,0,0
293371,0,0,0
300417,0,0,0
186660,0,0,0
351459,0,0,0
163516,0,0,0
169202,0,0,0
298184,0,0,0
79349,0,0,0
99071,0,0,0
219824,0,0,0
39958,0,0,0
341150,0,0,0
41726,0,0,0
248233,0,0,0
203239,0,0,0
83513,0,0,0
167450,0,0,0
45941,0,0,0
68753,0,0,0
156527,0,0,0
295840,0,0,0
192440,0,0,0
134892,0,0,0
66553,0,0,0
73572,0,0,0
90223,0,0,0
291602,0,0,0
242139,0,0,0
204803,0,0,0
184344,0,0,0
242655,0,0,0
273375,0,0,0
37769,0,0,0
398076,0,0,0
407561,0,0,0
260193,0,0,0
401907,0,0,0
410574,0,0,0
2950,0,0,0
141489,0,0,0
77042,0,0,0
262665,0,0,0
271716,0,0,0
31183,0,0,0
173607,0,0,0
90945,0,0,0
9684,0,0,0
304151,0,0,0
48740,0,0,0
10232,0,0,0
69538,0,0,0
3888,0,0,0
2549,0,0,0
282505,0,0,0
12613,0,0,0
384546,0,0,0
173008,0,0,0
262979,0,0,0
340008,0,0,0
316459,0,0,0
254532,0,0,0
157105,0,0,0
109157,0,0,0
296545,0,0,0
120242,0,0,0
238232,0,0,0
35739,0,0,0
65511,0,0,0
72960,0,0,0
262677,0,0,0
337159,0,0,0
235850,0,0,0
31299,0,0,0
11775,0,0,0
68450,0,0,0
201447,0,0,0
76189,0,0,0
294458,0,0,0
269602,0,0,0
299713,0,0,0
302891,0,0,0
14568,0,0,0
166854,0,0,0
163212,0,0,0
259246,0,0,0
293788,0,0,0
127265,0,0,0
403005,0,0,0
296753,0,0,0
77944,0,0,0
401334,0,0,0
134040,0,0,0
294167,0,0,0
228955,0,0,0
273612,0,0,0
391399,0,0,0
153717,0,0,0
98403,0,0,0
170433,0,0,0
113930,0,0,0
303447,0,0,0
328616,0,0,0
54590,0,0,0
288303,0,0,0
183748,0,0,0
109660,0,0,0
202944,0,0,0
308946,0,0,0
392946,0,0,0
175307,0,0,0
214042,0,0,0
284184,0,0,0
306824,0,0,0
265420,0,0,0
349674,0,0,0
8162,0,0,0
165994,0,0,0
330280,0,0,0
378750,0,0,0
237276,0,0,0
327931,0,0,0
140207,0,0,0
319341,0,0,0
27033,0,0,0
260598,0,0,0
200462,0,0,0
374043,0,0,0
390832,0,0,0
18469,0,0,0
99483,0,0,0
169941,0,0,0
117005,0,0,0
366403,0,0,0
38744,0,0,0
75156,0,0,0
32404,0,0,0
169846,0,0,0
66232,0,0,0
364451,0,0,0
345933,0,0,0
220563,0,0,0
216969,0,0,0
91473,0,0,0
252940,0,0,0
327984,0,0,0
402120,0,0,0
371871,0,0,0
220097,0,0,0
94200,0,0,0
311342,0,0,0
146564,0,0,0
134132,0,0,0
27311,0,0,0
193700,0,0,0
322432,0,0,0
228593,0,0,0
78503,0,0,0
340723,0,0,0
174793,0,0,0
127952,0,0,0
229505,0,0,0
267327,0,0,0
59737,0,0,0
116627,0,0,0
144209,0,0,0
254903,0,0,0
204187,0,0,0
47807,0,0,0
27418,0,0,0
102639,0,0,0
267972,0,0,0
256854,0,0,0
211508,0,0,0
49651,0,0,0
258586,0,0,0
405462,0,0,0
208142,0,0,0
255319,0,0,0
225227,0,0,0
390055,0,0,0
76844,0,0,0
63396,0,0,0
254720,0,0,0
24256,0,0,0
90804,0,0,0
193079,0,0,0
84110,0,0,0
359665,0,0,0
343543,0,0,0
94301,0,0,0
58370,0,0,0
250726,0,0,0
39964,0,0,0
233188,0,0,0
110237,0,0,0
64536,0,0,0
154500,0,0,0
132092,0,0,0
254296,0,0,0
19840,0,0,0
223284,0,0,0
244070,0,0,0
254791,0,0,0
150827,0,0,0
1692,0,0,0
116436,0,0,0
40931,0,0,0
115590,0,0,0
148964,0,0,0
48332,0,0,0
341491,0,0,0
17604,0,0,0
401364,0,0,0
335495,0,0,0
352974,0,0,0
133139,0,0,0
169794,0,0,0
48979,0,0,0
13741,0,0,0
102231,0,0,0
101157,0,0,0
84881,0,0,0
321409,0,0,0
274062,0,0,0
165067,0,0,0
287860,0,0,0
370870,0,0,0
293992,0,0,0
224059,0,0,0
407759,0,0,0
105920,0,0,0
295785,0,0,0
128841,0,0,0
385418,0,0,0
191775,0,0,0
303108,0,0,0
249483,0,0,0
350078,0,0,0
171700,0,0,0
132700,0,0,0
316061,0,0,0
344517,0,0,0
148853,0,0,0
241868,0,0,0
41391,0,0,0
320171,0,0,0
356896,0,0,0
176913,0,0,0
294976,0,0,0
329171,0,0,0
93080,0,0,0
82995,0,0,0
150922,0,0,0
113535,0,0,0
175401,0,0,0
108730,0,0,0
158898,0,0,0
197133,0,0,0
19795,0,0,0
134612,0,0,0
404475,0,0,0
6418,0,0,0
357932,0,0,0
258745,0,0,0
361838,0,0,0
225045,0,0,0
199973,0,0,0
95589,0,0,0
133989,0,0,0
8676,0,0,0
29261,0,0,0
376168,0,0,0
332962,0,0,0
392399,0,0,0
214922,0,0,0
117314,0,0,0
40822,0,0,0
99873,0,0,0
2972,0,0,0
203780,0,0,0
409377,0,0,0
171175,0,0,0
312063,0,0,0
130203,0,0,0
188264,0,0,0
177425,0,0,0
294727,0,0,0
168009,0,0,0
50358,0,0,0
104266,0,0,0
71427,0,0,0
261618,0,0,0
4239,0,0,0
385701,0,0,0
42829,0,0,0
313925,0,0,0
332594,0,0,0
155790,0,0,0
12452,0,0,0
212155,0,0,0
372028,0,0,0
222367,0,0,0
147222,0,0,0
84364,0,0,0
321876,0,0,0
57029,0,0,0
329415,0,0,0
309782,0,0,0
240184,0,0,0
314796,0,0,0
306201,0,0,0
46489,0,0,0
400920,0,0,0
63930,0,0,0
169710,0,0,0
281065,0,0,0
26181,0,0,0
374881,0,0,0
159335,0,0,0
409633,0,0,0
314153,0,0,0
278578,0,0,0
303348,0,0,0
380424,0,0,0
384954,0,0,0
105533,0,0,0
136771,0,0,0
324349,0,0,0
234751,0,0,0
37732,0,0,0
320587,0,0,0
36751,0,0,0
221277,0,0,0
124762,0,0,0
123036,0,0,0
136492,0,0,0
371026,0,0,0
60521,0,0,0
135915,0,0,0
389480,0,0,0
76373,0,0,0
393468,0,0,0
389330,0,0,0
376033,0,0,0
291345,0,0,0
25580,0,0,0
338103,0,0,0
93679,0,0,0
300631,0,0,0
52926,0,0,0
226255,0,0,0
121209,0,0,0
16754,0,0,0
164014,0,0,0
157302,0,0,0
312025,0,0,0
274949,0,0,0
40026,0,0,0
21122,0,0,0
346701,0,0,0
362151,0,0,0
31696,0,0,0
254159,0,0,0
112922,0,0,0
336378,0,0,0
258171,0,0,0
229761,0,0,0
58440,0,0,0
311471,0,0,0
398217,0,0,0
349760,0,0,0
55934,0,0,0
193049,0,0,0
240862,0,0,0
318502,0,0,0
128924,0,0,0
142365,0,0,0
94670,0,0,0
139328,0,0,0
27004,0,0,0
272042,0,0,0
174432,0,0,0
398639,0,0,0
112892,0,0,0
150792,0,0,0
156078,0,0,0
321595,0,0,0
201768,0,0,0
66655,0,0,0
51024,0,0,0
403899,0,0,0
336411,0,0,0
173405,0,0,0
283436,0,0,0
102281,0,0,0
107629,0,0,0
65489,0,0,0
263654,0,0,0
161337,0,0,0
218307,0,0,0
148955,0,0,0
150530,0,0,0
335536,0,0,0
395026,0,0,0
61269,0,0,0
25550,0,0,0
319877,0,0,0
235779,0,0,0
27682,0,0,0
401661,0,0,0
73022,0,0,0
382106,0,0,0
30428,0,0,0
225279,0,0,0
63973,0,0,0
144884,0,0,0
313516,0,0,0
357762,0,0,0
101760,0,0,0
107000,0,0,0
358724,0,0,0
250443,0,0,0
220546,0,0,0
152148,0,0,0
29777,0,0,0
374916,0,0,0
317546,0,0,0
232125,0,0,0
329760,0,0,0
39739,0,0,0
143502,0,0,0
406473,0,0,0
302740,0,0,0
133928,0,0,0
340106,0,0,0
353511,0,0,0
181219,0,0,0
342021,0,0,0
20016,0,0,0
364453,0,0,0
67955,0,0,0
25611,0,0,0
157594,0,0,0
55501,0,0,0
321619,0,0,0
216187,0,0,0
301016,0,0,0
98351,0,0,0
398922,0,0,0
351151,0,0,0
54455,0,0,0
255051,0,0,0
396619,0,0,0
348112,0,0,0
107651,0,0,0
199056,0,0,0
303997,0,0,0
194445,0,0,0
210840,0,0,0
394382,0,0,0
258131,0,0,0
22059,0,0,0
283470,0,0,0
132480,0,0,0
316272,0,0,0
221242,0,0,0
108119,0,0,0
152584,0,0,0
115444,0,0,0
150127,0,0,0
350763,0,0,0
190320,0,0,0
343554,0,0,0
35629,0,0,0
22133,0,0,0
292480,0,0,0
33392,0,0,0
356106,0,0,0
244843,0,0,0
336022,0,0,0
124663,0,0,0
111710,0,0,0
288231,0,0,0
351521,0,0,0
388454,0,0,0
7870,0,0,0
164872,0,0,0
317115,0,0,0
33824,0,0,0
372898,0,0,0
388822,0,0,0
158139,0,0,0
346761,0,0,0
373211,0,0,0
270322,0,0,0
346610,0,0,0
185638,0,0,0
333587,0,0,0
136558,0,0,0
223170,0,0,0
219710,0,0,0
174641,0,0,0
182666,0,0,0
12001,0,0,0
319926,0,0,0
62675,0,0,0
62390,0,0,0
74339,0,0,0
53084,0,0,0
129698,0,0,0
193602,0,0,0
244273,0,0,0
276046,0,0,0
132367,0,0,0
237996,0,0,0
178554,0,0,0
21419,0,0,0
8541,0,0,0
46466,0,0,0
67348,0,0,0
165421,0,0,0
1419,0,0,0
331063,0,0,0
315788,0,0,0
161801,0,0,0
12979,0,0,0
79693,0,0,0
340565,0,0,0
289725,0,0,0
298864,0,0,0
164167,0,0,0
261197,0,0,0
267514,0,0,0
193874,0,0,0
223445,0,0,0
303201,0,0,0
136185,0,0,0
157156,0,0,0
334266,0,0,0
349715,0,0,0
174644,0,0,0
227507,0,0,0
8495,0,0,0
259581,0,0,0
410993,0,0,0
214610,0,0,0
308440,0,0,0
36732,0,0,0
339801,0,0,0
50490,0,0,0
166894,0,0,0
264034,0,0,0
251091,0,0,0
383549,0,0,0
354461,0,0,0
58637,0,0,0
100653,0,0,0
221284,0,0,0
388533,0,0,0
306658,0,0,0
249863,0,0,0
60062,0,0,0
201515,0,0,0
47887,0,0,0
133250,0,0,0
299232,0,0,0
208151,0,0,0
117379,0,0,0
310398,0,0,0
301463,0,0,0
295011,0,0,0
162901,0,0,0
194120,0,0,0
159845,0,0,0
191244,0,0,0
333480,0,0,0
102464,0,0,0
325263,0,0,0
12986,0,0,0
126568,0,0,0
343072,0,0,0
17801,0,0,0
7092,0,0,0
366429,0,0,0
219760,0,0,0
348138,0,0,0
42941,0,0,0
279197,0,0,0
211149,0,0,0
341700,0,0,0
369556,0,0,0
301896,0,0,0
165129,0,0,0
317601,0,0,0
276968,0,0,0
357398,0,0,0
367524,0,0,0
333728,0,0,0
195884,0,0,0
129032,0,0,0
112275,0,0,0
71639,0,0,0
329410,0,0,0
270677,0,0,0
62057,0,0,0
98624,0,0,0
76904,0,0,0
360483,0,0,0
231713,0,0,0
60684,0,0,0
221758,0,0,0
210373,0,0,0
379557,0,0,0
47973,0,0,0
116638,0,0,0
273058,0,0,0
379832,0,0,0
20578,0,0,0
318803,0,0,0
131301,0,0,0
237998,0,0,0
333517,0,0,0
389592,0,0,0
55737,0,0,0
340720,0,0,0
177923,0,0,0
237455,0,0,0
120789,0,0,0
160402,0,0,0
195640,0,0,0
14228,0,0,0
275239,0,0,0
168769,0,0,0
221014,0,0,0
408158,0,0,0
24527,0,0,0
350373,0,0,0
170872,0,0,0
277406,0,0,0
233170,0,0,0
346324,0,0,0
74028,0,0,0
392124,0,0,0
136215,0,0,0
280909,0,0,0
193793,0,0,0
300109,0,0,0
357591,0,0,0
112693,0,0,0
329782,0,0,0
59950,0,0,0
36172,0,0,0
351318,0,0,0
145774,0,0,0
99586,0,0,0
210952,0,0,0
398257,0,0,0
12168,0,0,0
69325,0,0,0
360823,0,0,0
377522,0,0,0
46951,0,0,0
355632,0,0,0
248020,0,0,0
325675,0,0,0
86637,0,0,0
341984,0,0,0
154708,0,0,0
154100,0,0,0
273904,0,0,0
280644,0,0,0
402135,0,0,0
52678,0,0,0
173299,0,0,0
161737,0,0,0
274533,0,0,0
183422,0,0,0
156340,0,0,0
41998,0,0,0
231246,0,0,0
95347,0,0,0
337348,0,0,0
357369,0,0,0
94326,0,0,0
69536,0,0,0
331827,0,0,0
31187,0,0,0
335558,0,0,0
353669,0,0,0
329834,0,0,0
400674,0,0,0
68624,0,0,0
325337,0,0,0
366211,0,0,0
267669,0,0,0
8951,0,0,0
264063,0,0,0
109616,0,0,0
173182,0,0,0
268967,0,0,0
404944,0,0,0
31799,0,0,0
141859,0,0,0
227473,0,0,0
349391,0,0,0
174043,0,0,0
173631,0,0,0
203787,0,0,0
192400,0,0,0
284088,0,0,0
396896,0,0,0
318908,0,0,0
362818,0,0,0
118253,0,0,0
367776,0,0,0
92984,0,0,0
334179,0,0,0
349753,0,0,0
20384,0,0,0
82711,0,0,0
44306,0,0,0
28639,0,0,0
365145,0,0,0
409092,0,0,0
250683,0,0,0
222684,0,0,0
159235,0,0,0
70772,0,0,0
166929,0,0,0
370323,0,0,0
70466,0,0,0
344118,0,0,0
173068,0,0,0
398406,0,0,0
129707,0,0,0
382598,0,0,0
141241,0,0,0
36660,0,0,0
246307,0,0,0
10859,0,0,0
149316,0,0,0
67985,0,0,0
361773,0,0,0
305713,0,0,0
350305,0,0,0
133543,0,0,0
109368,0,0,0
157361,0,0,0
249220,0,0,0
329562,0,0,0
186813,0,0,0
100915,0,0,0
29833,0,0,0
314878,0,0,0
92991,0,0,0
258676,0,0,0
407468,0,0,0
239060,0,0,0
406597,0,0,0
303680,0,0,0
210215,0,0,0
119836,0,0,0
18412,0,0,0
216591,0,0,0
187850,0,0,0
303479,0,0,0
335767,0,0,0
126406,0,0,0
312842,0,0,0
51113,0,0,0
262802,0,0,0
137983,0,0,0
118360,0,0,0
316093,0,0,0
282783,0,0,0
331325,0,0,0
74282,0,0,0
120214,0,0,0
153783,0,0,0
264327,0,0,0
231545,0,0,0
16523,0,0,0
221697,0,0,0
334902,0,0,0
240509,0,0,0
134728,0,0,0
2528,0,0,0
140180,0,0,0
328236,0,0,0
249746,0,0,0
67749,0,0,0
377080,0,0,0
291707,0,0,0
108437,0,0,0
66779,0,0,0
206874,0,0,0
279454,0,0,0
174707,0,0,0
312022,0,0,0
250330,0,0,0
340549,0,0,0
10457,0,0,0
340178,0,0,0
54877,0,0,0
290093,0,0,0
43552,0,0,0
312205,0,0,0
261947,0,0,0
86854,0,0,0
286565,0,0,0
337973,0,0,0
15565,0,0,0
79516,0,0,0
360568,0,0,0
360216,0,0,0
392090,0,0,0
26900,0,0,0
383969,0,0,0
140464,0,0,0
253770,0,0,0
14306,0,0,0
407906,0,0,0
266456,0,0,0
78292,0,0,0
204402,0,0,0
116263,0,0,0
74476,0,0,0
329747,0,0,0
40565,0,0,0
249156,0,0,0
233300,0,0,0
88355,0,0,0
218353,0,0,0
110439,0,0,0
357820,0,0,0
211163,0,0,0
12126,0,0,0
65800,0,0,0
256541,0,0,0
173926,0,0,0
273659,0,0,0
303117,0,0,0
390978,0,0,0
398126,0,0,0
271425,0,0,0
288790,0,0,0
322254,0,0,0
127081,0,0,0
210911,0,0,0
113815,0,0,0
204721,0,0,0
379639,0,0,0
4374,0,0,0
398579,0,0,0
326969,0,0,0
54727,0,0,0
59512,0,0,0
346488,0,0,0
108432,0,0,0
112548,0,0,0
66391,0,0,0
160788,0,0,0
175655,0,0,0
255081,0,0,0
207023,0,0,0
7678,0,0,0
66565,0,0,0
399600,0,0,0
75085,0,0,0
383517,0,0,0
283985,0,0,0
340023,0,0,0
324913,0,0,0
140690,0,0,0
166097,0,0,0
187770,0,0,0
43636,0,0,0
250551,0,0,0
167054,0,0,0
73235,0,0,0
302840,0,0,0
399588,0,0,0
341709,0,0,0
4254,0,0,0
185594,0,0,0
120451,0,0,0
89620,0,0,0
52505,0,0,0
268455,0,0,0
212889,0,0,0
163137,0,0,0
26811,0,0,0
50378,0,0,0
18160,0,0,0
338969,0,0,0
84504,0,0,0
407777,0,0,0
62464,0,0,0
411169,0,0,0
280431,0,0,0
115395,0,0,0
308146,0,0,0
291217,0,0,0
117106,0,0,0
264011,0,0,0
74392,0,0,0
252887,0,0,0
361925,0,0,0
210405,0,0,0
11507,0,0,0
312413,0,0,0
329619,0,0,0
390317,0,0,0
410820,0,0,0
268121,0,0,0
113384,0,0,0
185040,0,0,0
367227,0,0,0
392867,0,0,0
370448,0,0,0
273371,0,0,0
132149,0,0,0
213280,0,0,0
383250,0,0,0
191878,0,0,0
331560,0,0,0
130671,0,0,0
155202,0,0,0
216919,0,0,0
58881,0,0,0
243980,0,0,0
268856,0,0,0
63405,0,0,0
281980,0,0,0
138738,0,0,0
313725,0,0,0
148250,0,0,0
92211,0,0,0
174143,0,0,0
54682,0,0,0
386216,0,0,0
343419,0,0,0
249782,0,0,0
73018,0,0,0
14814,0,0,0
61275,0,0,0
344287,0,0,0
23917,0,0,0
21415,0,0,0
133201,0,0,0
29585,0,0,0
157171,0,0,0
708,0,0,0
177121,0,0,0
199047,0,0,0
385713,0,0,0
91370,0,0,0
399375,0,0,0
99910,0,0,0
15272,0,0,0
22706,0,0,0
342243,0,0,0
405681,0,0,0
396077,0,0,0
91999,0,0,0
151059,0,0,0
198574,0,0,0
160204,0,0,0
112095,0,0,0
188404,0,0,0
349335,0,0,0
340804,0,0,0
284021,0,0,0
203267,0,0,0
370488,0,0,0
408993,0,0,0
118166,0,0,0
236902,0,0,0
97900,0,0,0
393116,0,0,0
287672,0,0,0
391641,0,0,0
338620,0,0,0
124631,0,0,0
205015,0,0,0
400458,0,0,0
160711,0,0,0
244201,0,0,0
186141,0,0,0
19819,0,0,0
109003,0,0,0
49635,0,0,0
112625,0,0,0
144727,0,0,0
311924,0,0,0
198003,0,0,0
398383,0,0,0
294150,0,0,0
227181,0,0,0
202582,0,0,0
176654,0,0,0
405138,0,0,0
388578,0,0,0
314385,0,0,0
152865,0,0,0
85490,0,0,0
241141,0,0,0
386583,0,0,0
203730,0,0,0
323803,0,0,0
331332,0,0,0
257318,0,0,0
80026,0,0,0
98190,0,0,0
205351,0,0,0
383499,0,0,0
201775,0,0,0
304749,0,0,0
10417,0,0,0
350382,0,0,0
324337,0,0,0
187423,0,0,0
298490,0,0,0
395860,0,0,0
101565,0,0,0
361202,0,0,0
187026,0,0,0
320196,0,0,0
207981,0,0,0
345422,0,0,0
112086,0,0,0
100881,0,0,0
310719,0,0,0
127592,0,0,0
343205,0,0,0
109843,0,0,0
31983,0,0,0
358814,0,0,0
313309,0,0,0
171267,0,0,0
88659,0,0,0
256709,0,0,0
402316,0,0,0
73664,0,0,0
33177,0,0,0
111654,0,0,0
140912,0,0,0
53497,0,0,0
117288,0,0,0
254830,0,0,0
40948,0,0,0
62306,0,0,0
296444,0,0,0
321794,0,0,0
393823,0,0,0
373905,0,0,0
356709,0,0,0
299399,0,0,0
82529,0,0,0
43196,0,0,0
341536,0,0,0
195160,0,0,0
392766,0,0,0
34729,0,0,0
348386,0,0,0
117217,0,0,0
272379,0,0,0
346609,0,0,0
46404,0,0,0
251875,0,0,0
393405,0,0,0
127798,0,0,0
245062,0,0,0
88034,0,0,0
23743,0,0,0
253057,0,0,0
226896,0,0,0
225730,0,0,0
402229,0,0,0
146518,0,0,0
359742,0,0,0
199692,0,0,0
167565,0,0,0
181737,0,0,0
199802,0,0,0
394608,0,0,0
30259,0,0,0
384559,0,0,0
78919,0,0,0
38595,0,0,0
123014,0,0,0
80444,0,0,0
231206,0,0,0
389663,0,0,0
306216,0,0,0
301938,0,0,0
328842,0,0,0
63656,0,0,0
28753,0,0,0
99349,0,0,0
284982,0,0,0
389711,0,0,0
68042,0,0,0
139008,0,0,0
375312,0,0,0
204279,0,0,0
43577,0,0,0
258044,0,0,0
51990,0,0,0
325162,0,0,0
209561,0,0,0
207604,0,0,0
286077,0,0,0
9998,0,0,0
395543,0,0,0
281181,0,0,0
101389,0,0,0
87622,0,0,0
21076,0,0,0
267017,0,0,0
399975,0,0,0
169804,0,0,0
299163,0,0,0
43498,0,0,0
372731,0,0,0
262819,0,0,0
205610,0,0,0
57009,0,0,0
100717,0,0,0
82632,0,0,0
92506,0,0,0
3657,0,0,0
298025,0,0,0
171491,0,0,0
151660,0,0,0
255417,0,0,0
262223,0,0,0
265947,0,0,0
175901,0,0,0
349669,0,0,0
388084,0,0,0
329406,0,0,0
348808,0,0,0
151170,0,0,0
52416,0,0,0
27498,0,0,0
369203,0,0,0
153398,0,0,0
296956,0,0,0
57194,0,0,0
187700,0,0,0
157650,0,0,0
264620,0,0,0
237877,0,0,0
181662,0,0,0
76522,0,0,0
332914,0,0,0
395961,0,0,0
117703,0,0,0
129270,0,0,0
137540,0,0,0
343919,0,0,0
292768,0,0,0
331248,0,0,0
285176,0,0,0
123550,0,0,0
6738,0,0,0
48564,0,0,0
216813,0,0,0
39564,0,0,0
188465,0,0,0
382774,0,0,0
402230,0,0,0
405165,0,0,0
189846,0,0,0
177314,0,0,0
86744,0,0,0
169579,0,0,0
406488,0,0,0
238855,0,0,0
350703,0,0,0
146384,0,0,0
144803,0,0,0
304522,0,0,0
200976,0,0,0
233401,0,0,0
280141,0,0,0
404642,0,0,0
347122,0,0,0
228784,0,0,0
62880,0,0,0
76100,0,0,0
206717,0,0,0
378999,0,0,0
37339,0,0,0
289699,0,0,0
144267,0,0,0
268857,0,0,0
361310,0,0,0
361300,0,0,0
156202,0,0,0
287591,0,0,0
156614,0,0,0
356867,0,0,0
170845,0,0,0
244475,0,0,0
285477,0,0,0
231388,0,0,0
179103,0,0,0
32831,0,0,0
88373,0,0,0
173779,0,0,0
191086,0,0,0
73466,0,0,0
192473,0,0,0
353424,0,0,0
172881,0,0,0
28039,0,0,0
93292,0,0,0
377433,0,0,0
340749,0,0,0
56303,0,0,0
368657,0,0,0
171235,0,0,0
135715,0,0,0
283583,0,0,0
18193,0,0,0
280804,0,0,0
183352,0,0,0
178139,0,0,0
76514,0,0,0
384163,0,0,0
216713,0,0,0
146641,0,0,0
223418,0,0,0
283528,0,0,0
335093,0,0,0
268449,0,0,0
236411,0,0,0
349860,0,0,0
155039,0,0,0
97788,0,0,0
67049,0,0,0
169358,0,0,0
349024,0,0,0
136262,0,0,0
332672,0,0,0
370547,0,0,0
110549,0,0,0
333962,0,0,0
148892,0,0,0
120421,0,0,0
372217,0,0,0
365565,0,0,0
137452,0,0,0
203322,0,0,0
392812,0,0,0
64395,0,0,0
93908,0,0,0
53352,0,0,0
151153,0,0,0
31508,0,0,0
238702,0,0,0
131104,0,0,0
210789,0,0,0
39963,0,0,0
55259,0,0,0
337168,0,0,0
131634,0,0,0
216622,0,0,0
384916,0,0,0
184960,0,0,0
271045,0,0,0
301147,0,0,0
78521,0,0,0
6604,0,0,0
268332,0,0,0
294192,0,0,0
106443,0,0,0
294794,0,0,0
232706,0,0,0
396716,0,0,0
330418,0,0,0
30563,0,0,0
170453,0,0,0
353372,0,0,0
37211,0,0,0
289325,0,0,0
81006,0,0,0
54962,0,0,0
199710,0,0,0
357918,0,0,0
55973,0,0,0
229844,0,0,0
353027,0,0,0
224067,0,0,0
259134,0,0,0
41120,0,0,0
222975,0,0,0
163716,0,0,0
385945,0,0,0
337092,0,0,0
51636,0,0,0
186534,0,0,0
57516,0,0,0
7196,0,0,0
302551,0,0,0
167927,0,0,0
270092,0,0,0
23823,0,0,0
205388,0,0,0
409036,0,0,0
299239,0,0,0
223380,0,0,0
296438,0,0,0
382392,0,0,0
401376,0,0,0
263004,0,0,0
273908,0,0,0
175621,0,0,0
50677,0,0,0
253286,0,0,0
164135,0,0,0
285787,0,0,0
62571,0,0,0
246831,0,0,0
23400,0,0,0
216289,0,0,0
399677,0,0,0
247350,0,0,0
61890,0,0,0
385446,0,0,0
215018,0,0,0
89502,0,0,0
329103,0,0,0
283682,0,0,0
366777,0,0,0
341024,0,0,0
392979,0,0,0
221102,0,0,0
399932,0,0,0
333054,0,0,0
52841,0,0,0
359918,0,0,0
346118,0,0,0
18665,0,0,0
393134,0,0,0
218918,0,0,0
385441,0,0,0
14438,0,0,0
753,0,0,0
121702,0,0,0
75325,0,0,0
299190,0,0,0
186679,0,0,0
30850,0,0,0
252837,0,0,0
319405,0,0,0
286805,0,0,0
100734,0,0,0
93614,0,0,0
259020,0,0,0
21819,0,0,0
128374,0,0,0
212649,0,0,0
69856,0,0,0
230763,0,0,0
242662,0,0,0
19655,0,0,0
300955,0,0,0
91591,0,0,0
264982,0,0,0
170656,0,0,0
127713,0,0,0
113194,0,0,0
354728,0,0,0
340824,0,0,0
298875,0,0,0
398105,0,0,0
200190,0,0,0
232432,0,0,0
75420,0,0,0
211065,0,0,0
321004,0,0,0
281961,0,0,0
285852,0,0,0
125040,0,0,0
25246,0,0,0
161934,0,0,0
120347,0,0,0
111715,0,0,0
108855,0,0,0
252970,0,0,0
115719,0,0,0
341652,0,0,0
339882,0,0,0
298452,0,0,0
353899,0,0,0
94818,0,0,0
107864,0,0,0
267982,0,0,0
284002,0,0,0
33846,0,0,0
131280,0,0,0
53803,0,0,0
197802,0,0,0
305954,0,0,0
317709,0,0,0
395618,0,0,0
92302,0,0,0
304111,0,0,0
312711,0,0,0
360466,0,0,0
280998,0,0,0
242064,0,0,0
65805,0,0,0
67481,0,0,0
269072,0,0,0
194598,0,0,0
387486,0,0,0
57750,0,0,0
247335,0,0,0
39751,0,0,0
360310,0,0,0
85199,0,0,0
400639,0,0,0
163817,0,0,0
156257,0,0,0
227850,0,0,0
353868,0,0,0
106872,0,0,0
116978,0,0,0
165383,0,0,0
395537,0,0,0
266878,0,0,0
15127,0,0,0
7351,0,0,0
263676,0,0,0
179929,0,0,0
52094,0,0,0
312829,0,0,0
55911,0,0,0
256699,0,0,0
92254,0,0,0
176283,0,0,0
73778,0,0,0
48726,0,0,0
10418,0,0,0
101416,0,0,0
41272,0,0,0
212810,0,0,0
389777,0,0,0
230752,0,0,0
180676,0,0,0
12527,0,0,0
152932,0,0,0
137472,0,0,0
156047,0,0,0
151662,0,0,0
159068,0,0,0
11771,0,0,0
362769,0,0,0
155649,0,0,0
281422,0,0,0
229128,0,0,0
296410,0,0,0
234018,0,0,0
402151,0,0,0
93841,0,0,0
330151,0,0,0
343811,0,0,0
286397,0,0,0
143889,0,0,0
389889,0,0,0
195626,0,0,0
126349,0,0,0
118697,0,0,0
369245,0,0,0
314719,0,0,0
244033,0,0,0
234630,0,0,0
22527,0,0,0
177575,0,0,0
6218,0,0,0
367089,0,0,0
130047,0,0,0
270671,0,0,0
301159,0,0,0
111866,0,0,0
249099,0,0,0
12652,0,0,0
243080,0,0,0
228482,0,0,0
404528,0,0,0
186079,0,0,0
371530,0,0,0
331705,0,0,0
405204,0,0,0
110393,0,0,0
36342,0,0,0
346197,0,0,0
354076,0,0,0
56576,0,0,0
17366,0,0,0
4971,0,0,0
49696,0,0,0
258014,0,0,0
339027,0,0,0
378865,0,0,0
369372,0,0,0
237396,0,0,0
272067,0,0,0
80053,0,0,0
60869,0,0,0
296865,0,0,0
386140,0,0,0
25334,0,0,0
111263,0,0,0
52618,0,0,0
306438,0,0,0
215865,0,0,0
93299,0,0,0
263571,0,0,0
205387,0,0,0
292023,0,0,0
380254,0,0,0
295464,0,0,0
403105,0,0,0
33909,0,0,0
348291,0,0,0
174182,0,0,0
159583,0,0,0
338526,0,0,0
217957,0,0,0
132161,0,0,0
206805,0,0,0
67603,0,0,0
322100,0,0,0
205517,0,0,0
278547,0,0,0
29111,0,0,0
104216,0,0,0
325751,0,0,0
329852,0,0,0
276911,0,0,0
366839,0,0,0
90358,0,0,0
65604,0,0,0
238049,0,0,0
139011,0,0,0
60772,0,0,0
98286,0,0,0
103057,0,0,0
297173,0,0,0
274044,0,0,0
163880,0,0,0
169660,0,0,0
154034,0,0,0
205822,0,0,0
166911,0,0,0
387673,0,0,0
289925,0,0,0
327024,0,0,0
212048,0,0,0
362638,0,0,0
234606,0,0,0
96968,0,0,0
358592,0,0,0
17490,0,0,0
14834,0,0,0
58790,0,0,0
99883,0,0,0
143591,0,0,0
271151,0,0,0
84839,0,0,0
400975,0,0,0
87556,0,0,0
258920,0,0,0
29563,0,0,0
298907,0,0,0
358701,0,0,0
360000,0,0,0
393062,0,0,0
299298,0,0,0
8273,0,0,0
410765,0,0,0
167097,0,0,0
177493,0,0,0
114400,0,0,0
148865,0,0,0
152695,0,0,0
273395,0,0,0
311416,0,0,0
342893,0,0,0
159057,0,0,0
167472,0,0,0
364135,0,0,0
152336,0,0,0
155822,0,0,0
164011,0,0,0
73049,0,0,0
222987,0,0,0
188883,0,0,0
266725,0,0,0
112454,0,0,0
93056,0,0,0
21699,0,0,0
366857,0,0,0
102619,0,0,0
386801,0,0,0
342548,0,0,0
409169,0,0,0
273579,0,0,0
86781,0,0,0
380725,0,0,0
160032,0,0,0
170426,0,0,0
319314,0,0,0
86597,0,0,0
287785,0,0,0
185924,0,0,0
334365,0,0,0
372529,0,0,0
294860,0,0,0
90354,0,0,0
141995,0,0,0
155712,0,0,0
350393,0,0,0
329766,0,0,0
318837,0,0,0
353148,0,0,0
101226,0,0,0
359700,0,0,0
358948,0,0,0
330197,0,0,0
31972,0,0,0
108533,0,0,0
26065,0,0,0
290990,0,0,0
363711,0,0,0
303948,0,0,0
390521,0,0,0
79601,0,0,0
215259,0,0,0
24514,0,0,0
402863,0,0,0
350377,0,0,0
27062,0,0,0
11003,0,0,0
200423,0,0,0
131756,0,0,0
295508,0,0,0
51608,0,0,0
292787,0,0,0
318092,0,0,0
178378,0,0,0
167624,0,0,0
352288,0,0,0
267144,0,0,0
381304,0,0,0
347196,0,0,0
111304,0,0,0
89603,0,0,0
68936,0,0,0
88798,0,0,0
239606,0,0,0
310514,0,0,0
244276,0,0,0
362734,0,0,0
155644,0,0,0
207148,0,0,0
308334,0,0,0
249030,0,0,0
167615,0,0,0
379057,0,0,0
17556,0,0,0
28768,0,0,0
317124,0,0,0
41221,0,0,0
2916,0,0,0
395568,0,0,0
109419,0,0,0
1368,0,0,0
359905,0,0,0
287688,0,0,0
73907,0,0,0
370423,0,0,0
186231,0,0,0
16537,0,0,0
142386,0,0,0
331913,0,0,0
221777,0,0,0
378226,0,0,0
59522,0,0,0
75986,0,0,0
369056,0,0,0
210080,0,0,0
158065,0,0,0
60109,0,0,0
287263,0,0,0
189722,0,0,0
96476,0,0,0
85016,0,0,0
135567,0,0,0
261316,0,0,0
338042,0,0,0
376693,0,0,0
102092,0,0,0
352910,0,0,0
379903,0,0,0
21646,0,0,0
314822,0,0,0
106325,0,0,0
66571,0,0,0
23041,0,0,0
123228,0,0,0
184236,0,0,0
14909,0,0,0
133620,0,0,0
217285,0,0,0
9279,0,0,0
286403,0,0,0
110699,0,0,0
92111,0,0,0
28685,0,0,0
184133,0,0,0
259599,0,0,0
262909,0,0,0
5134,0,0,0
279698,0,0,0
338765,0,0,0
231604,0,0,0
49449,0,0,0
179192,0,0,0
78230,0,0,0
212518,0,0,0
56335,0,0,0
79551,0,0,0
382930,0,0,0
26185,0,0,0
392784,0,0,0
100123,0,0,0
87179,0,0,0
144632,0,0,0
227546,0,0,0
93573,0,0,0
247645,0,0,0
11935,0,0,0
79157,0,0,0
122090,0,0,0
356715,0,0,0
352987,0,0,0
102840,0,0,0
62987,0,0,0
78832,0,0,0
406814,0,0,0
397103,0,0,0
26124,0,0,0
163113,0,0,0
4570,0,0,0
326432,0,0,0
193486,0,0,0
335632,0,0,0
147958,0,0,0
94376,0,0,0
408659,0,0,0
119908,0,0,0
167563,0,0,0
263889,0,0,0
10307,0,0,0
356694,0,0,0
85422,0,0,0
154388,0,0,0
383538,0,0,0
243306,0,0,0
221383,0,0,0
298519,0,0,0
35112,0,0,0
387818,0,0,0
176020,0,0,0
340127,0,0,0
54883,0,0,0
17840,0,0,0
39996,0,0,0
369079,0,0,0
112716,0,0,0
313205,0,0,0
369224,0,0,0
160449,0,0,0
132874,0,0,0
354771,0,0,0
142806,0,0,0
402713,0,0,0
59942,0,0,0
6061,0,0,0
109004,0,0,0
152691,0,0,0
339703,0,0,0
9451,0,0,0
195347,0,0,0
320646,0,0,0
6886,0,0,0
173722,0,0,0
313613,0,0,0
155368,0,0,0
393121,0,0,0
346079,0,0,0
343709,0,0,0
116595,0,0,0
193804,0,0,0
151100,0,0,0
30588,0,0,0
376436,0,0,0
399244,0,0,0
332193,0,0,0
111235,0,0,0
49393,0,0,0
105271,0,0,0
51104,0,0,0
49662,0,0,0
157820,0,0,0
125065,0,0,0
168441,0,0,0
213978,0,0,0
386165,0,0,0
176597,0,0,0
355471,0,0,0
186566,0,0,0
348658,0,0,0
29389,0,0,0
238972,0,0,0
22576,0,0,0
273453,0,0,0
381476,0,0,0
125657,0,0,0
404670,0,0,0
291097,0,0,0
113105,0,0,0
273873,0,0,0
80302,0,0,0
56541,0,0,0
268587,0,0,0
34852,0,0,0
198982,0,0,0
91237,0,0,0
119793,0,0,0
326242,0,0,0
162101,0,0,0
368524,0,0,0
346987,0,0,0
411149,0,0,0
232520,0,0,0
390421,0,0,0
343898,0,0,0
81280,0,0,0
178750,0,0,0
116363,0,0,0
238632,0,0,0
219613,0,0,0
74676,0,0,0
270431,0,0,0
78186,0,0,0
56724,0,0,0
22273,0,0,0
67029,0,0,0
60990,0,0,0
125242,0,0,0
139594,0,0,0
201497,0,0,0
150674,0,0,0
190953,0,0,0
200137,0,0,0
163810,0,0,0
249716,0,0,0
233946,0,0,0
272802,0,0,0
266216,0,0,0
195059,0,0,0
17228,0,0,0
224671,0,0,0
21322,0,0,0
192406,0,0,0
56760,0,0,0
343285,0,0,0
279957,0,0,0
397479,0,0,0
22114,0,0,0
131897,0,0,0
199037,0,0,0
199128,0,0,0
294346,0,0,0
218311,0,0,0
105831,0,0,0
87615,0,0,0
165712,0,0,0
232953,0,0,0
222474,0,0,0
169244,0,0,0
40105,0,0,0
145132,0,0,0
352942,0,0,0
252566,0,0,0
3757,0,0,0
36903,0,0,0
406571,0,0,0
125169,0,0,0
256893,0,0,0
244789,0,0,0
45903,0,0,0
136905,0,0,0
144380,0,0,0
90184,0,0,0
271194,0,0,0
149271,0,0,0
280088,0,0,0
280597,0,0,0
350276,0,0,0
351736,0,0,0
251681,0,0,0
18399,0,0,0
85944,0,0,0
188248,0,0,0
171843,0,0,0
159800,0,0,0
76518,0,0,0
207856,0,0,0
200349,0,0,0
142423,0,0,0
216680,0,0,0
261897,0,0,0
351706,0,0,0
248996,0,0,0
127710,0,0,0
265085,0,0,0
2016,0,0,0
14713,0,0,0
159665,0,0,0
245124,0,0,0
275756,0,0,0
370816,0,0,0
85110,0,0,0
189505,0,0,0
123679,0,0,0
388681,0,0,0
275816,0,0,0
126838,0,0,0
166464,0,0,0
205883,0,0,0
102951,0,0,0
19707,0,0,0
172101,0,0,0
128054,0,0,0
315229,0,0,0
232248,0,0,0
234172,0,0,0
161940,0,0,0
317650,0,0,0
188923,0,0,0
403353,0,0,0
17518,0,0,0
30789,0,0,0
307673,0,0,0
49476,0,0,0
395554,0,0,0
147980,0,0,0
113,0,0,0
2883,0,0,0
189460,0,0,0
23363,0,0,0
192785,0,0,0
102086,0,0,0
144314,0,0,0
284992,0,0,0
201843,0,0,0
120661,0,0,0
193275,0,0,0
163591,0,0,0
142584,0,0,0
28062,0,0,0
182771,0,0,0
12016,0,0,0
203133,0,0,0
44878,0,0,0
147698,0,0,0
129933,0,0,0
12963,0,0,0
51973,0,0,0
304451,0,0,0
57761,0,0,0
376923,0,0,0
365515,0,0,0
325890,0,0,0
68177,0,0,0
305395,0,0,0
117672,0,0,0
409566,0,0,0
200627,0,0,0
156159,0,0,0
64683,0,0,0
144641,0,0,0
1083,0,0,0
44894,0,0,0
249253,0,0,0
78749,0,0,0
31871,0,0,0
3182,0,0,0
222699,0,0,0
229830,0,0,0
67592,0,0,0
189421,0,0,0
294116,0,0,0
270451,0,0,0
192149,0,0,0
127509,0,0,0
38606,0,0,0
2843,0,0,0
67511,0,0,0
94688,0,0,0
326162,0,0,0
364972,0,0,0
206307,0,0,0
362071,0,0,0
98225,0,0,0
403813,0,0,0
138544,0,0,0
131251,0,0,0
75650,0,0,0
120231,0,0,0
141696,0,0,0
282437,0,0,0
323444,0,0,0
100319,0,0,0
160517,0,0,0
170497,0,0,0
252644,0,0,0
175837,0,0,0
75062,0,0,0
256028,0,0,0
392346,0,0,0
407228,0,0,0
20699,0,0,0
164964,0,0,0
263268,0,0,0
30715,0,0,0
177166,0,0,0
262644,0,0,0
36048,0,0,0
27757,0,0,0
305083,0,0,0
275984,0,0,0
197619,0,0,0
306814,0,0,0
254369,0,0,0
363683,0,0,0
284102,0,0,0
13804,0,0,0
359452,0,0,0
358302,0,0,0
345904,0,0,0
31958,0,0,0
360064,0,0,0
42850,0,0,0
383643,0,0,0
227973,0,0,0
44945,0,0,0
176912,0,0,0
12857,0,0,0
94892,0,0,0
50467,0,0,0
311705,0,0,0
30032,0,0,0
252731,0,0,0
232871,0,0,0
111668,0,0,0
74529,0,0,0
4893,0,0,0
63992,0,0,0
329855,0,0,0
80578,0,0,0
10717,0,0,0
19276,0,0,0
268283,0,0,0
115056,0,0,0
389676,0,0,0
325079,0,0,0
43163,0,0,0
235781,0,0,0
132001,0,0,0
236068,0,0,0
337723,0,0,0
409676,0,0,0
202334,0,0,0
302297,0,0,0
345751,0,0,0
308538,0,0,0
90982,0,0,0
319161,0,0,0
165304,0,0,0
244357,0,0,0
327644,0,0,0
296076,0,0,0
159695,0,0,0
201875,0,0,0
175298,0,0,0
360649,0,0,0
86055,0,0,0
33905,0,0,0
119109,0,0,0
382256,0,0,0
225931,0,0,0
350400,0,0,0
161722,0,0,0
400497,0,0,0
85280,0,0,0
185408,0,0,0
205884,0,0,0
332065,0,0,0
286667,0,0,0
12878,0,0,0
207122,0,0,0
375458,0,0,0
396160,0,0,0
140630,0,0,0
148464,0,0,0
171801,0,0,0
274057,0,0,0
200449,0,0,0
273627,0,0,0
372495,0,0,0
221047,0,0,0
320242,0,0,0
304799,0,0,0
48779,0,0,0
147403,0,0,0
74023,0,0,0
160258,0,0,0
239455,0,0,0
83302,0,0,0
198997,0,0,0
249031,0,0,0
87322,0,0,0
136621,0,0,0
336803,0,0,0
337034,0,0,0
188261,0,0,0
237400,0,0,0
252230,0,0,0
93536,0,0,0
126079,0,0,0
315591,0,0,0
120817,0,0,0
69122,0,0,0
14702,0,0,0
80435,0,0,0
129222,0,0,0
168153,0,0,0
177559,0,0,0
139678,0,0,0
119534,0,0,0
348960,0,0,0
267666,0,0,0
204059,0,0,0
169391,0,0,0
224440,0,0,0
400705,0,0,0
213854,0,0,0
1831,0,0,0
96183,0,0,0
304816,0,0,0
254164,0,0,0
328747,0,0,0
269777,0,0,0
282740,0,0,0
7790,0,0,0
120183,0,0,0
143863,0,0,0
372412,0,0,0
209855,0,0,0
386872,0,0,0
66564,0,0,0
24738,0,0,0
127379,0,0,0
383606,0,0,0
286915,0,0,0
178210,0,0,0
234473,0,0,0
87691,0,0,0
339794,0,0,0
347822,0,0,0
296586,0,0,0
48053,0,0,0
30321,0,0,0
309974,0,0,0
338729,0,0,0
40056,0,0,0
50627,0,0,0
54900,0,0,0
164401,0,0,0
110270,0,0,0
210821,0,0,0
25894,0,0,0
57238,0,0,0
396,0,0,0
27226,0,0,0
106262,0,0,0
323305,0,0,0
228639,0,0,0
296610,0,0,0
57030,0,0,0
198295,0,0,0
357649,0,0,0
54439,0,0,0
296929,0,0,0
313685,0,0,0
396518,0,0,0
322517,0,0,0
257219,0,0,0
29069,0,0,0
36606,0,0,0
336766,0,0,0
97074,0,0,0
274730,0,0,0
142004,0,0,0
150230,0,0,0
268865,0,0,0
151679,0,0,0
129012,0,0,0
27407,0,0,0
84380,0,0,0
133692,0,0,0
163237,0,0,0
107630,0,0,0
154635,0,0,0
132007,0,0,0
141223,0,0,0
295303,0,0,0
62632,0,0,0
28481,0,0,0
246171,0,0,0
345744,0,0,0
51295,0,0,0
86678,0,0,0
377881,0,0,0
171229,0,0,0
394054,0,0,0
411359,0,0,0
96132,0,0,0
145633,0,0,0
39520,0,0,0
192820,0,0,0
12449,0,0,0
190495,0,0,0
97442,0,0,0
274886,0,0,0
299445,0,0,0
292077,0,0,0
123993,0,0,0
251059,0,0,0
212419,0,0,0
368043,0,0,0
379288,0,0,0
82564,0,0,0
172181,0,0,0
320197,0,0,0
293067,0,0,0
73423,0,0,0
11647,0,0,0
76362,0,0,0
203221,0,0,0
208633,0,0,0
296153,0,0,0
55622,0,0,0
379684,0,0,0
134150,0,0,0
124912,0,0,0
157784,0,0,0
59328,0,0,0
233263,0,0,0
389606,0,0,0
86451,0,0,0
82709,0,0,0
349284,0,0,0
345930,0,0,0
370899,0,0,0
97515,0,0,0
106822,0,0,0
148649,0,0,0
29958,0,0,0
296689,0,0,0
191218,0,0,0
318022,0,0,0
209380,0,0,0
206703,0,0,0
120710,0,0,0
386661,0,0,0
243861,0,0,0
18262,0,0,0
198008,0,0,0
391939,0,0,0
328495,0,0,0
34829,0,0,0
110259,0,0,0
33947,0,0,0
392793,0,0,0
46883,0,0,0
27487,0,0,0
59229,0,0,0
104032,0,0,0
246482,0,0,0
56642,0,0,0
50703,0,0,0
136516,0,0,0
132035,0,0,0
109977,0,0,0
385109,0,0,0
227711,0,0,0
135640,0,0,0
299327,0,0,0
355971,0,0,0
69188,0,0,0
27010,0,0,0
254864,0,0,0
53359,0,0,0
130956,0,0,0
323391,0,0,0
159735,0,0,0
338471,0,0,0
234576,0,0,0
88769,0,0,0
142142,0,0,0
243997,0,0,0
205851,0,0,0
50996,0,0,0
276053,0,0,0
272806,0,0,0
245782,0,0,0
86252,0,0,0
254088,0,0,0
30731,0,0,0
49168,0,0,0
280175,0,0,0
216854,0,0,0
307845,0,0,0
212784,0,0,0
332565,0,0,0
371467,0,0,0
277075,0,0,0
376632,0,0,0
157512,0,0,0
262807,0,0,0
382961,0,0,0
146141,0,0,0
177886,0,0,0
283939,0,0,0
301296,0,0,0
62337,0,0,0
138793,0,0,0
171539,0,0,0
82694,0,0,0
108444,0,0,0
247120,0,0,0
126657,0,0,0
156916,0,0,0
26909,0,0,0
370395,0,0,0
317694,0,0,0
17392,0,0,0
195058,0,0,0
141779,0,0,0
391957,0,0,0
338898,0,0,0
137338,0,0,0
213705,0,0,0
116653,0,0,0
142630,0,0,0
311261,0,0,0
369756,0,0,0
150826,0,0,0
19764,0,0,0
306419,0,0,0
141963,0,0,0
362386,0,0,0
141860,0,0,0
191679,0,0,0
248240,0,0,0
181673,0,0,0
323677,0,0,0
40949,0,0,0
244502,0,0,0
338672,0,0,0
64775,0,0,0
263765,0,0,0
165644,0,0,0
313326,0,0,0
219166,0,0,0
124458,0,0,0
351975,0,0,0
37408,0,0,0
100939,0,0,0
23362,0,0,0
132560,0,0,0
29613,0,0,0
75504,0,0,0
119202,0,0,0
259686,0,0,0
323681,0,0,0
393391,0,0,0
266945,0,0,0
156031,0,0,0
330436,0,0,0
241158,0,0,0
179150,0,0,0
240769,0,0,0
255308,0,0,0
165334,0,0,0
12983,0,0,0
406645,0,0,0
347105,0,0,0
259911,0,0,0
165130,0,0,0
116026,0,0,0
172003,0,0,0
10499,0,0,0
19287,0,0,0
105204,0,0,0
310033,0,0,0
356444,0,0,0
153444,0,0,0
372973,0,0,0
147435,0,0,0
91112,0,0,0
324772,0,0,0
207074,0,0,0
121229,0,0,0
83931,0,0,0
256922,0,0,0
332722,0,0,0
140010,0,0,0
294420,0,0,0
179939,0,0,0
49516,0,0,0
173523,0,0,0
58558,0,0,0
288099,0,0,0
387018,0,0,0
140044,0,0,0
339177,0,0,0
5144,0,0,0
321249,0,0,0
406641,0,0,0
380475,0,0,0
66778,0,0,0
386203,0,0,0
406125,0,0,0
265481,0,0,0
232138,0,0,0
358471,0,0,0
287837,0,0,0
138656,0,0,0
18689,0,0,0
54937,0,0,0
143051,0,0,0
243023,0,0,0
245932,0,0,0
183692,0,0,0
243999,0,0,0
123447,0,0,0
140195,0,0,0
287437,0,0,0
32156,0,0,0
243020,0,0,0
131952,0,0,0
232995,0,0,0
115008,0,0,0
268371,0,0,0
302770,0,0,0
388423,0,0,0
26417,0,0,0
53404,0,0,0
205412,0,0,0
51308,0,0,0
271510,0,0,0
160081,0,0,0
281555,0,0,0
158071,0,0,0
348738,0,0,0
233130,0,0,0
215424,0,0,0
134101,0,0,0
14882,0,0,0
270443,0,0,0
58468,0,0,0
192477,0,0,0
406124,0,0,0
15117,0,0,0
260841,0,0,0
364976,0,0,0
93468,0,0,0
260009,0,0,0
64666,0,0,0
129466,0,0,0
213324,0,0,0
20341,0,0,0
263140,0,0,0
154236,0,0,0
11825,0,0,0
5457,0,0,0
1288,0,0,0
84500,0,0,0
258526,0,0,0
244175,0,0,0
92864,0,0,0
303819,0,0,0
364335,0,0,0
127794,0,0,0
246811,0,0,0
252104,0,0,0
390939,0,0,0
369243,0,0,0
370135,0,0,0
246820,0,0,0
381353,0,0,0
64426,0,0,0
256812,0,0,0
14705,0,0,0
287298,0,0,0
276063,0,0,0
65128,0,0,0
274013,0,0,0
377879,0,0,0
100578,0,0,0
9048,0,0,0
169480,0,0,0
285748,0,0,0
263043,0,0,0
131925,0,0,0
307278,0,0,0
80356,0,0,0
270397,0,0,0
252310,0,0,0
172865,0,0,0
210209,0,0,0
304433,0,0,0
237849,0,0,0
319493,0,0,0
89474,0,0,0
353640,0,0,0
399825,0,0,0
184450,0,0,0
252275,0,0,0
300496,0,0,0
164444,0,0,0
146019,0,0,0
29328,0,0,0
56996,0,0,0
345562,0,0,0
402324,0,0,0
350120,0,0,0
46384,0,0,0
219300,0,0,0
363797,0,0,0
387921,0,0,0
170899,0,0,0
227781,0,0,0
206880,0,0,0
161183,0,0,0
199456,0,0,0
128088,0,0,0
276428,0,0,0
78359,0,0,0
287759,0,0,0
119215,0,0,0
379916,0,0,0
104807,0,0,0
89448,0,0,0
236673,0,0,0
29589,0,0,0
278460,0,0,0
402675,0,0,0
361326,0,0,0
47394,0,0,0
174438,0,0,0
39655,0,0,0
404509,0,0,0
43780,0,0,0
230932,0,0,0
77658,0,0,0
126729,0,0,0
108447,0,0,0
144556,0,0,0
153330,0,0,0
8591,0,0,0
293032,0,0,0
356199,0,0,0
353055,0,0,0
166065,0,0,0
346876,0,0,0
191910,0,0,0
140395,0,0,0
166538,0,0,0
145186,0,0,0
337,0,0,0
390018,0,0,0
30367,0,0,0
398336,0,0,0
397512,0,0,0
392234,0,0,0
164307,0,0,0
203474,0,0,0
309899,0,0,0
175456,0,0,0
96999,0,0,0
82281,0,0,0
306543,0,0,0
293629,0,0,0
357166,0,0,0
260764,0,0,0
319095,0,0,0
303467,0,0,0
55767,0,0,0
91295,0,0,0
249533,0,0,0
259797,0,0,0
290267,0,0,0
359881,0,0,0
61176,0,0,0
204946,0,0,0
68955,0,0,0
393254,0,0,0
171230,0,0,0
136416,0,0,0
92542,0,0,0
271718,0,0,0
166853,0,0,0
205194,0,0,0
367471,0,0,0
231933,0,0,0
408350,0,0,0
293296,0,0,0
407043,0,0,0
87685,0,0,0
282961,0,0,0
250937,0,0,0
88956,0,0,0
157762,0,0,0
174098,0,0,0
28020,0,0,0
160279,0,0,0
149396,0,0,0
203044,0,0,0
308984,0,0,0
72137,0,0,0
401671,0,0,0
347903,0,0,0
49081,0,0,0
392857,0,0,0
25958,0,0,0
376173,0,0,0
44943,0,0,0
143701,0,0,0
111368,0,0,0
388298,0,0,0
237869,0,0,0
128510,0,0,0
142885,0,0,0
362568,0,0,0
392978,0,0,0
399083,0,0,0
151826,0,0,0
303914,0,0,0
140763,0,0,0
334397,0,0,0
328943,0,0,0
370315,0,0,0
279327,0,0,0
22887,0,0,0
345391,0,0,0
250176,0,0,0
344573,0,0,0
53198,0,0,0
56932,0,0,0
14063,0,0,0
66138,0,0,0
343148,0,0,0
347297,0,0,0
137205,0,0,0
180059,0,0,0
297991,0,0,0
8148,0,0,0
282490,0,0,0
103612,0,0,0
405631,0,0,0
268454,0,0,0
403736,0,0,0
150400,0,0,0
58354,0,0,0
45259,0,0,0
109882,0,0,0
244413,0,0,0
123099,0,0,0
387429,0,0,0
12661,0,0,0
254440,0,0,0
85519,0,0,0
145386,0,0,0
387452,0,0,0
336998,0,0,0
4629,0,0,0
397102,0,0,0
273495,0,0,0
395528,0,0,0
197122,0,0,0
96699,0,0,0
260219,0,0,0
8085,0,0,0
203849,0,0,0
208911,0,0,0
373492,0,0,0
248236,0,0,0
224575,0,0,0
33398,0,0,0
245200,0,0,0
58186,0,0,0
357945,0,0,0
82478,0,0,0
225253,0,0,0
231714,0,0,0
303893,0,0,0
381001,0,0,0
103711,0,0,0
236674,0,0,0
171448,0,0,0
169011,0,0,0
164625,0,0,0
116004,0,0,0
331132,0,0,0
35083,0,0,0
188408,0,0,0
36833,0,0,0
95436,0,0,0
337789,0,0,0
225367,0,0,0
202424,0,0,0
212365,0,0,0
374226,0,0,0
70839,0,0,0
142765,0,0,0
197818,0,0,0
66534,0,0,0
187081,0,0,0
210350,0,0,0
59210,0,0,0
181862,0,0,0
266630,0,0,0
334507,0,0,0
213094,0,0,0
254357,0,0,0
373346,0,0,0
201757,0,0,0
201854,0,0,0
353573,0,0,0
25217,0,0,0
60977,0,0,0
197352,0,0,0
350916,0,0,0
178212,0,0,0
307343,0,0,0
226903,0,0,0
63509,0,0,0
22143,0,0,0
151038,0,0,0
281521,0,0,0
275136,0,0,0
104542,0,0,0
60640,0,0,0
335407,0,0,0
140544,0,0,0
241221,0,0,0
256012,0,0,0
233943,0,0,0
190196,0,0,0
59496,0,0,0
281998,0,0,0
21106,0,0,0
314873,0,0,0
144509,0,0,0
64850,0,0,0
10185,0,0,0
369782,0,0,0
396781,0,0,0
303616,0,0,0
286905,0,0,0
281052,0,0,0
371245,0,0,0
303417,0,0,0
340187,0,0,0
162073,0,0,0
7211,0,0,0
405994,0,0,0
311656,0,0,0
370871,0,0,0
90395,0,0,0
378271,0,0,0
210224,0,0,0
395902,0,0,0
2097,0,0,0
90798,0,0,0
149200,0,0,0
267255,0,0,0
251640,0,0,0
214542,0,0,0
228886,0,0,0
333660,0,0,0
24438,0,0,0
256987,0,0,0
81462,0,0,0
383605,0,0,0
196657,0,0,0
329256,0,0,0
258081,0,0,0
14777,0,0,0
7035,0,0,0
13343,0,0,0
155162,0,0,0
366971,0,0,0
92467,0,0,0
304677,0,0,0
138420,0,0,0
156803,0,0,0
66364,0,0,0
337354,0,0,0
352450,0,0,0
211657,0,0,0
216291,0,0,0
204953,0,0,0
138339,0,0,0
333202,0,0,0
238786,0,0,0
160875,0,0,0
67674,0,0,0
293936,0,0,0
101383,0,0,0
83064,0,0,0
223097,0,0,0
317771,0,0,0
195166,0,0,0
145746,0,0,0
237059,0,0,0
203962,0,0,0
193415,0,0,0
88975,0,0,0
143242,0,0,0
30122,0,0,0
26545,0,0,0
195704,0,0,0
258536,0,0,0
247966,0,0,0
333954,0,0,0
160431,0,0,0
179439,0,0,0
329967,0,0,0
393472,0,0,0
56502,0,0,0
17169,0,0,0
282382,0,0,0
395828,0,0,0
180179,0,0,0
341179,0,0,0
69151,0,0,0
319701,0,0,0
69297,0,0,0
103994,0,0,0
211,0,0,0
86221,0,0,0
207573,0,0,0
55782,0,0,0
341137,0,0,0
237500,0,0,0
53728,0,0,0
321315,0,0,0
13021,0,0,0
224629,0,0,0
192700,0,0,0
410365,0,0,0
37293,0,0,0
69646,0,0,0
119563,0,0,0
140666,0,0,0
400464,0,0,0
90396,0,0,0
193699,0,0,0
229636,0,0,0
342299,0,0,0
78274,0,0,0
5920,0,0,0
178589,0,0,0
264339,0,0,0
333440,0,0,0
355058,0,0,0
38558,0,0,0
121381,0,0,0
318292,0,0,0
280106,0,0,0
308569,0,0,0
115942,0,0,0
151916,0,0,0
219326,0,0,0
200083,0,0,0
349299,0,0,0
89249,0,0,0
108839,0,0,0
187897,0,0,0
366612,0,0,0
394937,0,0,0
221904,0,0,0
203470,0,0,0
101991,0,0,0
397781,0,0,0
89829,0,0,0
331808,0,0,0
189324,0,0,0
350926,0,0,0
25599,0,0,0
175085,0,0,0
229266,0,0,0
257564,0,0,0
324524,0,0,0
41459,0,0,0
76588,0,0,0
289498,0,0,0
271267,0,0,0
358180,0,0,0
213637,0,0,0
224068,0,0,0
235218,0,0,0
393910,0,0,0
182257,0,0,0
281176,0,0,0
385273,0,0,0
187829,0,0,0
34378,0,0,0
30857,0,0,0
41029,0,0,0
252867,0,0,0
324586,0,0,0
287678,0,0,0
277001,0,0,0
298362,0,0,0
137178,0,0,0
112419,0,0,0
386472,0,0,0
285968,0,0,0
341160,0,0,0
264098,0,0,0
162639,0,0,0
257902,0,0,0
341590,0,0,0
332320,0,0,0
394148,0,0,0
332908,0,0,0
282980,0,0,0
194846,0,0,0
367693,0,0,0
163249,0,0,0
77397,0,0,0
226569,0,0,0
87356,0,0,0
353634,0,0,0
13697,0,0,0
410445,0,0,0
140856,0,0,0
368598,0,0,0
93449,0,0,0
283519,0,0,0
153924,0,0,0
35663,0,0,0
343364,0,0,0
340096,0,0,0
175364,0,0,0
163275,0,0,0
288082,0,0,0
63510,0,0,0
128390,0,0,0
5870,0,0,0
363318,0,0,0
161971,0,0,0
139743,0,0,0
218876,0,0,0
226873,0,0,0
158807,0,0,0
212000,0,0,0
379797,0,0,0
85304,0,0,0
369327,0,0,0
311439,0,0,0
182590,0,0,0
257833,0,0,0
332012,0,0,0
408933,0,0,0
171023,0,0,0
134738,0,0,0
174367,0,0,0
273584,0,0,0
283970,0,0,0
160986,0,0,0
191312,0,0,0
25273,0,0,0
46357,0,0,0
92000,0,0,0
150372,0,0,0
19805,0,0,0
83647,0,0,0
177660,0,0,0
16999,0,0,0
175317,0,0,0
230592,0,0,0
358248,0,0,0
82981,0,0,0
402554,0,0,0
43857,0,0,0
97231,0,0,0
349409,0,0,0
51739,0,0,0
307604,0,0,0
327878,0,0,0
255109,0,0,0
313644,0,0,0
302897,0,0,0
231636,0,0,0
54158,0,0,0
330583,0,0,0
71931,0,0,0
258647,0,0,0
150768,0,0,0
110387,0,0,0
135705,0,0,0
343157,0,0,0
57432,0,0,0
207421,0,0,0
166253,0,0,0
180090,0,0,0
387365,0,0,0
114185,0,0,0
387116,0,0,0
343,0,0,0
331282,0,0,0
177672,0,0,0
57036,0,0,0
305444,0,0,0
114448,0,0,0
378288,0,0,0
237284,0,0,0
282002,0,0,0
279176,0,0,0
276886,0,0,0
53299,0,0,0
94559,0,0,0
336826,0,0,0
231258,0,0,0
50987,0,0,0
183902,0,0,0
375786,0,0,0
275451,0,0,0
387801,0,0,0
316056,0,0,0
116648,0,0,0
272604,0,0,0
352393,0,0,0
8943,0,0,0
381271,0,0,0
393203,0,0,0
375180,0,0,0
212967,0,0,0
245980,0,0,0
108885,0,0,0
289859,0,0,0
9984,0,0,0
178704,0,0,0
308514,0,0,0
324149,0,0,0
217119,0,0,0
288752,0,0,0
76122,0,0,0
72926,0,0,0
123987,0,0,0
47946,0,0,0
130179,0,0,0
204547,0,0,0
78995,0,0,0
334646,0,0,0
369839,0,0,0
262541,0,0,0
9436,0,0,0
131323,0,0,0
88406,0,0,0
131477,0,0,0
156762,0,0,0
200601,0,0,0
241267,0,0,0
368131,0,0,0
224361,0,0,0
55027,0,0,0
66874,0,0,0
312585,0,0,0
138370,0,0,0
330450,0,0,0
77680,0,0,0
395373,0,0,0
10146,0,0,0
151974,0,0,0
27111,0,0,0
172522,0,0,0
64414,0,0,0
284760,0,0,0
361155,0,0,0
267036,0,0,0
343770,0,0,0
4863,0,0,0
55198,0,0,0
138241,0,0,0
408642,0,0,0
58225,0,0,0
127397,0,0,0
209099,0,0,0
232302,0,0,0
48434,0,0,0
403071,0,0,0
327232,0,0,0
89053,0,0,0
78144,0,0,0
194316,0,0,0
209390,0,0,0
358927,0,0,0
26536,0,0,0
221713,0,0,0
390434,0,0,0
110478,0,0,0
77529,0,0,0
335195,0,0,0
326839,0,0,0
350518,0,0,0
3360,0,0,0
91236,0,0,0
70054,0,0,0
349656,0,0,0
347218,0,0,0
98690,0,0,0
363546,0,0,0
358577,0,0,0
393529,0,0,0
102165,0,0,0
261025,0,0,0
144193,0,0,0
112030,0,0,0
85535,0,0,0
94664,0,0,0
185340,0,0,0
356569,0,0,0
344598,0,0,0
134404,0,0,0
262416,0,0,0
246009,0,0,0
34555,0,0,0
307023,0,0,0
194708,0,0,0
234768,0,0,0
409956,0,0,0
357401,0,0,0
16095,0,0,0
228376,0,0,0
46501,0,0,0
43475,0,0,0
257258,0,0,0
300542,0,0,0
180178,0,0,0
19067,0,0,0
397537,0,0,0
392705,0,0,0
299102,0,0,0
357272,0,0,0
281967,0,0,0
151873,0,0,0
233797,0,0,0
225785,0,0,0
380540,0,0,0
220054,0,0,0
348667,0,0,0
329409,0,0,0
384072,0,0,0
375405,0,0,0
223881,0,0,0
62976,0,0,0
346348,0,0,0
67697,0,0,0
4385,0,0,0
163075,0,0,0
356665,0,0,0
95733,0,0,0
391310,0,0,0
174723,0,0,0
248440,0,0,0
326333,0,0,0
341732,0,0,0
305896,0,0,0
62151,0,0,0
254640,0,0,0
122984,0,0,0
326502,0,0,0
399390,0,0,0
80354,0,0,0
203345,0,0,0
190710,0,0,0
273265,0,0,0
171679,0,0,0
96461,0,0,0
166233,0,0,0
98081,0,0,0
223004,0,0,0
141273,0,0,0
395557,0,0,0
197488,0,0,0
37846,0,0,0
183403,0,0,0
385301,0,0,0
268584,0,0,0
367341,0,0,0
139363,0,0,0
9022,0,0,0
230483,0,0,0
106654,0,0,0
111551,0,0,0
38782,0,0,0
160641,0,0,0
303078,0,0,0
36118,0,0,0
151046,0,0,0
23968,0,0,0
308001,0,0,0
259144,0,0,0
27254,0,0,0
210835,0,0,0
295118,0,0,0
405742,0,0,0
189690,0,0,0
184180,0,0,0
322533,0,0,0
378438,0,0,0
63670,0,0,0
204859,0,0,0
92489,0,0,0
71994,0,0,0
379180,0,0,0
379733,0,0,0
202243,0,0,0
176663,0,0,0
60581,0,0,0
256810,0,0,0
345544,0,0,0
127340,0,0,0
394262,0,0,0
297884,0,0,0
215861,0,0,0
57940,0,0,0
48429,0,0,0
164319,0,0,0
232399,0,0,0
26495,0,0,0
94648,0,0,0
5046,0,0,0
307703,0,0,0
35668,0,0,0
304012,0,0,0
273458,0,0,0
97590,0,0,0
311027,0,0,0
367783,0,0,0
258290,0,0,0
103454,0,0,0
228609,0,0,0
236035,0,0,0
24130,0,0,0
391629,0,0,0
158515,0,0,0
356757,0,0,0
50133,0,0,0
68707,0,0,0
189711,0,0,0
92419,0,0,0
249568,0,0,0
63841,0,0,0
102765,0,0,0
51321,0,0,0
76001,0,0,0
58190,0,0,0
327057,0,0,0
215093,0,0,0
375208,0,0,0
232532,0,0,0
208249,0,0,0
288903,0,0,0
405987,0,0,0
16600,0,0,0
239498,0,0,0
205629,0,0,0
151509,0,0,0
166505,0,0,0
297278,0,0,0
199121,0,0,0
378426,0,0,0
243981,0,0,0
131033,0,0,0
138641,0,0,0
174714,0,0,0
19229,0,0,0
40428,0,0,0
199696,0,0,0
10315,0,0,0
305160,0,0,0
143157,0,0,0
400239,0,0,0
230055,0,0,0
82107,0,0,0
116468,0,0,0
400770,0,0,0
129284,0,0,0
289389,0,0,0
9286,0,0,0
76835,0,0,0
306007,0,0,0
281856,0,0,0
328022,0,0,0
78465,0,0,0
73214,0,0,0
126636,0,0,0
85040,0,0,0
84497,0,0,0
396630,0,0,0
279281,0,0,0
101126,0,0,0
165540,0,0,0
86934,0,0,0
145437,0,0,0
302125,0,0,0
345743,0,0,0
389450,0,0,0
146498,0,0,0
235236,0,0,0
299600,0,0,0
276562,0,0,0
39099,0,0,0
45693,0,0,0
108633,0,0,0
319137,0,0,0
402817,0,0,0
279431,0,0,0
283014,0,0,0
118435,0,0,0
9194,0,0,0
120332,0,0,0
221161,0,0,0
358156,0,0,0
233165,0,0,0
230624,0,0,0
37290,0,0,0
105620,0,0,0
119627,0,0,0
333133,0,0,0
193862,0,0,0
62948,0,0,0
41887,0,0,0
78945,0,0,0
80271,0,0,0
400151,0,0,0
213540,0,0,0
136548,0,0,0
190449,0,0,0
212694,0,0,0
183640,0,0,0
175937,0,0,0
134178,0,0,0
286545,0,0,0
356661,0,0,0
171692,0,0,0
310834,0,0,0
246229,0,0,0
40790,0,0,0
151328,0,0,0
166652,0,0,0
328450,0,0,0
221309,0,0,0
191079,0,0,0
234213,0,0,0
163635,0,0,0
42640,0,0,0
202542,0,0,0
288689,0,0,0
8823,0,0,0
142539,0,0,0
372547,0,0,0
224323,0,0,0
357347,0,0,0
90677,0,0,0
338127,0,0,0
44604,0,0,0
176743,0,0,0
283907,0,0,0
221799,0,0,0
363772,0,0,0
70212,0,0,0
378757,0,0,0
268419,0,0,0
160459,0,0,0
380370,0,0,0
175928,0,0,0
117227,0,0,0
22036,0,0,0
251649,0,0,0
250508,0,0,0
221786,0,0,0
286052,0,0,0
296456,0,0,0
53822,0,0,0
327728,0,0,0
184700,0,0,0
337588,0,0,0
48851,0,0,0
312597,0,0,0
39987,0,0,0
273530,0,0,0
223041,0,0,0
26968,0,0,0
240773,0,0,0
349639,0,0,0
67990,0,0,0
386607,0,0,0
230392,0,0,0
56776,0,0,0
409965,0,0,0
219560,0,0,0
157990,0,0,0
355798,0,0,0
139307,0,0,0
195028,0,0,0
91578,0,0,0
292333,0,0,0
383165,0,0,0
54939,0,0,0
81747,0,0,0
40317,0,0,0
376875,0,0,0
366027,0,0,0
224895,0,0,0
175191,0,0,0
384695,0,0,0
288021,0,0,0
133339,0,0,0
56269,0,0,0
59513,0,0,0
207210,0,0,0
196797,0,0,0
49860,0,0,0
384376,0,0,0
110055,0,0,0
289562,0,0,0
400710,0,0,0
224342,0,0,0
223840,0,0,0
24252,0,0,0
51953,0,0,0
121207,0,0,0
287957,0,0,0
351732,0,0,0
334849,0,0,0
324237,0,0,0
195285,0,0,0
130753,0,0,0
249059,0,0,0
117757,0,0,0
372523,0,0,0
20999,0,0,0
385523,0,0,0
79126,0,0,0
260733,0,0,0
28462,0,0,0
144110,0,0,0
331012,0,0,0
358254,0,0,0
388368,0,0,0
264095,0,0,0
250692,0,0,0
44491,0,0,0
315354,0,0,0
157138,0,0,0
132662,0,0,0
2929,0,0,0
77979,0,0,0
199179,0,0,0
226520,0,0,0
148562,0,0,0
137833,0,0,0
250065,0,0,0
47349,0,0,0
396047,0,0,0
22956,0,0,0
225293,0,0,0
211767,0,0,0
301429,0,0,0
406207,0,0,0
176515,0,0,0
203689,0,0,0
322859,0,0,0
195943,0,0,0
41065,0,0,0
152963,0,0,0
345500,0,0,0
350352,0,0,0
315344,0,0,0
68851,0,0,0
32580,0,0,0
164680,0,0,0
27786,0,0,0
1993,0,0,0
58920,0,0,0
137315,0,0,0
118093,0,0,0
286838,0,0,0
234639,0,0,0
135477,0,0,0
208184,0,0,0
112967,0,0,0
157177,0,0,0
283150,0,0,0
14316,0,0,0
186215,0,0,0
253019,0,0,0
344781,0,0,0
255773,0,0,0
100076,0,0,0
40865,0,0,0
383686,0,0,0
350656,0,0,0
335764,0,0,0
156515,0,0,0
210585,0,0,0
379542,0,0,0
9509,0,0,0
88460,0,0,0
76009,0,0,0
148705,0,0,0
281566,0,0,0
219744,0,0,0
5058,0,0,0
40108,0,0,0
81797,0,0,0
395427,0,0,0
248837,0,0,0
260026,0,0,0
23654,0,0,0
197224,0,0,0
368699,0,0,0
255427,0,0,0
217944,0,0,0
2392,0,0,0
221880,0,0,0
1326,0,0,0
323581,0,0,0
314070,0,0,0
195127,0,0,0
330865,0,0,0
2723,0,0,0
276660,0,0,0
28978,0,0,0
64983,0,0,0
330062,0,0,0
66557,0,0,0
375594,0,0,0
21298,0,0,0
396922,0,0,0
218131,0,0,0
17060,0,0,0
198042,0,0,0
269545,0,0,0
100591,0,0,0
92171,0,0,0
3040,0,0,0
143539,0,0,0
124987,0,0,0
44398,0,0,0
136852,0,0,0
306662,0,0,0
268445,0,0,0
202894,0,0,0
90468,0,0,0
106489,0,0,0
97167,0,0,0
349626,0,0,0
20702,0,0,0
167767,0,0,0
305658,0,0,0
213446,0,0,0
3127,0,0,0
27866,0,0,0
285900,0,0,0
279384,0,0,0
392968,0,0,0
100335,0,0,0
274344,0,0,0
162481,0,0,0
258229,0,0,0
144566,0,0,0
17736,0,0,0
261868,0,0,0
125223,0,0,0
49392,0,0,0
31160,0,0,0
104739,0,0,0
331895,0,0,0
292987,0,0,0
315579,0,0,0
298395,0,0,0
59432,0,0,0
367165,0,0,0
223144,0,0,0
236615,0,0,0
140643,0,0,0
330238,0,0,0
382795,0,0,0
5084,0,0,0
152511,0,0,0
353073,0,0,0
293231,0,0,0
6638,0,0,0
290392,0,0,0
356335,0,0,0
375560,0,0,0
52028,0,0,0
348867,0,0,0
50541,0,0,0
407505,0,0,0
10431,0,0,0
307522,0,0,0
158163,0,0,0
364771,0,0,0
8518,0,0,0
9628,0,0,0
111282,0,0,0
374399,0,0,0
59092,0,0,0
145447,0,0,0
403459,0,0,0
348694,0,0,0
241491,0,0,0
246764,0,0,0
194007,0,0,0
65646,0,0,0
122788,0,0,0
377391,0,0,0
21729,0,0,0
299854,0,0,0
321118,0,0,0
292295,0,0,0
202456,0,0,0
58258,0,0,0
301521,0,0,0
303329,0,0,0
347440,0,0,0
407603,0,0,0
46748,0,0,0
198409,0,0,0
389635,0,0,0
45928,0,0,0
286182,0,0,0
244283,0,0,0
89688,0,0,0
311421,0,0,0
356990,0,0,0
376147,0,0,0
246440,0,0,0
245184,0,0,0
261380,0,0,0
155991,0,0,0
304633,0,0,0
167394,0,0,0
68378,0,0,0
241802,0,0,0
149152,0,0,0
160703,0,0,0
14696,0,0,0
402113,0,0,0
351105,0,0,0
77820,0,0,0
180665,0,0,0
88840,0,0,0
259328,0,0,0
42362,0,0,0
280593,0,0,0
100007,0,0,0
293424,0,0,0
249767,0,0,0
100078,0,0,0
103255,0,0,0
374986,0,0,0
99669,0,0,0
387519,0,0,0
210094,0,0,0
273590,0,0,0
218682,0,0,0
368934,0,0,0
205968,0,0,0
88485,0,0,0
10736,0,0,0
341631,0,0,0
354503,0,0,0
233959,0,0,0
289105,0,0,0
293762,0,0,0
247748,0,0,0
197852,0,0,0
374331,0,0,0
298648,0,0,0
319607,0,0,0
36966,0,0,0
351392,0,0,0
121879,0,0,0
258464,0,0,0
16403,0,0,0
165345,0,0,0
124614,0,0,0
356219,0,0,0
367990,0,0,0
137463,0,0,0
355812,0,0,0
158614,0,0,0
116977,0,0,0
277533,0,0,0
188283,0,0,0
137637,0,0,0
264386,0,0,0
351036,0,0,0
228086,0,0,0
144835,0,0,0
332833,0,0,0
53778,0,0,0
242819,0,0,0
229049,0,0,0
220415,0,0,0
169089,0,0,0
229894,0,0,0
292058,0,0,0
9426,0,0,0
